Names,Time,Stack TC,Smoke TC,Exh Press,Smoke Comp,Smoke Meas,CO Meter,CO2 Meter,O2 Meter,Sample Mass,Ext Coeff,Start Test,Flame Verif
Chan Gain,,500,500,1,1,1,1,1,1,1,1,1.0,1.0
Offset,,0,0,0.13435974717140198,0,0,0,0,0,0,0,0.0,0.0
Gain,,1,1,25.01099967956543,14.441376686096191,16.181867599487305,1,1,1,1.0008983612060547,1.0148308277130127,1.0,1.0
Units,sec,C,C,Pa,%,%,%,%,%,g,/m,,
Baseline,,39.7386589050293,41.370182037353516,132.3707733154297,108.0079574584961,110.1209945678711,0.0009363784338347614,0.056183476001024246,21.012928009033203,-495.88665771484375,-0.17243672907352448,,
1,0,39.177738189697266,41.26011657714844,134.8190460205078,109.12212371826172,111.42910766601562,0.0012759290402755141,0.05982082709670067,21.011747360229492,1.5213655233383179,-0.18623870611190796,0.0,0.0
2,0.25,39.072776794433594,40.80675506591797,131.86669921875,109.12080383300781,111.38762664794922,0.0013831560499966145,0.06002280116081238,21.0115966796875,1.3712307214736938,-0.18303172290325165,0.0,0.0
3,0.5,39.05437088012695,41.11763000488281,131.063720703125,109.12388610839844,110.77725219726562,0.0014796603936702013,0.06071361526846886,21.01076316833496,1.3211859464645386,-0.13386528193950653,0.0,0.0
4,0.75,38.8261833190918,40.43172073364258,131.9140167236328,109.14195251464844,111.04095458984375,0.0015665142564103007,0.06133534759283066,21.010013580322266,1.3111767768859863,-0.153557687997818,0.0,0.0
5,1,38.449363708496094,40.25483322143555,129.96385192871094,109.14988708496094,110.71502685546875,0.0016446828376501799,0.06189490854740143,21.00933837890625,1.2811498641967773,-0.12674298882484436,0.0,0.0
6,1.25,38.872352600097656,40.607242584228516,130.72254943847656,109.1463623046875,111.12145233154297,0.001761224470101297,0.062398511916399,21.00779914855957,1.3412038087844849,-0.1596491038799286,0.0,0.0
7,1.5,39.03871536254883,40.20588684082031,128.75711059570312,109.14107513427734,110.8310775756836,0.0018661118810996413,0.06285175681114197,21.00641441345215,1.2511229515075684,-0.13678790628910065,0.0,0.0
8,1.75,38.84626388549805,40.64822769165039,128.62582397460938,109.15164947509766,110.7530517578125,0.0019605106208473444,0.0637989491224289,21.00516700744629,1.3211859464645386,-0.12965571880340576,0.0,0.0
9,2,38.923316955566406,40.652381896972656,133.32684326171875,109.16178894042969,111.18070983886719,0.002085240790620446,0.06465142220258713,21.004045486450195,1.2611318826675415,-0.1631368100643158,0.0,0.0
10,2.25,39.201107025146484,40.116416931152344,129.15248107910156,109.16796112060547,111.9826889038086,0.0021974979899823666,0.06541864573955536,21.002803802490234,1.2711409330368042,-0.2266160547733307,0.0,0.0
11,2.5,38.86577224731445,40.25526428222656,126.1810531616211,109.1529769897461,112.73578643798828,0.0022985294926911592,0.06610914319753647,21.001686096191406,1.3011678457260132,-0.28750482201576233,0.0,0.0
12,2.75,38.96661376953125,40.71793746948242,128.6464385986328,109.15914154052734,111.47997283935547,0.0023894577752798796,0.06705911457538605,21.00067901611328,1.2511229515075684,-0.1872817724943161,0.0,0.0
13,3,38.799041748046875,40.449337005615234,131.74380493164062,109.1802978515625,111.48490905761719,0.0024712933227419853,0.06791409105062485,20.999773025512695,1.2711409330368042,-0.18595100939273834,0.0,0.0
14,3.25,39.09348678588867,40.35607147216797,133.24440002441406,109.17985534667969,111.30071258544922,0.002544945338740945,0.06868357211351395,20.998958587646484,1.2210960388183594,-0.17126673460006714,0.0,0.0
15,3.5,38.80315399169922,40.79156494140625,133.92906188964844,109.18074035644531,110.86021423339844,0.0026451987214386463,0.06937610357999802,20.99822425842285,1.2311049699783325,-0.13589297235012054,0.0,0.0
16,3.75,38.703857421875,40.897953033447266,128.37928771972656,109.18294525146484,111.62318420410156,0.002735426649451256,0.07013091444969177,20.9975643157959,1.2411140203475952,-0.19676923751831055,0.0,0.0
17,4,39.14094161987305,40.820526123046875,134.41908264160156,109.20012664794922,112.36640167236328,0.0028166319243609905,0.0708102434873581,20.996971130371094,1.2311049699783325,-0.25444459915161133,0.0,0.0
18,4.25,38.90281295776367,40.70780563354492,133.62222290039062,109.1869125366211,112.21824645996094,0.0028897165320813656,0.07142164558172226,20.996437072753906,1.2311049699783325,-0.24377641081809998,0.0,0.0
19,4.5,39.26308059692383,40.85760498046875,130.7507781982422,109.19087219238281,111.00342559814453,0.0029646477196365595,0.07197190821170807,20.995956420898438,1.1910691261291504,-0.14655934274196625,0.0,0.0
20,4.75,39.17801284790039,40.2900276184082,130.9438934326172,109.20321655273438,110.77922821044922,0.0030320859514176846,0.07248906791210175,20.99552345275879,1.1910691261291504,-0.12755519151687622,0.0,0.0
21,5,39.293033599853516,40.71170425415039,130.56301879882812,109.20850372314453,111.8177490234375,0.0030927802436053753,0.07295451313257217,20.995134353637695,1.2010780572891235,-0.21018898487091064,0.0,0.0
22,5.25,39.28835678100586,41.077903747558594,130.93092346191406,109.20321655273438,111.84639739990234,0.003147405106574297,0.07337341457605362,20.994783401489258,1.1910691261291504,-0.21290037035942078,0.0,0.0
23,5.5,39.2539176940918,40.45822525024414,131.1431121826172,109.21070861816406,112.29232025146484,0.003196567529812455,0.07375042885541916,20.99446678161621,1.1810599565505981,-0.24771076440811157,0.0,0.0
24,5.75,38.90917205810547,40.9703483581543,129.83409118652344,109.2155532836914,112.10417175292969,0.0032427760306745768,0.07408973574638367,20.994182586669922,1.1810599565505981,-0.23238787055015564,0.0,0.0
25,6,39.393489837646484,40.89551544189453,131.21791076660156,109.22745513916016,111.48638916015625,0.0032843637745827436,0.07427087426185608,20.993927001953125,1.171051025390625,-0.18222473561763763,0.0,0.0
26,6.25,39.6680793762207,40.87344741821289,128.39378356933594,109.22128295898438,111.82367706298828,0.003321792697533965,0.07443390041589737,20.993696212768555,1.1610420942306519,-0.20961910486221313,0.0,0.0
27,6.5,39.49271011352539,41.32215881347656,134.18170166015625,109.22701263427734,111.20984649658203,0.003348284400999546,0.07458062469959259,20.993488311767578,1.141024112701416,-0.16015206277370453,0.0,0.0
28,6.75,39.5213508605957,41.02619934082031,131.2759246826172,109.23186492919922,111.6414566040039,0.0033721269574016333,0.07471267133951187,20.993301391601562,1.141024112701416,-0.19423902034759521,0.0,0.0
29,7,39.106689453125,41.02013397216797,134.4687042236328,109.2468490600586,111.3589859008789,0.003393585328012705,0.07467813044786453,20.993133544921875,1.1310151815414429,-0.17046570777893066,0.0,0.0
30,7.25,39.623226165771484,40.90161895751953,131.71250915527344,109.23802947998047,111.35700988769531,0.0034128976985812187,0.07464704662561417,20.992982864379883,1.1310151815414429,-0.1710265874862671,0.0,0.0
31,7.5,39.25010681152344,41.062068939208984,132.28038024902344,109.23626708984375,111.60491180419922,0.0034302789717912674,0.07461906969547272,20.992847442626953,1.1210061311721802,-0.19096572697162628,0.0,0.0
32,7.75,39.3112678527832,41.15291976928711,129.42115783691406,109.26094818115234,111.9693603515625,0.003423701971769333,0.07459388673305511,20.992725372314453,1.110997200012207,-0.21797704696655273,0.0,0.0
33,8,39.70835494995117,41.538963317871094,131.68045043945312,109.256103515625,111.77330780029297,0.0034177827183157206,0.07457122206687927,20.992847442626953,1.110997200012207,-0.2027708888053894,0.0,0.0
34,8.25,39.61612319946289,40.75004577636719,129.15476989746094,109.24111938476562,111.62367248535156,0.0034124553203582764,0.07441212981939316,20.992958068847656,1.110997200012207,-0.19206681847572327,0.0,0.0
35,8.5,39.7383918762207,41.175968170166016,128.48385620117188,109.25434112548828,111.48095703125,0.003407660871744156,0.07426895201206207,20.993057250976562,1.1009882688522339,-0.1796000897884369,0.0,0.0
36,8.75,39.55562973022461,41.21378707885742,132.307861328125,109.27593231201172,111.6567611694336,0.0033778888173401356,0.07414008677005768,20.993146896362305,1.1009882688522339,-0.1918683797121048,0.0,0.0
37,9,39.6997184753418,41.04502868652344,133.60848999023438,109.2829818725586,112.2103500366211,0.0033510939683765173,0.07402411103248596,20.993459701538086,1.1009882688522339,-0.23532122373580933,0.0,0.0
38,9.25,39.868919372558594,41.254234313964844,128.41744995117188,109.26844024658203,112.01182556152344,0.0033269785344600677,0.07378841191530228,20.993741989135742,1.070961356163025,-0.22074191272258759,0.0,0.0
39,9.5,39.72330856323242,41.28594970703125,127.5206069946289,109.2821044921875,112.154052734375,0.003305274760350585,0.07357628643512726,20.993995666503906,1.070961356163025,-0.23092509806156158,0.0,0.0
40,9.75,39.902976989746094,41.42670822143555,129.78448486328125,109.2807846069336,112.31553649902344,0.0032857412006706,0.07338537275791168,20.994224548339844,1.070961356163025,-0.243840754032135,0.0,0.0
41,10,39.488609313964844,41.00835037231445,130.28823852539062,109.29356384277344,112.76590728759766,0.003268161090090871,0.07308230549097061,20.994430541992188,1.0609521865844727,-0.27842438220977783,0.0,0.0
42,10.25,39.86650848388672,41.6671142578125,129.62266540527344,109.2909164428711,112.31158447265625,0.003229520982131362,0.07280953973531723,20.99461555480957,1.070961356163025,-0.2427021712064743,0.0,0.0
43,10.5,39.629425048828125,41.37677764892578,129.09906005859375,109.2913589477539,112.2212142944336,0.0031947449315339327,0.07256405055522919,20.994781494140625,1.070961356163025,-0.23550046980381012,0.0,0.0
44,10.75,39.832008361816406,41.34687042236328,130.3370819091797,109.2988510131836,112.14368438720703,0.0031634464394301176,0.07234311103820801,20.994932174682617,1.0509432554244995,-0.22873792052268982,0.0,0.0
45,11,40.009952545166016,41.41444396972656,130.6118621826172,109.30281829833984,111.7288589477539,0.003135277656838298,0.0721442699432373,20.995067596435547,1.0309252738952637,-0.19542458653450012,0.0,0.0
46,11.25,39.37126922607422,40.9671630859375,130.1050567626953,109.30105590820312,112.18219757080078,0.003100805915892124,0.07181227207183838,20.995189666748047,1.0209163427352905,-0.2316150665283203,0.0,0.0
47,11.5,40.052677154541016,41.375244140625,130.2691650390625,109.30149841308594,112.01972961425781,0.003069781232625246,0.07151347398757935,20.995298385620117,1.0209163427352905,-0.21867743134498596,0.0,0.0
48,11.75,40.043033599853516,41.71687316894531,133.207763671875,109.31118774414062,111.65034484863281,0.0030418590176850557,0.07124456018209457,20.995628356933594,1.0309252738952637,-0.18848536908626556,0.0,0.0
49,12,39.99158477783203,41.27104949951172,132.3330535888672,109.32044219970703,112.06368255615234,0.0030167291406542063,0.0710025355219841,20.995925903320312,1.0309252738952637,-0.2206266075372696,0.0,0.0
50,12.25,40.054386138916016,41.73862075805664,130.83932495117188,109.31780242919922,111.6434326171875,0.002983694663271308,0.07078471779823303,20.996192932128906,1.0209163427352905,-0.18739555776119232,0.0,0.0
51,12.5,40.33779525756836,41.60346984863281,129.79669189453125,109.32044219970703,112.04393005371094,0.0029539635870605707,0.07058867812156677,20.99643325805664,1.0209163427352905,-0.21905754506587982,0.0,0.0
52,12.75,39.9441032409668,41.19087600708008,131.0683135986328,109.33454895019531,111.85380554199219,0.0029272055253386497,0.07031755894422531,20.99665069580078,1.0309252738952637,-0.20279042422771454,0.0,0.0
53,13,40.491943359375,41.465763092041016,128.3930206298828,109.33631134033203,112.04541015625,0.0029031233862042427,0.07007355242967606,20.996845245361328,1.0209163427352905,-0.21788296103477478,0.0,0.0
54,13.25,40.22238540649414,41.406333923339844,132.42236328125,109.33102416992188,112.10417175292969,0.002871688222512603,0.06985394656658173,20.997020721435547,1.0109072923660278,-0.22298099100589752,0.0,0.0
55,13.5,40.10147476196289,41.30786895751953,132.4635772705078,109.32661437988281,111.91849517822266,0.002843396505340934,0.06965629756450653,20.99717903137207,1.0109072923660278,-0.20858372747898102,0.0,0.0
56,13.75,40.21904754638672,41.7795295715332,127.24735260009766,109.34424591064453,112.56639862060547,0.0028179341461509466,0.06947841495275497,20.99732208251953,1.0109072923660278,-0.25853389501571655,0.0,0.0
57,14,40.389244079589844,41.450965881347656,138.8659210205078,109.35482025146484,112.36788177490234,0.002795018022879958,0.06926006823778152,20.99744987487793,1.0008983612060547,-0.2419600933790207,0.0,0.0
58,14.25,40.0177116394043,41.791259765625,131.93309020996094,109.3407211303711,111.73133087158203,0.002774393418803811,0.06906355917453766,20.99756622314453,1.0008983612060547,-0.19253526628017426,0.0,0.0
59,14.5,40.20671081542969,41.585628509521484,134.20460510253906,109.34688568115234,112.6212158203125,0.00275583122856915,0.06888669729232788,20.997669219970703,0.9908893704414368,-0.2626529037952423,0.0,0.0
60,14.75,40.47768783569336,41.896484375,130.640869140625,109.35702514648438,112.87257385253906,0.002739125397056341,0.0687275230884552,20.99776268005371,0.9808804392814636,-0.2816736400127411,0.0,0.0
61,15,40.343284606933594,41.7071418762207,131.0019073486328,109.36319732666016,112.66615295410156,0.0027084818575531244,0.06852602958679199,20.997846603393555,0.9908893704414368,-0.2648763358592987,0.0,0.0
62,15.25,40.35767364501953,41.66798400878906,132.26817321777344,109.360107421875,111.65923309326172,0.0026809026021510363,0.06834468245506287,20.998220443725586,0.9908893704414368,-0.1852109283208847,0.0,0.0
63,15.5,40.406131744384766,41.74462890625,127.96482849121094,109.35041809082031,111.92293548583984,0.002656081458553672,0.06818147003650665,20.99855613708496,1.0008983612060547,-0.20699886977672577,0.0,0.0
64,15.75,39.894691467285156,41.55082321166992,127.86713409423828,109.3768539428711,113.02220916748047,0.0026337422896176577,0.0680345818400383,20.998859405517578,1.0109072923660278,-0.29185327887535095,0.0,0.0
65,16,40.611141204833984,41.82444381713867,128.46630859375,109.3746566772461,112.32886505126953,0.002606487600132823,0.0678805485367775,20.99913215637207,1.0008983612060547,-0.23725388944149017,0.0,0.0
66,16.25,40.565765380859375,41.697227478027344,128.194580078125,109.3587875366211,111.95997619628906,0.0025819584261626005,0.06774191558361053,20.999610900878906,1.0109072923660278,-0.20926272869110107,0.0,0.0
67,16.5,40.679542541503906,41.54902267456055,131.0858612060547,109.36848449707031,112.06368255615234,0.0025598821230232716,0.06761714816093445,21.000041961669922,1.0209163427352905,-0.21671563386917114,0.0,0.0
68,16.75,40.481040954589844,41.904273986816406,129.01585388183594,109.3852310180664,111.49972534179688,0.0025400135200470686,0.06750486046075821,21.000429153442383,1.0109072923660278,-0.17044028639793396,0.0,0.0
69,17,40.39725112915039,41.854793548583984,127.92819213867188,109.3759765625,111.67256927490234,0.002522131660953164,0.06740380078554153,21.000778198242188,1.0209163427352905,-0.1849823296070099,0.0,0.0
70,17.25,39.90530776977539,41.92450714111328,132.6024932861328,109.36627960205078,111.94318389892578,0.0025014898274093866,0.06731284409761429,21.00109100341797,1.0109072923660278,-0.20731766521930695,0.0,0.0
71,17.5,40.45753479003906,42.03699493408203,132.217041015625,109.36980438232422,111.78565216064453,0.0024829120375216007,0.06718004494905472,21.001373291015625,1.0008983612060547,-0.19449499249458313,0.0,0.0
72,17.75,40.30084991455078,41.687103271484375,129.97071838378906,109.38787841796875,111.4137954711914,0.002466192003339529,0.06706052273511887,21.00162696838379,1.0008983612060547,-0.16336160898208618,0.0,0.0
73,18,40.51457977294922,41.84550857543945,133.008544921875,109.3931655883789,111.5807113647461,0.002451143926009536,0.06695295125246048,21.001855850219727,0.9908893704414368,-0.17625802755355835,0.0,0.0
74,18.25,40.58240509033203,42.1066780090332,126.87410736083984,109.39889526367188,111.86911010742188,0.002437600865960121,0.06685613840818405,21.00206184387207,0.9808804392814636,-0.1987711489200592,0.0,0.0
75,18.5,40.600833892822266,42.1280403137207,128.59376525878906,109.38699340820312,112.16244506835938,0.002424762351438403,0.06674717366695404,21.002246856689453,0.9808804392814636,-0.22305117547512054,0.0,0.0
76,18.75,40.69530487060547,41.97694396972656,130.3798370361328,109.40505981445312,112.37528991699219,0.0024132076650857925,0.06664910912513733,21.002412796020508,0.960862398147583,-0.23845772445201874,0.0,0.0
77,19,40.604496002197266,42.10789489746094,129.36009216308594,109.38964080810547,112.79603576660156,0.0024028082843869925,0.06656084954738617,21.0025634765625,0.9508534073829651,-0.2729805111885071,0.0,0.0
78,19.25,40.437522888183594,41.99619674682617,130.38975524902344,109.40814971923828,111.5046615600586,0.002393448958173394,0.06648141890764236,21.00269889831543,0.960862398147583,-0.1689692586660385,0.0,0.0
79,19.5,40.911170959472656,41.936702728271484,130.72254943847656,109.41167449951172,111.82910919189453,0.0023850256111472845,0.06640993058681488,21.00282096862793,0.9408444762229919,-0.1945476084947586,0.0,0.0
80,19.75,40.554874420166016,41.850059509277344,131.10494995117188,109.41299438476562,112.83800506591797,0.0023761452175676823,0.06631649285554886,21.0029296875,0.960862398147583,-0.27439218759536743,0.0,0.0
81,20,40.53745651245117,42.079627990722656,129.12501525878906,109.4112319946289,112.12244415283203,0.002368152840062976,0.06623239815235138,21.003028869628906,0.9708714485168457,-0.21790364384651184,0.0,0.0
82,20.25,40.61669921875,41.74068069458008,129.95620727539062,109.40286254882812,111.56836700439453,0.0023609597701579332,0.06615670770406723,21.003116607666016,0.9508534073829651,-0.17448411881923676,0.0,0.0
83,20.5,40.765193939208984,41.74177932739258,131.4209442138672,109.40286254882812,112.12294006347656,0.0023544859141111374,0.06608858704566956,21.003196716308594,0.9408444762229919,-0.21862412989139557,0.0,0.0
84,20.75,40.9654655456543,41.766265869140625,130.13558959960938,109.41564178466797,112.13973236083984,0.002348659560084343,0.06602728366851807,21.00326919555664,0.9408444762229919,-0.21891725063323975,0.0,0.0
85,21,40.98250961303711,42.33083724975586,131.25759887695312,109.40550231933594,111.5767593383789,0.0023434157483279705,0.06595028191804886,21.003334045410156,0.9408444762229919,-0.17493918538093567,0.0,0.0
86,21.25,41.2603874206543,42.092254638671875,133.25814819335938,109.40418243408203,112.06368255615234,0.0023386962711811066,0.06588097661733627,21.00339126586914,0.9508534073829651,-0.21381068229675293,0.0,0.0
87,21.5,41.063148498535156,42.09004211425781,129.33872985839844,109.409912109375,111.42713165283203,0.002334448741748929,0.06581860780715942,21.003442764282227,0.9508534073829651,-0.1626342236995697,0.0,0.0
88,21.75,40.59897232055664,42.13214111328125,129.2135467529297,109.42048645019531,111.49824523925781,0.0023338745813816786,0.0657624751329422,21.003490447998047,0.960862398147583,-0.1674536168575287,0.0,0.0
89,22,40.84800720214844,41.892948150634766,128.9876251220703,109.40946960449219,111.9283676147461,0.002333357697352767,0.06571195274591446,21.003299713134766,0.960862398147583,-0.2026248574256897,0.0,0.0
90,22.25,41.18849182128906,42.19896697998047,132.5986785888672,109.41387939453125,112.50220489501953,0.0023328925017267466,0.06564465910196304,21.003128051757812,0.960862398147583,-0.24778825044631958,0.0,0.0
91,22.5,40.73743438720703,42.274898529052734,130.22259521484375,109.41828155517578,112.27701568603516,0.0023392452858388424,0.06558409333229065,21.00283432006836,0.9808804392814636,-0.22959378361701965,0.0,0.0
92,22.75,40.92833709716797,42.007415771484375,133.49705505371094,109.4345932006836,111.99700927734375,0.0023392452858388424,0.06552958488464355,21.00283432006836,0.9708714485168457,-0.2060382217168808,0.0,0.0
93,23,40.6707878112793,42.39275360107422,135.1907501220703,109.43106842041016,112.70763397216797,0.0023453396279364824,0.06548053026199341,21.002708435058594,0.960862398147583,-0.26263052225112915,0.0,0.0
94,23.25,40.9443473815918,42.499385833740234,128.82351684570312,109.42930603027344,112.43257141113281,0.0023508246522396803,0.06544365733861923,21.002595901489258,0.960862398147583,-0.2410217970609665,0.0,0.0
95,23.5,41.04374313354492,42.26998519897461,127.42900848388672,109.42753601074219,112.17726135253906,0.0023557611275464296,0.06541047245264053,21.00249481201172,0.9708714485168457,-0.22092849016189575,0.0,0.0
96,23.75,40.796844482421875,41.71682357788086,130.74085998535156,109.4425277709961,111.37281036376953,0.0023602040018886328,0.06538060307502747,21.002403259277344,0.9708714485168457,-0.15564008057117462,0.0,0.0
97,24,41.23894500732422,42.07081985473633,125.70858764648438,109.44605255126953,111.47552490234375,0.002373954514041543,0.06535372138023376,21.002321243286133,0.9708714485168457,-0.16355940699577332,0.0,0.0
98,24.25,41.31801223754883,42.27180099487305,130.33326721191406,109.43283081054688,112.47158813476562,0.0023863299284130335,0.06533680111169815,21.002246856689453,0.9908893704414368,-0.2438238561153412,0.0,0.0
99,24.5,41.03190231323242,42.6865119934082,131.42628479003906,109.43679809570312,112.31208038330078,0.0024074919056147337,0.06532157212495804,21.002180099487305,0.9908893704414368,-0.2308673858642578,0.0,0.0
100,24.75,41.33622741699219,42.429866790771484,136.1883544921875,109.45221710205078,111.97923278808594,0.0024074919056147337,0.0653078705072403,21.002120971679688,0.9708714485168457,-0.2031915932893753,0.0,0.0
101,25,40.661312103271484,42.54682159423828,128.86549377441406,109.44120025634766,111.88590240478516,0.002416513627395034,0.06529553234577179,21.00206756591797,0.9508534073829651,-0.19666507840156555,0.0,0.0
102,25.25,40.9471321105957,42.2076416015625,132.4818878173828,109.45001983642578,111.74664306640625,0.0024246331304311752,0.06528443098068237,21.00201988220215,0.9508534073829651,-0.1848609745502472,0.0,0.0
103,25.5,40.94959259033203,42.47917938232422,130.00735473632812,109.44429016113281,111.95997619628906,0.0024319407530128956,0.06526544690132141,21.002208709716797,0.9508534073829651,-0.20230568945407867,0.0,0.0
104,25.75,41.094581604003906,42.350433349609375,133.33447265625,109.45221710205078,111.95355224609375,0.0024385175202041864,0.06526544690132141,21.002378463745117,0.9508534073829651,-0.20115014910697937,0.0,0.0
105,26,41.045310974121094,42.7816162109375,132.4918212890625,109.4345932006836,111.8261489868164,0.002444436540827155,0.06525735557079315,21.002532958984375,0.960862398147583,-0.19244740903377533,0.0,0.0
106,26.25,41.13100051879883,42.572853088378906,131.04617309570312,109.44164276123047,112.15158081054688,0.0024432619102299213,0.06525006890296936,21.002670288085938,0.9708714485168457,-0.2177426964044571,0.0,0.0
107,26.5,41.10962677001953,43.003421783447266,129.9684295654297,109.44781494140625,112.14614868164062,0.002442204626277089,0.06519987434148788,21.00279426574707,0.9708714485168457,-0.21680912375450134,0.0,0.0
108,26.75,41.40476989746094,42.348140716552734,132.17276000976562,109.4605941772461,112.16392517089844,0.0024412532802671194,0.06515469402074814,21.002906799316406,0.960862398147583,-0.2171810269355774,0.0,0.0
109,27,41.2376594543457,42.480064392089844,128.42584228515625,109.4425277709961,113.02171325683594,0.0024331265594810247,0.06511403620243073,21.00309944152832,0.9508534073829651,-0.28647077083587646,0.0,0.0
110,27.25,41.04926300048828,42.6934814453125,131.68960571289062,109.44605255126953,112.20046997070312,0.0024331265594810247,0.06507743895053864,21.00309944152832,0.9408444762229919,-0.2212635576725006,0.0,0.0
111,27.5,41.2844123840332,42.485130310058594,129.7600555419922,109.45574188232422,112.31108856201172,0.0024265830870717764,0.06497850269079208,21.00318145751953,0.9408444762229919,-0.22924751043319702,0.0,0.0
112,27.75,41.167850494384766,42.39841842651367,129.29827880859375,109.45751190185547,111.67898559570312,0.002420694101601839,0.06497850269079208,21.003253936767578,0.9508534073829651,-0.17886056005954742,0.0,0.0
113,28,41.72386169433594,42.38439178466797,131.82318115234375,109.46147155761719,111.24441528320312,0.00240152794867754,0.06491909921169281,21.003379821777344,0.930835485458374,-0.14383088052272797,0.0,0.0
114,28.25,41.370994567871094,42.68760299682617,130.57293701171875,109.4526596069336,112.16244506835938,0.00240152794867754,0.06486564129590988,21.003379821777344,0.910817563533783,-0.21770897507667542,0.0,0.0
115,28.5,41.61736297607422,42.71669006347656,133.53598022460938,109.4685287475586,111.98368072509766,0.002389048459008336,0.06481752544641495,21.003433227539062,0.910817563533783,-0.20221884548664093,0.0,0.0
116,28.75,41.32896423339844,42.58025360107422,130.04017639160156,109.47029113769531,111.806396484375,0.002377816941589117,0.06475967168807983,21.003480911254883,0.930835485458374,-0.18797162175178528,0.0,0.0
117,29,41.51274108886719,42.882652282714844,129.8646240234375,109.46456146240234,112.12837219238281,0.0023677085991948843,0.06470760703086853,21.003524780273438,0.930835485458374,-0.2140362411737442,0.0,0.0
118,29.25,41.25669479370117,42.72952651977539,131.3461456298828,109.46456146240234,111.55750274658203,0.002339825965464115,0.06466075032949448,21.003562927246094,0.9008085131645203,-0.16859829425811768,0.0,0.0
119,29.5,41.41361618041992,42.697357177734375,131.88729858398438,109.46940612792969,112.27306365966797,0.0023147317115217447,0.06461858004331589,21.003597259521484,0.9208264946937561,-0.2251221388578415,0.0,0.0
120,29.75,41.22423553466797,42.1632080078125,133.129150390625,109.49056243896484,111.86614990234375,0.0022921469062566757,0.06459517031908035,21.003629684448242,0.9408444762229919,-0.1910795420408249,0.0,0.0
121,30,41.2718620300293,42.53353500366211,130.01727294921875,109.46411895751953,112.46417999267578,0.0022718205582350492,0.06455513834953308,21.003658294677734,0.960862398147583,-0.24069254100322723,0.0,0.0
122,30.25,41.53486633300781,42.91232681274414,127.89002990722656,109.46015167236328,112.23553466796875,0.002253526821732521,0.06455513834953308,21.00368309020996,0.9508534073829651,-0.22289828956127167,0.0,0.0
123,30.5,41.54219436645508,43.09941101074219,131.25454711914062,109.47425842285156,112.15108489990234,0.0022370624355971813,0.06453807651996613,21.003705978393555,0.9508534073829651,-0.21505050361156464,0.0,0.0
124,30.75,41.697509765625,42.70161437988281,128.83648681640625,109.47602081298828,111.99800109863281,0.002196952700614929,0.06451544165611267,21.003726959228516,0.9508534073829651,-0.20274809002876282,0.0,0.0
125,31,41.263336181640625,42.652931213378906,130.82252502441406,109.46896362304688,112.05084228515625,0.0021608539391309023,0.06447674334049225,21.003660202026367,0.9408444762229919,-0.20752081274986267,0.0,0.0
126,31.25,41.42531204223633,42.93661117553711,128.17396545410156,109.4711685180664,112.83010864257812,0.0021283652167767286,0.06447674334049225,21.003599166870117,0.9408444762229919,-0.2690371572971344,0.0,0.0
127,31.5,41.487918853759766,43.06752395629883,131.77586364746094,109.47822570800781,112.62812805175781,0.0020991251803934574,0.06446024775505066,21.003543853759766,0.9408444762229919,-0.2525131106376648,0.0,0.0
128,31.75,41.589111328125,42.75383377075195,130.52638244628906,109.47645568847656,112.92936706542969,0.002072809264063835,0.06444539874792099,21.003494262695312,0.9208264946937561,-0.27643516659736633,0.0,0.0
129,32,40.91325759887695,42.670494079589844,133.0718994140625,109.47425842285156,112.08491516113281,0.0020484768319875,0.06442476063966751,21.003450393676758,0.9208264946937561,-0.209796741604805,0.0,0.0
130,32.25,41.334083557128906,42.634376525878906,128.6082763671875,109.46808624267578,112.24146270751953,0.002026577480137348,0.06440618634223938,21.00341033935547,0.9208264946937561,-0.22272366285324097,0.0,0.0
131,32.5,41.83456039428711,42.93370056152344,128.79298400878906,109.47425842285156,112.20343780517578,0.0020068681333214045,0.06438946723937988,21.003374099731445,0.9208264946937561,-0.21920493245124817,0.0,0.0
132,32.75,41.369869232177734,42.8902587890625,130.8431396484375,109.48307037353516,111.81429290771484,0.0019891296979039907,0.0643744245171547,21.003341674804688,0.910817563533783,-0.18756084144115448,0.0,0.0
133,33,41.1771125793457,42.77938461303711,128.7242889404297,109.47293090820312,111.91602325439453,0.001984185539186001,0.06436088681221008,21.003313064575195,0.910817563533783,-0.1964806467294693,0.0,0.0
134,33.25,41.424957275390625,42.60321044921875,129.1448516845703,109.46764373779297,112.5471420288086,0.001979735679924488,0.06442099809646606,21.003286361694336,0.9208264946937561,-0.24697045981884003,0.0,0.0
135,33.5,41.813514709472656,42.948265075683594,131.02403259277344,109.4865951538086,112.29281616210938,0.0019757309928536415,0.06447509676218033,21.003263473510742,0.9208264946937561,-0.22529028356075287,0.0,0.0
136,33.75,41.59504699707031,42.96340560913086,129.72494506835938,109.46720123291016,111.9130630493164,0.0019721267744898796,0.06452378630638123,21.00324249267578,0.9208264946937561,-0.1967112123966217,0.0,0.0
137,34,41.74909210205078,42.83790588378906,133.13449096679688,109.47205352783203,111.45824432373047,0.0019792604725807905,0.06456761062145233,21.003223419189453,0.910817563533783,-0.16006506979465485,0.0,0.0
138,34.25,41.3881950378418,42.84164810180664,131.2339324951172,109.47249603271484,111.8305892944336,0.001985680777579546,0.06460705399513245,21.003206253051758,0.930835485458374,-0.1897178739309311,0.0,0.0
139,34.5,41.77149200439453,43.077335357666016,130.97900390625,109.4879150390625,112.36096954345703,0.001991458935663104,0.06467892229557037,21.003190994262695,0.9408444762229919,-0.23058421909809113,0.0,0.0
140,34.75,41.16252136230469,43.23618698120117,129.1257781982422,109.4879150390625,112.38516235351562,0.001996659440919757,0.06474360078573227,21.003177642822266,0.930835485458374,-0.2325006127357483,0.0,0.0
141,35,41.83970260620117,42.938846588134766,131.58045959472656,109.46808624267578,112.10812377929688,0.0019987449049949646,0.06480181217193604,21.003164291381836,0.930835485458374,-0.212141752243042,0.0,0.0
142,35.25,41.689170837402344,42.98307418823242,132.2101593017578,109.47513580322266,112.11800384521484,0.0020006217528134584,0.0648542046546936,21.00315284729004,0.9408444762229919,-0.21235312521457672,0.0,0.0
143,35.5,41.63520431518555,43.170127868652344,129.76463317871094,109.49143981933594,112.29232025146484,0.0020023109391331673,0.06491590291261673,21.003143310546875,0.930835485458374,-0.22485710680484772,0.0,0.0
144,35.75,41.5500373840332,42.799468994140625,131.7895965576172,109.48439025878906,111.57034301757812,0.002003831323236227,0.0649714320898056,21.00313377380371,0.930835485458374,-0.16801051795482635,0.0,0.0
145,36,41.61280822753906,43.31272888183594,130.1806182861328,109.4879150390625,112.07305908203125,0.0019922300707548857,0.06502141058444977,21.00312614440918,0.9408444762229919,-0.2077445685863495,0.0,0.0
146,36.25,41.73207473754883,42.82231140136719,132.1949005126953,109.48086547851562,112.61331176757812,0.0019817890133708715,0.0650663897395134,21.00311851501465,0.930835485458374,-0.2511272430419922,0.0,0.0
147,36.5,41.91444396972656,42.989723205566406,127.48091125488281,109.49188232421875,112.0651626586914,0.0019723919685930014,0.0650632232427597,21.003110885620117,0.930835485458374,-0.20679467916488647,0.0,0.0
148,36.75,41.901248931884766,43.13560485839844,131.76365661621094,109.48394775390625,112.18367767333984,0.001963934628292918,0.06506037712097168,21.00310516357422,0.9408444762229919,-0.21684937179088593,0.0,0.0
149,37,41.85226058959961,43.241153717041016,132.32313537597656,109.4791030883789,112.58911895751953,0.0019494727021083236,0.06505781412124634,21.003093719482422,0.930835485458374,-0.24935801327228546,0.0,0.0
150,37.25,41.76543426513672,42.98793029785156,132.4498291015625,109.47645568847656,112.41825103759766,0.0019494727021083236,0.06505550444126129,21.003093719482422,0.9208264946937561,-0.23605293035507202,0.0,0.0
151,37.5,42.01344299316406,43.20598602294922,133.5863494873047,109.48439025878906,111.66664123535156,0.001943307346664369,0.06501706689596176,21.003089904785156,0.930835485458374,-0.17569084465503693,0.0,0.0
152,37.75,41.67454528808594,43.348968505859375,132.4055633544922,109.49232482910156,112.0542984008789,0.00193775852676481,0.06498246639966965,21.00308609008789,0.930835485458374,-0.20589593052864075,0.0,0.0
153,38,41.92918395996094,43.00149154663086,125.9207763671875,109.50730895996094,112.49677276611328,0.001919155940413475,0.0649513304233551,21.003082275390625,0.9208264946937561,-0.2397603839635849,0.0,0.0
154,38.25,41.91330337524414,43.28883361816406,126.95578002929688,109.47822570800781,111.95355224609375,0.0019024136709049344,0.06492330878973007,21.00336265563965,0.910817563533783,-0.19903485476970673,0.0,0.0
155,38.5,41.94587326049805,43.65424346923828,131.33926391601562,109.49981689453125,112.2429428100586,0.001887345570139587,0.0648690015077591,21.00361442565918,0.910817563533783,-0.22026056051254272,0.0,0.0
156,38.75,42.0469970703125,43.187557220458984,131.661376953125,109.49011993408203,111.77478790283203,0.0018737843492999673,0.06482011824846268,21.003841400146484,0.9008085131645203,-0.1838420182466507,0.0,0.0
157,39,42.305992126464844,43.279876708984375,127.17713165283203,109.47645568847656,112.34022521972656,0.0018667622935026884,0.06477613002061844,21.004045486450195,0.9008085131645203,-0.22987255454063416,0.0,0.0
158,39.25,41.95877456665039,43.384796142578125,131.32095336914062,109.49232482910156,111.93231964111328,0.0018604424549266696,0.06473653763532639,21.00446319580078,0.8907995223999023,-0.1962002068758011,0.0,0.0
159,39.5,41.72314453125,43.42292022705078,130.435546875,109.50730895996094,111.9150390625,0.0018547546351328492,0.0647009015083313,21.004838943481445,0.8907995223999023,-0.19360779225826263,0.0,0.0
160,39.75,41.74191665649414,43.32720947265625,129.0082244873047,109.48307037353516,112.14812469482422,0.0018496355041861534,0.06466883420944214,21.005176544189453,0.9008085131645203,-0.21409928798675537,0.0,0.0
161,40,42.05183792114258,43.42574691772461,136.2074432373047,109.48351287841797,112.2217025756836,0.0018450283678248525,0.06461399048566818,21.00547981262207,0.9008085131645203,-0.21990159153938293,0.0,0.0
162,40.25,41.93719482421875,43.30527877807617,132.68873596191406,109.48262786865234,111.92886352539062,0.001844726619310677,0.06461399048566818,21.005752563476562,0.910817563533783,-0.1967139095067978,0.0,0.0
163,40.5,42.29743194580078,43.21038818359375,130.36227416992188,109.49320983886719,111.82960510253906,0.0018444550223648548,0.06448155641555786,21.006084442138672,0.9008085131645203,-0.1879553496837616,0.0,0.0
164,40.75,41.46147537231445,43.27307891845703,133.3688201904297,109.48615264892578,112.72689819335938,0.0018442105501890182,0.06436236947774887,21.006383895874023,0.8907995223999023,-0.25967177748680115,0.0,0.0
165,41,42.080162048339844,43.39757537841797,133.73365783691406,109.4857177734375,112.50714111328125,0.0018439905252307653,0.06425509601831436,21.00665283203125,0.9008085131645203,-0.24233631789684296,0.0,0.0
166,41.25,41.94998550415039,43.319541931152344,130.26686096191406,109.48042297363281,112.65676879882812,0.0018437925027683377,0.06415855139493942,21.006895065307617,0.9208264946937561,-0.2545980215072632,0.0,0.0
167,41.5,42.05535888671875,42.94026184082031,135.345703125,109.495849609375,112.78467559814453,0.0018423183355480433,0.0640280544757843,21.007112503051758,0.9208264946937561,-0.26344484090805054,0.0,0.0
168,41.75,42.19955825805664,43.455902099609375,131.43162536621094,109.49232482910156,112.9708480834961,0.0018409915501251817,0.0639106035232544,21.007308959960938,0.9208264946937561,-0.2784140110015869,0.0,0.0
169,42,42.1225700378418,43.81734085083008,129.2929229736328,109.48042297363281,112.76837921142578,0.0018397974781692028,0.06380490213632584,21.00748634338379,0.9208264946937561,-0.26341313123703003,0.0,0.0
170,42.25,42.072383880615234,43.21590805053711,130.05543518066406,109.48835754394531,112.86665344238281,0.0018387228483334184,0.06370977312326431,21.007644653320312,0.930835485458374,-0.2705220580101013,0.0,0.0
171,42.5,41.7108268737793,43.785072326660156,128.8723602294922,109.49805450439453,112.29035186767578,0.001831923727877438,0.06362415105104446,21.007787704467773,0.930835485458374,-0.22416332364082336,0.0,0.0
172,42.75,42.0072021484375,43.47180938720703,131.43849182128906,109.50025939941406,112.09380340576172,0.001825804589316249,0.06347484886646271,21.007917404174805,0.9208264946937561,-0.20838873088359833,0.0,0.0
173,43,42.08266067504883,43.20388412475586,128.78001403808594,109.48527526855469,112.11553192138672,0.001820297329686582,0.06334047764539719,21.008033752441406,0.9408444762229919,-0.21133212745189667,0.0,0.0
174,43.25,42.420379638671875,43.652732849121094,129.5738067626953,109.48394775390625,111.72689056396484,0.0018153408309444785,0.06321954727172852,21.00813865661621,0.9208264946937561,-0.18052813410758972,0.0,0.0
175,43.5,41.626224517822266,43.422752380371094,131.92469787597656,109.50334167480469,112.40047454833984,0.001799221383407712,0.06311070919036865,21.00823211669922,0.910817563533783,-0.23245921730995178,0.0,0.0
176,43.75,42.16102981567383,44.14390182495117,133.3031768798828,109.48439025878906,111.55997467041016,0.001799221383407712,0.0630127564072609,21.00823211669922,0.910817563533783,-0.1671832650899887,0.0,0.0
177,44,42.25246810913086,43.81930923461914,130.139404296875,109.48307037353516,111.72244262695312,0.001784713938832283,0.06285195052623749,21.008548736572266,0.9208264946937561,-0.18024548888206482,0.0,0.0
178,44.25,42.33605194091797,44.02458953857422,130.04551696777344,109.49364471435547,111.5130615234375,0.0017716571455821395,0.06270723044872284,21.008834838867188,0.9208264946937561,-0.16268664598464966,0.0,0.0
179,44.5,42.3051872253418,43.568870544433594,138.2438507080078,109.48527526855469,111.55009460449219,0.0017599060665816069,0.06257697939872742,21.009092330932617,0.9208264946937561,-0.16632258892059326,0.0,0.0
180,44.75,42.318294525146484,43.41849899291992,129.71426391601562,109.49320983886719,112.19800567626953,0.0017493300838395953,0.06245975196361542,21.009323120117188,0.910817563533783,-0.21723321080207825,0.0,0.0
181,45,42.32191467285156,43.488990783691406,130.55462646484375,109.48262786865234,112.21430206298828,0.0017281605396419764,0.062332458794116974,21.009531021118164,0.8907995223999023,-0.21938656270503998,0.0,0.0
182,45.25,41.879581451416016,43.430538177490234,128.68154907226562,109.48439025878906,111.9693603515625,0.0017091078916564584,0.062217894941568375,21.00971794128418,0.910817563533783,-0.19979071617126465,0.0,0.0
183,45.5,42.08189010620117,43.50035858154297,127.39313507080078,109.4857177734375,111.8083724975586,0.0016919606132432818,0.062114786356687546,21.009885787963867,0.9008085131645203,-0.18687428534030914,0.0,0.0
184,45.75,42.08721923828125,43.386783599853516,129.86691284179688,109.48527526855469,112.36294555664062,0.0016765280161052942,0.06202198937535286,21.010038375854492,0.9008085131645203,-0.2309555858373642,0.0,0.0
185,46,42.269954681396484,43.610897064208984,131.89492797851562,109.477783203125,112.40837097167969,0.0016606973949819803,0.06189490109682083,21.010175704956055,0.8907995223999023,-0.2351626753807068,0.0,0.0
186,46.25,42.29882049560547,43.699188232421875,135.3769989013672,109.4865951538086,112.20442199707031,0.001646449905820191,0.06178051978349686,21.010297775268555,0.8807905316352844,-0.21827992796897888,0.0,0.0
187,46.5,42.20676040649414,43.87466812133789,131.12936401367188,109.49320983886719,112.68541717529297,0.0016336271073669195,0.06167757511138916,21.010408401489258,0.8807905316352844,-0.25582170486450195,0.0,0.0
188,46.75,42.361656188964844,43.94023132324219,126.77870178222656,109.4791030883789,112.42615509033203,0.0016220866236835718,0.06167757511138916,21.010507583618164,0.8907995223999023,-0.2364637702703476,0.0,0.0
189,47,42.02295684814453,43.90209197998047,132.21856689453125,109.48086547851562,113.21430969238281,0.0016091122524812818,0.06158492714166641,21.010597229003906,0.9008085131645203,-0.29850977659225464,0.0,0.0
190,47.25,42.09881591796875,44.034263610839844,130.86985778808594,109.4865951538086,112.84590911865234,0.0015974353300407529,0.06150154396891594,21.010677337646484,0.9008085131645203,-0.2690294682979584,0.0,0.0
191,47.5,42.64225769042969,43.709434509277344,126.31844329833984,109.49056243896484,112.41627502441406,0.00158692616969347,0.06138293445110321,21.01074981689453,0.8807905316352844,-0.2347497195005417,0.0,0.0
192,47.75,42.19407653808594,44.03131103515625,127.61296081542969,109.47689819335938,111.8044204711914,0.0015774678904563189,0.061276186257600784,21.010814666748047,0.8907995223999023,-0.1872768998146057,0.0,0.0
193,48,42.377288818359375,43.762718200683594,127.92819213867188,109.48086547851562,111.95503997802734,0.001565073966048658,0.06118011102080345,21.010873794555664,0.8807905316352844,-0.19893881678581238,0.0,0.0
194,48.25,42.32930374145508,43.931678771972656,132.14146423339844,109.49143981933594,112.78121948242188,0.0015539195155724883,0.06109364330768585,21.011159896850586,0.8907995223999023,-0.2635306417942047,0.0,0.0
195,48.5,42.36668395996094,43.72535705566406,131.28050231933594,109.4879150390625,111.7110824584961,0.0015438804402947426,0.06101582199335098,21.011417388916016,0.910817563533783,-0.1789461076259613,0.0,0.0
196,48.75,42.43753433227539,44.28184127807617,131.0896759033203,109.4786605834961,112.21430206298828,0.0015348453307524323,0.06088044494390488,21.011648178100586,0.910817563533783,-0.21970905363559723,0.0,0.0
197,49,42.110984802246094,43.71809387207031,130.5904998779297,109.4857177734375,112.23997497558594,0.0015196000458672643,0.06075860559940338,21.011856079101562,0.9208264946937561,-0.22117164731025696,0.0,0.0
198,49.25,42.423728942871094,44.19380569458008,129.7921142578125,109.477783203125,112.20244598388672,0.0015058793360367417,0.060648951679468155,21.012042999267578,0.9208264946937561,-0.21884001791477203,0.0,0.0
199,49.5,42.48269271850586,43.902130126953125,130.20123291015625,109.4879150390625,112.42664337158203,0.0014935306971892715,0.0605502650141716,21.0122127532959,0.9208264946937561,-0.23578596115112305,0.0,0.0
200,49.75,41.98774337768555,43.918888092041016,128.21746826171875,109.47602081298828,112.28590393066406,0.0014824168756604195,0.06043967232108116,21.012365341186523,0.9008085131645203,-0.22560212016105652,0.0,0.0
201,50,42.150611877441406,43.557064056396484,129.05325317382812,109.47029113769531,111.75601959228516,0.0014724144712090492,0.060340140014886856,21.012502670288086,0.910817563533783,-0.18395957350730896,0.0,0.0
202,50.25,42.464111328125,44.161354064941406,130.99349975585938,109.48086547851562,111.81034088134766,0.0014537157258018851,0.06025056168437004,21.012624740600586,0.9008085131645203,-0.1874253898859024,0.0,0.0
203,50.5,42.42327880859375,44.12202453613281,132.1277313232422,109.48130798339844,112.08738708496094,0.001436886959709227,0.06016993895173073,21.01273536682129,0.8907995223999023,-0.20941972732543945,0.0,0.0
204,50.75,42.41968536376953,43.562870025634766,128.5701141357422,109.4685287475586,111.86713409423828,0.0014217409770935774,0.06009012088179588,21.012834548950195,0.9008085131645203,-0.19294950366020203,0.0,0.0
205,51,42.45197677612305,43.99473571777344,131.36598205566406,109.47602081298828,112.09676361083984,0.001408109674230218,0.06001828610897064,21.012924194335938,0.910817563533783,-0.2105942815542221,0.0,0.0
206,51.25,42.32497024536133,43.86343765258789,130.5111083984375,109.47602081298828,111.9278793334961,0.00139584147837013,0.059953633695840836,21.013004302978516,0.9008085131645203,-0.1971728354692459,0.0,0.0
207,51.5,41.96588897705078,43.77223205566406,130.966796875,109.4791030883789,112.44442749023438,0.0013848000671714544,0.05989544838666916,21.013076782226562,0.8907995223999023,-0.23791055381298065,0.0,0.0
208,51.75,42.327754974365234,43.6299934387207,130.39585876464844,109.46764373779297,112.51701354980469,0.0013748628553003073,0.05984308198094368,21.013141632080078,0.9008085131645203,-0.24458681046962738,0.0,0.0
209,52,42.51787567138672,43.559906005859375,132.82688903808594,109.47381591796875,112.0587387084961,0.0013536445330828428,0.05979594960808754,21.013200759887695,0.8807905316352844,-0.20775379240512848,0.0,0.0
210,52.25,42.080909729003906,43.906394958496094,131.50108337402344,109.4791030883789,112.19651794433594,0.001334547996520996,0.059753529727458954,21.013254165649414,0.8907995223999023,-0.2182619720697403,0.0,0.0
211,52.5,42.927486419677734,44.03452682495117,129.65701293945312,109.47205352783203,111.79947662353516,0.0013173611368983984,0.059715352952480316,21.013301849365234,0.9008085131645203,-0.1872768998146057,0.0,0.0
212,52.75,42.284793853759766,43.96145248413086,130.48898315429688,109.46720123291016,112.30516052246094,0.0013018929166719317,0.05963745340704918,21.01334571838379,0.8907995223999023,-0.2278456836938858,0.0,0.0
213,53,42.453392028808594,44.0466423034668,130.23634338378906,109.46279907226562,113.22615814208984,0.0012834512162953615,0.059567343443632126,21.013383865356445,0.9008085131645203,-0.3009101152420044,0.0,0.0
214,53.25,42.618751525878906,43.975643157958984,130.2470245361328,109.4711685180664,112.9382553100586,0.0012668536510318518,0.05950424447655678,21.013418197631836,0.8907995223999023,-0.27756547927856445,0.0,0.0
215,53.5,42.629180908203125,44.01130294799805,130.46607971191406,109.46543884277344,112.25232696533203,0.0012519158190116286,0.059447456151247025,21.01344871520996,0.8907995223999023,-0.223800390958786,0.0,0.0
216,53.75,42.325599670410156,43.776405334472656,132.2200927734375,109.45751190185547,112.25479125976562,0.0012384718284010887,0.05939634516835213,21.013477325439453,0.8907995223999023,-0.22464053332805634,0.0,0.0
217,54,42.44877624511719,43.59040832519531,126.81304931640625,109.46632385253906,112.26763153076172,0.0012244351673871279,0.05935034528374672,21.01350212097168,0.9008085131645203,-0.22494198381900787,0.0,0.0
218,54.25,42.80637741088867,43.93878173828125,129.17538452148438,109.46456146240234,112.67208099365234,0.0012118021259084344,0.05925089865922928,21.013525009155273,0.9008085131645203,-0.25709739327430725,0.0,0.0
219,54.5,42.53586959838867,44.01909637451172,128.89602661132812,109.45662689208984,112.28392791748047,0.0012004324235022068,0.05916139855980873,21.013545989990234,0.9008085131645203,-0.22702264785766602,0.0,0.0
220,54.75,42.39297103881836,44.072452545166016,131.6514434814453,109.45354461669922,111.57034301757812,0.001190199633128941,0.05908084660768509,21.013565063476562,0.9008085131645203,-0.170518696308136,0.0,0.0
221,55,42.40296173095703,44.19085693359375,132.29641723632812,109.45618438720703,111.4937973022461,0.0011803442612290382,0.05900834873318672,21.013582229614258,0.8907995223999023,-0.16419446468353271,0.0,0.0
222,55.25,42.28000259399414,44.029457092285156,129.78753662109375,109.45883178710938,112.0365219116211,0.0011714744614437222,0.05894310027360916,21.013830184936523,0.8907995223999023,-0.20720688998699188,0.0,0.0
223,55.5,42.8950309753418,44.135772705078125,131.45147705078125,109.45838928222656,112.52442169189453,0.0011634916299954057,0.058869868516922,21.014053344726562,0.8707816004753113,-0.24592582881450653,0.0,0.0
224,55.75,42.67081832885742,43.76027297973633,130.085205078125,109.46543884277344,112.20343780517578,0.0011563070584088564,0.05880396068096161,21.014253616333008,0.8707816004753113,-0.2199222594499588,0.0,0.0
225,56,42.799434661865234,43.8724250793457,129.03189086914062,109.4517822265625,111.97380065917969,0.001149841002188623,0.0587446428835392,21.014434814453125,0.8807905316352844,-0.20279531180858612,0.0,0.0
226,56.25,42.349266052246094,43.95157241821289,131.52627563476562,109.46279907226562,111.7436752319336,0.001140148495323956,0.05869125574827194,21.014596939086914,0.8807905316352844,-0.1835852712392807,0.0,0.0
227,56.5,42.83055877685547,44.231754302978516,130.3218231201172,109.46456146240234,113.3812255859375,0.0011314252624288201,0.05864320695400238,21.01474380493164,0.8907995223999023,-0.31295058131217957,0.0,0.0
228,56.75,42.696876525878906,43.8278923034668,130.41952514648438,109.44737243652344,112.71751403808594,0.0011235743295401335,0.05857095122337341,21.014875411987305,0.8807905316352844,-0.26208460330963135,0.0,0.0
229,57,42.64906692504883,43.74007034301758,132.4689178466797,109.44648742675781,112.1629409790039,0.0011165085015818477,0.05850591883063316,21.01499366760254,0.8707816004753113,-0.21825000643730164,0.0,0.0
230,57.25,42.76944351196289,44.21528625488281,131.5003204345703,109.4605941772461,112.08293914794922,0.0011082125129178166,0.05844739079475403,21.015100479125977,0.8707816004753113,-0.21075129508972168,0.0,0.0
231,57.5,42.76061248779297,45.063194274902344,133.10777282714844,109.44869232177734,111.39651489257812,0.0011007460998371243,0.05839471518993378,21.015195846557617,0.8707816004753113,-0.1570332944393158,0.0,0.0
232,57.75,42.652366638183594,43.643775939941406,134.21681213378906,109.44296264648438,111.88392639160156,0.00109402637463063,0.058340054005384445,21.015281677246094,0.8807905316352844,-0.19636458158493042,0.0,0.0
233,58,42.82972717285156,43.98141860961914,132.85589599609375,109.44648742675781,111.68244171142578,0.0010879785986617208,0.05829085782170296,21.01535987854004,0.8807905316352844,-0.18003270030021667,0.0,0.0
234,58.25,42.428932189941406,44.26133728027344,129.33949279785156,109.4605941772461,112.5649185180664,0.0010825356002897024,0.05824658274650574,21.015430450439453,0.8807905316352844,-0.24894928932189941,0.0,0.0
235,58.5,42.538368225097656,44.03348159790039,127.1588134765625,109.44340515136719,111.8523178100586,0.0010789278894662857,0.05820673331618309,21.015493392944336,0.8807905316352844,-0.19381330907344818,0.0,0.0
236,58.75,42.89337158203125,44.12966537475586,133.53140258789062,109.44208526611328,111.86812591552734,0.0010756809497252107,0.05816361680626869,21.01555061340332,0.8907995223999023,-0.19517889618873596,0.0,0.0
237,59,43.019813537597656,44.056968688964844,132.06590270996094,109.43238830566406,111.5224380493164,0.001072758692316711,0.058124810457229614,21.015602111816406,0.8907995223999023,-0.16841661930084229,0.0,0.0
238,59.25,42.98090362548828,44.482906341552734,132.30252075195312,109.44384765625,111.84540557861328,0.0010701287537813187,0.058089885860681534,21.015647888183594,0.8607726097106934,-0.1932271420955658,0.0,0.0
239,59.5,42.653564453125,44.17082214355469,131.0576171875,109.43943786621094,111.22712707519531,0.0010677617974579334,0.05805845186114311,21.015689849853516,0.8707816004753113,-0.14423909783363342,0.0,0.0
240,59.75,42.531593322753906,44.185646057128906,130.80726623535156,109.43415069580078,111.79256439208984,0.0010662772692739964,0.058008402585983276,21.015727996826172,0.8707816004753113,-0.18980947136878967,0.0,0.0
241,60,42.74931335449219,44.23237609863281,131.30262756347656,109.4350357055664,111.73528289794922,0.0010649411706253886,0.05796336010098457,21.015762329101562,0.8707816004753113,-0.1851746290922165,0.0,0.0
242,60.25,42.863670349121094,43.970767974853516,130.03941345214844,109.43415069580078,112.21824645996094,0.0010637387167662382,0.05792282149195671,21.015792846679688,0.8807905316352844,-0.22364206612110138,0.0,0.0
243,60.5,42.74478530883789,44.204078674316406,133.63902282714844,109.4359130859375,112.1673812866211,0.001062656519934535,0.057886335998773575,21.015819549560547,0.8707816004753113,-0.21946270763874054,0.0,0.0
244,60.75,42.358795166015625,44.37544250488281,131.20416259765625,109.43194580078125,111.59454345703125,0.001061682472936809,0.05785350129008293,21.015844345092773,0.8607726097106934,-0.17420652508735657,0.0,0.0
245,61,42.891483306884766,44.06694030761719,129.96690368652344,109.44429016113281,111.90812683105469,0.0010608058655634522,0.057802192866802216,21.015865325927734,0.8707816004753113,-0.19818192720413208,0.0,0.0
246,61.25,42.48435974121094,44.24837112426758,130.8805389404297,109.4425277709961,111.67207336425781,0.001060016918927431,0.05775601416826248,21.015884399414062,0.8707816004753113,-0.17952808737754822,0.0,0.0
247,61.5,42.85022735595703,44.36872100830078,132.22543334960938,109.43326568603516,111.9935531616211,0.0010599521920084953,0.05771445482969284,21.015901565551758,0.8807905316352844,-0.20587150752544403,0.0,0.0
248,61.75,42.895835876464844,44.19902420043945,133.5046844482422,109.42886352539062,112.09034729003906,0.0010598939843475819,0.057677049189805984,21.015830993652344,0.8707816004753113,-0.213920459151268,0.0,0.0
249,62,42.75729751586914,43.718833923339844,131.40719604492188,109.43150329589844,112.58171081542969,0.0010598415974527597,0.057643383741378784,21.01576805114746,0.8707816004753113,-0.2526435852050781,0.0,0.0
250,62.25,42.691532135009766,44.2458381652832,131.08815002441406,109.42930603027344,112.718994140625,0.0010597944492474198,0.05760583281517029,21.015710830688477,0.8607726097106934,-0.2636711001396179,0.0,0.0
251,62.5,42.84479522705078,43.98451232910156,131.03396606445312,109.42224884033203,111.70367431640625,0.001059751957654953,0.05757203698158264,21.01565933227539,0.8607726097106934,-0.18369629979133606,0.0,0.0
252,62.75,42.86007308959961,44.43793869018555,128.88458251953125,109.41651916503906,112.77479553222656,0.001053259358741343,0.057541623711586,21.015613555908203,0.8707816004753113,-0.26911696791648865,0.0,0.0
253,63,42.714229583740234,43.849708557128906,131.3064422607422,109.43283081054688,113.10171508789062,0.0010474161244928837,0.0575142502784729,21.01557159423828,0.8707816004753113,-0.29355865716934204,0.0,0.0
254,63.25,42.785701751708984,44.14692306518555,129.81423950195312,109.43018341064453,112.50466918945312,0.0010421571787446737,0.05748961493372917,21.015533447265625,0.8807905316352844,-0.2466573268175125,0.0,0.0
255,63.5,42.92500686645508,44.385528564453125,130.97518920898438,109.43415069580078,113.10221099853516,0.001037424081005156,0.057467442005872726,21.015499114990234,0.8807905316352844,-0.29349011182785034,0.0,0.0
256,63.75,43.115142822265625,44.06909942626953,129.41123962402344,109.40946960449219,112.56195831298828,0.001028647879138589,0.057447485625743866,21.01546859741211,0.8707816004753113,-0.2528739273548126,0.0,0.0
257,64,42.522560119628906,44.236106872558594,129.09677124023438,109.40726470947266,112.5649185180664,0.0010207492159679532,0.05742952600121498,21.01544189453125,0.8707816004753113,-0.25328773260116577,0.0,0.0
258,64.25,42.7864875793457,44.79661560058594,130.58592224121094,109.42224884033203,112.24689483642578,0.0010136404307559133,0.057413361966609955,21.015417098999023,0.8807905316352844,-0.22688275575637817,0.0,0.0
259,64.5,43.00493621826172,44.44313049316406,130.95457458496094,109.40594482421875,111.53675842285156,0.0010072425939142704,0.05739881470799446,21.015396118164062,0.8807905316352844,-0.17171084880828857,0.0,0.0
260,64.75,42.94392013549805,44.282711029052734,129.8134765625,109.4112319946289,112.52787780761719,0.0010014844592660666,0.05738572031259537,21.015377044677734,0.8607726097106934,-0.25003522634506226,0.0,0.0
261,65,43.13738250732422,44.28142166137695,129.57992553710938,109.41255187988281,111.98614501953125,0.0009963022312149405,0.05737393721938133,21.01535987854004,0.8607726097106934,-0.20696792006492615,0.0,0.0
262,65.25,42.6461181640625,44.8405647277832,131.81173706054688,109.41035461425781,112.50664520263672,0.0009916381677612662,0.05736333131790161,21.015344619750977,0.8607726097106934,-0.24842660129070282,0.0,0.0
263,65.5,42.780155181884766,44.38335037231445,128.24342346191406,109.40902709960938,111.91404724121094,0.0009874405805021524,0.05735378712415695,21.015329360961914,0.8607726097106934,-0.20152191817760468,0.0,0.0
264,65.75,42.75640869140625,44.30332565307617,129.02960205078125,109.40902709960938,112.41380310058594,0.0009836626704782248,0.0573451966047287,21.015316009521484,0.8607726097106934,-0.24118536710739136,0.0,0.0
265,66,42.75624084472656,44.34313201904297,130.72178649902344,109.4112319946289,112.29084014892578,0.0009802625281736255,0.05733746662735939,21.015304565429688,0.8507636189460754,-0.23126327991485596,0.0,0.0
266,66.25,42.79149627685547,44.71105194091797,131.09730529785156,109.4191665649414,111.850341796875,0.0009739772067405283,0.057345010340213776,21.01529312133789,0.8507636189460754,-0.19562797248363495,0.0,0.0
267,66.5,42.798095703125,44.37303161621094,129.87225341796875,109.39801025390625,111.90763092041016,0.0009683204116299748,0.05735180154442787,21.015283584594727,0.8507636189460754,-0.20190782845020294,0.0,0.0
268,66.75,42.73180389404297,44.344093322753906,131.474365234375,109.4006576538086,112.90516662597656,0.0009632292785681784,0.05735791102051735,21.015275955200195,0.8507636189460754,-0.28069281578063965,0.0,0.0
269,67,42.57156753540039,44.258155822753906,133.6687774658203,109.40902709960938,112.2651596069336,0.0009586472879163921,0.05736340954899788,21.015268325805664,0.8607726097106934,-0.22940649092197418,0.0,0.0
270,67.25,42.5279426574707,44.81610870361328,128.12969970703125,109.40770721435547,111.50367736816406,0.0009454952087253332,0.05736111104488373,21.015260696411133,0.8607726097106934,-0.16892708837985992,0.0,0.0
271,67.5,43.203792572021484,44.2794075012207,128.6670379638672,109.4019775390625,111.5545425415039,0.0009336583316326141,0.05735903978347778,21.015254974365234,0.8507636189460754,-0.17345282435417175,0.0,0.0
272,67.75,43.042144775390625,44.4194450378418,130.24473571777344,109.40462493896484,111.77528381347656,0.0009230051655322313,0.05735717713832855,21.015249252319336,0.8507636189460754,-0.1908356100320816,0.0,0.0
273,68,42.957881927490234,44.6960563659668,129.4318389892578,109.38787841796875,112.3259048461914,0.0009134173160418868,0.057355500757694244,21.015243530273438,0.8407545685768127,-0.23594285547733307,0.0,0.0
274,68.25,42.7254524230957,44.6362190246582,129.17767333984375,109.4107894897461,111.74861907958984,0.0008951195632107556,0.05735399201512337,21.015239715576172,0.8507636189460754,-0.18821007013320923,0.0,0.0
275,68.5,43.08595275878906,44.67402648925781,135.9357147216797,109.3847885131836,111.9066390991211,0.0008786515682004392,0.057323627173900604,21.015235900878906,0.8607726097106934,-0.20290496945381165,0.0,0.0
276,68.75,42.82575607299805,44.504756927490234,132.84368896484375,109.38214874267578,112.1668930053711,0.0008638303843326867,0.05729629844427109,21.01523208618164,0.8807905316352844,-0.2237982153892517,0.0,0.0
277,69,43.081478118896484,44.73339080810547,128.3075408935547,109.39624786376953,113.1664047241211,0.0008504912839271128,0.05727170407772064,21.015228271484375,0.8607726097106934,-0.3016252815723419,0.0,0.0
278,69.25,42.86466598510742,44.58073425292969,132.22695922851562,109.3847885131836,111.62911224365234,0.0008320434717461467,0.05724956840276718,21.01522445678711,0.8707816004753113,-0.18080049753189087,0.0,0.0
279,69.5,43.023284912109375,44.41840362548828,134.0672149658203,109.37553405761719,111.39997100830078,0.0008320434717461467,0.05722964555025101,21.01522445678711,0.8707816004753113,-0.16326163709163666,0.0,0.0
280,69.75,42.83686447143555,44.51435470581055,131.73312377929688,109.38214874267578,111.85923767089844,0.0008154404349625111,0.057182710617780685,21.01545524597168,0.8707816004753113,-0.19934791326522827,0.0,0.0
281,70,43.33367156982422,44.39140701293945,129.59442138671875,109.3931655883789,112.79652404785156,0.0008004977134987712,0.057140469551086426,21.015661239624023,0.8707816004753113,-0.27273207902908325,0.0,0.0
282,70.25,42.97078323364258,44.71787643432617,130.6538543701172,109.37818145751953,111.94417572021484,0.0007870492991060019,0.05710245296359062,21.01584815979004,0.8807905316352844,-0.20642811059951782,0.0,0.0
283,70.5,43.251976013183594,44.367698669433594,133.09938049316406,109.37421417236328,112.01676940917969,0.0007697926484979689,0.05706823989748955,21.016016006469727,0.8907995223999023,-0.21252159774303436,0.0,0.0
284,70.75,42.71493148803711,44.627197265625,128.90060424804688,109.37377166748047,112.08491516113281,0.0007542616222053766,0.057030197232961655,21.01616668701172,0.8807905316352844,-0.21797160804271698,0.0,0.0
285,71,43.204227447509766,44.38682174682617,130.37754821777344,109.37994384765625,112.14219665527344,0.0007402837509289384,0.05699595808982849,21.01630210876465,0.8807905316352844,-0.22201751172542572,0.0,0.0
286,71.25,43.23454666137695,44.73039627075195,134.79461669921875,109.37862396240234,111.59750366210938,0.0007277036202140152,0.056965142488479614,21.01642417907715,0.8707816004753113,-0.17878098785877228,0.0,0.0
287,71.5,42.779720306396484,44.36372375488281,132.4872283935547,109.36848449707031,112.2646713256836,0.0007163815316744149,0.056937407702207565,21.01653480529785,0.8607726097106934,-0.23266728222370148,0.0,0.0
288,71.75,43.07388687133789,44.63526153564453,129.56236267089844,109.36054992675781,112.58319091796875,0.0006900980952195823,0.05691244825720787,21.016633987426758,0.8607726097106934,-0.25853443145751953,0.0,0.0
289,72,43.10563659667969,44.41603469848633,129.91575622558594,109.36186981201172,112.371337890625,0.0006664430256932974,0.056889984756708145,21.0167236328125,0.8607726097106934,-0.24165967106819153,0.0,0.0
290,72.25,43.085994720458984,44.26276779174805,132.3277130126953,109.36892700195312,111.36935424804688,0.0006451534572988749,0.05686976760625839,21.016803741455078,0.8607726097106934,-0.16135253012180328,0.0,0.0
291,72.5,42.720237731933594,44.699283599853516,130.25770568847656,109.35834503173828,111.67009735107422,0.0006259928341023624,0.05686976760625839,21.016876220703125,0.8807905316352844,-0.18622082471847534,0.0,0.0
292,72.75,43.14898681640625,44.70136260986328,132.1918487548828,109.35570526123047,111.37083435058594,0.0006087482906877995,0.056851569563150406,21.01694107055664,0.8807905316352844,-0.16254723072052002,0.0,0.0
293,73,43.30080032348633,44.79063034057617,130.41647338867188,109.36363220214844,112.46220397949219,0.000593228149227798,0.056820694357156754,21.017000198364258,0.8807905316352844,-0.2487119436264038,0.0,0.0
294,73.25,43.242794036865234,44.67182540893555,129.17538452148438,109.34909057617188,111.40589904785156,0.000566394766792655,0.056792907416820526,21.017051696777344,0.8807905316352844,-0.1658879518508911,0.0,0.0
295,73.5,42.59973907470703,45.00056838989258,130.7996368408203,109.34909057617188,111.4503402709961,0.0005422446993179619,0.05676789954304695,21.017099380493164,0.8807905316352844,-0.16943812370300293,0.0,0.0
296,73.75,43.11273956298828,44.73048400878906,130.96908569335938,109.34556579589844,111.06910705566406,0.0005205096676945686,0.056745391339063644,21.017141342163086,0.8807905316352844,-0.13922208547592163,0.0,0.0
297,74,43.38290023803711,44.58462905883789,128.46707153320312,109.36054992675781,112.02960205078125,0.0005009481101296842,0.056732382625341415,21.017179489135742,0.8807905316352844,-0.21465368568897247,0.0,0.0
298,74.25,43.438751220703125,44.582523345947266,131.4239959716797,109.36540222167969,111.82960510253906,0.0004884876543655992,0.05672067403793335,21.017213821411133,0.8707816004753113,-0.1983528435230255,0.0,0.0
299,74.5,43.417762756347656,44.747127532958984,132.57806396484375,109.34556579589844,112.3624496459961,0.0004772732499986887,0.056710135191679,21.017244338989258,0.8707816004753113,-0.24228286743164062,0.0,0.0
300,74.75,43.06322479248047,44.66173553466797,131.92469787597656,109.34600830078125,111.6676254272461,0.00046718030353076756,0.05670065060257912,21.01727294921875,0.8707816004753113,-0.18702763319015503,0.0,0.0
301,75,42.94050979614258,44.71140670776367,127.74042510986328,109.34864807128906,112.14812469482422,0.0004580966487992555,0.05669211596250534,21.017297744750977,0.8707816004753113,-0.22503559291362762,0.0,0.0
302,75.25,42.99205780029297,44.54909133911133,131.7812042236328,109.3433609008789,111.4261474609375,0.00044992135372012854,0.05668443441390991,21.01732063293457,0.8707816004753113,-0.167972132563591,0.0,0.0
303,75.5,42.88671875,44.92192077636719,128.45179748535156,109.33366394042969,112.61528778076172,0.00045543230953626335,0.05664852634072304,21.01734161376953,0.8707816004753113,-0.2632606327533722,0.0,0.0
304,75.75,43.179283142089844,44.49258804321289,131.47894287109375,109.32573699951172,112.85035705566406,0.0004603921843226999,0.05661620572209358,21.01736068725586,0.8707816004753113,-0.28246888518333435,0.0,0.0
305,76,42.92458724975586,44.659873962402344,131.0362548828125,109.34645080566406,112.69973754882812,0.0004648560716304928,0.05658711865544319,21.017377853393555,0.8607726097106934,-0.26889273524284363,0.0,0.0
306,76.25,43.2166862487793,44.71553421020508,127.62135314941406,109.32440948486328,111.65528106689453,0.00048561589210294187,0.0565609410405159,21.017393112182617,0.8607726097106934,-0.18780255317687988,0.0,0.0
307,76.5,43.17647171020508,44.409584045410156,128.4319610595703,109.33234405517578,111.9673843383789,0.0005042997072450817,0.056537382304668427,21.017406463623047,0.8607726097106934,-0.21200481057167053,0.0,0.0
308,76.75,42.91025924682617,44.68861389160156,132.92916870117188,109.32705688476562,112.08096313476562,0.0005211151437833905,0.05651617795228958,21.017417907714844,0.8507636189460754,-0.22146101295948029,0.0,0.0
309,77,42.880123138427734,44.86188888549805,129.85623168945312,109.3332290649414,111.9456558227539,0.0005362490774132311,0.05650434270501137,21.01742935180664,0.8707816004753113,-0.2102052867412567,0.0,0.0
310,77.25,43.031410217285156,44.78583908081055,128.10374450683594,109.32353210449219,111.80145263671875,0.0005498696118593216,0.05649368837475777,21.017438888549805,0.8707816004753113,-0.19951993227005005,0.0,0.0
311,77.5,43.30260467529297,44.66922378540039,131.1934814453125,109.32176971435547,112.93035125732422,0.0005724382936023176,0.056484099477529526,21.017446517944336,0.8807905316352844,-0.28909969329833984,0.0,0.0
312,77.75,43.18766784667969,44.8973388671875,129.04257202148438,109.32749938964844,112.66960906982422,0.0005927501479163766,0.05647547170519829,21.017221450805664,0.8707816004753113,-0.2680555284023285,0.0,0.0
313,78,42.91170883178711,45.043357849121094,128.72581481933594,109.32749938964844,112.59307098388672,0.0006110307876951993,0.056467704474925995,21.017019271850586,0.8807905316352844,-0.2620064318180084,0.0,0.0
314,78.25,42.91179656982422,44.98851776123047,129.6425018310547,109.3147201538086,113.15998840332031,0.0006274833576753736,0.05646071583032608,21.01683807373047,0.8807905316352844,-0.30775684118270874,0.0,0.0
315,78.5,43.26731872558594,44.9145622253418,132.11781311035156,109.30634307861328,112.458251953125,0.0006442241137847304,0.05645442381501198,21.016674041748047,0.8707816004753113,-0.2530633807182312,0.0,0.0
316,78.75,42.77660369873047,44.87432861328125,130.73704528808594,109.3094253540039,112.64788055419922,0.000659290817566216,0.056448761373758316,21.01652717590332,0.8807905316352844,-0.267810583114624,0.0,0.0
317,79,43.313804626464844,44.7709846496582,130.82252502441406,109.31648254394531,112.13775634765625,0.0006728508160449564,0.05644366517663002,21.016393661499023,0.8707816004753113,-0.2268316000699997,0.0,0.0
318,79.25,43.617950439453125,44.755611419677734,129.5554962158203,109.3072280883789,112.49479675292969,0.0006850548088550568,0.056439079344272614,21.016273498535156,0.8607726097106934,-0.25588393211364746,0.0,0.0
319,79.5,43.26914596557617,44.54523849487305,128.60446166992188,109.29620361328125,112.58763885498047,0.0006960384198464453,0.05643495172262192,21.01616668701172,0.8607726097106934,-0.2641252875328064,0.0,0.0
320,79.75,43.30958557128906,44.87660217285156,131.31103515625,109.29973602294922,112.17182922363281,0.0007059236522763968,0.05643123760819435,21.016069412231445,0.8507636189460754,-0.23090006411075592,0.0,0.0
321,80,43.21703338623047,45.058780670166016,134.3328399658203,109.30502319335938,112.08145904541016,0.000716754759196192,0.05640614777803421,21.015981674194336,0.8607726097106934,-0.22329437732696533,0.0,0.0
322,80.25,42.99064254760742,44.85349655151367,130.05543518066406,109.28694915771484,112.26565551757812,0.0007265027379617095,0.05638356879353523,21.01590347290039,0.8607726097106934,-0.23938429355621338,0.0,0.0
323,80.5,43.149322509765625,44.81156539916992,130.70956420898438,109.3072280883789,111.59552764892578,0.0007352759130299091,0.05636324733495712,21.015832901000977,0.8707816004753113,-0.18443624675273895,0.0,0.0
324,80.75,43.160831451416016,44.72060012817383,129.7890625,109.29532623291016,111.5002212524414,0.000743171782232821,0.056344956159591675,21.015769958496094,0.8707816004753113,-0.1777995228767395,0.0,0.0
325,81,43.06624221801758,44.440555572509766,127.228271484375,109.29047393798828,111.68096160888672,0.0007535016047768295,0.05633574351668358,21.01571273803711,0.8707816004753113,-0.19261333346366882,0.0,0.0
326,81.25,43.37648391723633,44.97161102294922,132.8864288330078,109.28474426269531,112.4493637084961,0.0007627984159626067,0.0563274547457695,21.015661239624023,0.8607726097106934,-0.25411921739578247,0.0,0.0
327,81.5,43.16615676879883,44.685855865478516,126.02458190917969,109.28034210205078,112.48096466064453,0.0007711655925959349,0.05631999298930168,21.015615463256836,0.8507636189460754,-0.2569788694381714,0.0,0.0
328,81.75,43.22739028930664,44.867244720458984,128.4319610595703,109.27857971191406,112.97282409667969,0.000778696034103632,0.056313276290893555,21.015573501586914,0.8607726097106934,-0.2959647476673126,0.0,0.0
329,82,43.57613754272461,45.171016693115234,131.29042053222656,109.29312133789062,112.31059265136719,0.0007945026154629886,0.05630723387002945,21.015535354614258,0.8607726097106934,-0.24244427680969238,0.0,0.0
330,82.25,43.12431335449219,45.04929733276367,131.07899475097656,109.27372741699219,112.16046905517578,0.0008087285095825791,0.05631629005074501,21.015501022338867,0.8607726097106934,-0.23211665451526642,0.0,0.0
331,82.5,43.22499084472656,44.789127349853516,130.338623046875,109.27196502685547,111.54170227050781,0.0008215318084694445,0.056324440985918045,21.015470504760742,0.8607726097106934,-0.18301384150981903,0.0,0.0
332,82.75,43.14168167114258,44.94639587402344,131.13394165039062,109.2807846069336,111.5762710571289,0.0008330547716468573,0.056331779807806015,21.015443801879883,0.8607726097106934,-0.18505382537841797,0.0,0.0
333,83,43.46381378173828,44.66991424560547,127.46259307861328,109.27593231201172,111.9263916015625,0.0008524588192813098,0.05633838474750519,21.015419006347656,0.8607726097106934,-0.21333946287631989,0.0,0.0
334,83.25,43.620750427246094,44.945438385009766,132.02468872070312,109.2653579711914,111.93034362792969,0.000869922514539212,0.056344326585531235,21.015396118164062,0.8607726097106934,-0.2145150750875473,0.0,0.0
335,83.5,42.86890411376953,44.862548828125,130.08749389648438,109.2569808959961,111.55750274658203,0.0008856398053467274,0.056349676102399826,21.015377044677734,0.8507636189460754,-0.18549537658691406,0.0,0.0
336,83.75,43.33780288696289,44.876556396484375,128.8609161376953,109.26050567626953,111.94713592529297,0.0008997853728942573,0.05635448917746544,21.01535987854004,0.8507636189460754,-0.2162458896636963,0.0,0.0
337,84,43.04195022583008,45.054595947265625,128.8090057373047,109.26007080078125,111.85528564453125,0.0009125163778662682,0.05635882169008255,21.015575408935547,0.8507636189460754,-0.20897428691387177,0.0,0.0
338,84.25,43.288536071777344,44.711551666259766,132.5040283203125,109.24728393554688,111.19700622558594,0.0009239742648787796,0.05636272206902504,21.015769958496094,0.8607726097106934,-0.15747235715389252,0.0,0.0
339,84.5,43.03113555908203,44.89535140991211,127.68089294433594,109.24993133544922,111.0770034790039,0.0009342863922938704,0.056358981877565384,21.015945434570312,0.8707816004753113,-0.14764416217803955,0.0,0.0
340,84.75,43.49825668334961,45.32469940185547,128.91357421875,109.256103515625,111.83256530761719,0.0009635849273763597,0.05635561794042587,21.016103744506836,0.8707816004753113,-0.20748929679393768,0.0,0.0
341,85,43.370086669921875,44.54060745239258,132.72537231445312,109.25434112548828,112.56146240234375,0.0009899536380544305,0.05635258927941322,21.016544342041016,0.8607726097106934,-0.2654656171798706,0.0,0.0
342,85.25,43.080772399902344,44.74604415893555,130.73094177246094,109.240234375,112.31158447265625,0.0010136854834854603,0.05634986236691475,21.01694107055664,0.8707816004753113,-0.24683132767677307,0.0,0.0
343,85.5,43.33548355102539,44.889068603515625,128.90365600585938,109.23538970947266,111.49577331542969,0.0010350440861657262,0.05634741112589836,21.017297744750977,0.8607726097106934,-0.18232764303684235,0.0,0.0
344,85.75,43.40711975097656,45.0629997253418,128.62353515625,109.23450469970703,111.2962646484375,0.0010665460722520947,0.05635970085859299,21.01761817932129,0.8607726097106934,-0.16645611822605133,0.0,0.0
345,86,43.143470764160156,44.584449768066406,126.37798309326172,109.24332427978516,111.78417205810547,0.0010948978597298265,0.05637076124548912,21.017908096313477,0.8607726097106934,-0.2046774923801422,0.0,0.0
346,86.25,43.43968200683594,45.169742584228516,133.751220703125,109.23759460449219,111.80392456054688,0.001120414468459785,0.05638071522116661,21.01816749572754,0.8607726097106934,-0.2067175656557083,0.0,0.0
347,86.5,43.152610778808594,44.94095230102539,133.3085174560547,109.24508666992188,111.90763092041016,0.0011433794861659408,0.05638967454433441,21.018402099609375,0.8607726097106934,-0.21436019241809845,0.0,0.0
348,86.75,43.33982467651367,44.89339828491211,128.049560546875,109.23450469970703,111.67700958251953,0.0011640479788184166,0.05639773979783058,21.018613815307617,0.8807905316352844,-0.196858212351799,0.0,0.0
349,87,43.263580322265625,45.36190414428711,132.7276611328125,109.23494720458984,112.25627136230469,0.001182649633847177,0.056404996663331985,21.018802642822266,0.8807905316352844,-0.24287720024585724,0.0,0.0
350,87.25,43.299171447753906,44.89583969116211,128.90899658203125,109.21643829345703,111.4133071899414,0.001209090929478407,0.05640427768230438,21.01897430419922,0.8707816004753113,-0.1772853136062622,0.0,0.0
351,87.5,43.35129165649414,44.86328887939453,130.49432373046875,109.22216796875,111.5372543334961,0.0012328880839049816,0.05640362948179245,21.018896102905273,0.8507636189460754,-0.18671660125255585,0.0,0.0
352,87.75,43.17306137084961,44.73432922363281,133.40850830078125,109.22128295898438,112.28985595703125,0.0012543054763227701,0.05640304833650589,21.01882553100586,0.8407545685768127,-0.2466534972190857,0.0,0.0
353,88,43.36663818359375,45.28661346435547,130.14779663085938,109.2155532836914,112.51850128173828,0.0012735811760649085,0.05640252307057381,21.018760681152344,0.8507636189460754,-0.26522836089134216,0.0,0.0
354,88.25,43.265350341796875,44.65411376953125,129.99667358398438,109.20938873291016,112.64640045166016,0.0012909292709082365,0.056416552513837814,21.01870346069336,0.8307456374168396,-0.2758440673351288,0.0,0.0
355,88.5,43.13372039794922,44.822505950927734,132.05674743652344,109.20277404785156,112.05034637451172,0.0013065425446256995,0.0564291775226593,21.018884658813477,0.8207366466522217,-0.22915440797805786,0.0,0.0
356,88.75,42.86140060424805,45.16655731201172,133.0131378173828,109.21247100830078,111.59750366210938,0.0013205944560468197,0.05644053965806961,21.019046783447266,0.8407545685768127,-0.1923140287399292,0.0,0.0
357,89,43.11467742919922,45.08266067504883,131.67510986328125,109.20585632324219,111.73775482177734,0.0013332412345334888,0.05645076557993889,21.019193649291992,0.8507636189460754,-0.20403413474559784,0.0,0.0
358,89.25,43.217830657958984,45.10997772216797,127.67401885986328,109.20409393310547,111.61182403564453,0.0013375099515542388,0.05645997077226639,21.019325256347656,0.8507636189460754,-0.1941392421722412,0.0,0.0
359,89.5,43.36903762817383,45.3232536315918,128.94410705566406,109.19483947753906,111.33478546142578,0.0013413517735898495,0.05646825581789017,21.019210815429688,0.8607726097106934,-0.17277005314826965,0.0,0.0
360,89.75,43.71540832519531,44.90787887573242,130.5401153564453,109.20762634277344,111.97676849365234,0.0013448094250634313,0.05646846070885658,21.019107818603516,0.8707816004753113,-0.22291134297847748,0.0,0.0
361,90,42.79728698730469,45.000308990478516,129.79364013671875,109.19880676269531,111.81874084472656,0.001347921323031187,0.056468646973371506,21.01901626586914,0.8707816004753113,-0.21105827391147614,0.0,0.0
362,90.25,43.06180953979492,45.21834182739258,132.35137939453125,109.19087219238281,111.80194854736328,0.0013371487148106098,0.056468814611434937,21.018932342529297,0.8607726097106934,-0.21036827564239502,0.0,0.0
363,90.5,43.10331344604492,44.76704025268555,130.2210693359375,109.1891098022461,111.49676513671875,0.0013274532975628972,0.056468963623046875,21.018857955932617,0.8707816004753113,-0.18617910146713257,0.0,0.0
364,90.75,42.980194091796875,44.98995590209961,129.5547332763672,109.19043731689453,112.50220489501953,0.0013187275035306811,0.056454602628946304,21.01879119873047,0.8607726097106934,-0.2659865915775299,0.0,0.0
365,91,42.852325439453125,45.344608306884766,129.80203247070312,109.18426513671875,112.36145782470703,0.001310874242335558,0.05644167587161064,21.01873016357422,0.8707816004753113,-0.25534605979919434,0.0,0.0
366,91.25,43.430076599121094,45.33087921142578,131.04006958007812,109.17501068115234,111.42811584472656,0.0012850784696638584,0.056430041790008545,21.018674850463867,0.8607726097106934,-0.18184618651866913,0.0,0.0
367,91.5,43.30426788330078,44.945457458496094,126.67642211914062,109.17369079589844,112.52442169189453,0.0012618622276932001,0.05641956999897957,21.018625259399414,0.8507636189460754,-0.2691098749637604,0.0,0.0
368,91.75,43.46113204956055,44.751827239990234,127.31299591064453,109.17853546142578,111.5224380493164,0.0012409676564857364,0.05638839676976204,21.01858139038086,0.8507636189460754,-0.189090758562088,0.0,0.0
369,92,43.03119659423828,45.17885971069336,127.95108795166016,109.17015838623047,112.1343002319336,0.0012221625074744225,0.05636034160852432,21.01854133605957,0.8507636189460754,-0.2384806126356125,0.0,0.0
370,92.25,43.09050369262695,44.83441162109375,127.83736419677734,109.16046905517578,111.74021911621094,0.0011871724855154753,0.05633509159088135,21.018505096435547,0.8707816004753113,-0.20793086290359497,0.0,0.0
371,92.5,43.18764114379883,44.983341217041016,130.11268615722656,109.15209197998047,111.7960205078125,0.0011556815588846803,0.05631236732006073,21.01847267150879,0.8707816004753113,-0.2130585014820099,0.0,0.0
372,92.75,43.2408332824707,44.33129119873047,128.0900115966797,109.15077209472656,111.91799926757812,0.0011273396667093039,0.05629916489124298,21.018444061279297,0.8607726097106934,-0.22287380695343018,0.0,0.0
373,93,43.605316162109375,44.91366958618164,129.76844787597656,109.1529769897461,112.50763702392578,0.001101832021959126,0.05628728121519089,21.018417358398438,0.8607726097106934,-0.26947084069252014,0.0,0.0
374,93.25,43.21427536010742,45.00996398925781,131.540771484375,109.14900970458984,111.2938003540039,0.0010788750369101763,0.056276585906744,21.018394470214844,0.8507636189460754,-0.1732293665409088,0.0,0.0
375,93.5,43.205074310302734,44.96660614013672,133.7344207763672,109.1450424194336,112.0587387084961,0.0010582137620076537,0.056266963481903076,21.018373489379883,0.8607726097106934,-0.2345285415649414,0.0,0.0
376,93.75,43.2363166809082,45.126953125,132.9711456298828,109.14591979980469,111.7762680053711,0.0010299932910129428,0.056251052767038345,21.018354415893555,0.8507636189460754,-0.21198906004428864,0.0,0.0
377,94,43.394100189208984,45.34680938720703,130.44241333007812,109.15121459960938,111.95948028564453,0.0010045949602499604,0.05623673275113106,21.01833724975586,0.8507636189460754,-0.22613656520843506,0.0,0.0
378,94.25,43.09515380859375,44.98452377319336,129.8165283203125,109.1296157836914,111.60787200927734,0.0009817364625632763,0.05622384324669838,21.01823616027832,0.8507636189460754,-0.1998976320028305,0.0,0.0
379,94.5,43.187965393066406,44.69865036010742,130.4042510986328,109.12741088867188,111.26712799072266,0.000961163779720664,0.05621224269270897,21.018144607543945,0.8507636189460754,-0.1728571504354477,0.0,0.0
380,94.75,43.128448486328125,45.562339782714844,131.47512817382812,109.14283752441406,111.34663391113281,0.0009426483884453773,0.05619455501437187,21.018062591552734,0.8507636189460754,-0.17795759439468384,0.0,0.0
381,95,43.50685501098633,45.06771469116211,134.2030792236328,109.13402557373047,111.75849151611328,0.000927273475099355,0.056178636848926544,21.017988204956055,0.8707816004753113,-0.2115434855222702,0.0,0.0
382,95.25,42.996212005615234,45.20930099487305,134.02218627929688,109.12520599365234,111.81429290771484,0.00091343600070104,0.05616431310772896,21.017921447753906,0.8607726097106934,-0.21670638024806976,0.0,0.0
383,95.5,43.51529312133789,45.11028289794922,131.3232421875,109.11947631835938,112.0473861694336,0.0009009822970256209,0.05615141987800598,21.017860412597656,0.8607726097106934,-0.23571185767650604,0.0,0.0
384,95.75,43.47393035888672,45.005069732666016,132.42922973632812,109.12388610839844,111.81380462646484,0.0008897739462554455,0.05613981559872627,21.017807006835938,0.8607726097106934,-0.21677543222904205,0.0,0.0
385,96,43.41178512573242,45.202823638916016,133.7000732421875,109.13269805908203,111.61923217773438,0.0008809758583083749,0.056129373610019684,21.017757415771484,0.8607726097106934,-0.2005520761013031,0.0,0.0
386,96.25,43.04090881347656,45.16482925415039,127.63433074951172,109.12520599365234,111.75601959228516,0.0008730575791560113,0.056119564920663834,21.01771354675293,0.8607726097106934,-0.2120656669139862,0.0,0.0
387,96.5,43.433738708496094,45.09117889404297,130.7385711669922,109.09920501708984,111.7500991821289,0.0008659310988150537,0.05611073598265648,21.01767349243164,0.8607726097106934,-0.2137155681848526,0.0,0.0
388,96.75,43.26810836791992,45.29819869995117,131.727783203125,109.10978698730469,112.1194839477539,0.0008595172548666596,0.05610278993844986,21.017637252807617,0.8707816004753113,-0.24222888052463531,0.0,0.0
389,97,43.878910064697266,44.60070037841797,129.3692626953125,109.0952377319336,111.90367889404297,0.000851166492793709,0.05609563738107681,21.01760482788086,0.8707816004753113,-0.22626499831676483,0.0,0.0
390,97.25,43.377803802490234,44.84376525878906,132.58187866210938,109.09920501708984,111.60984802246094,0.000843650777824223,0.05608920007944107,21.017576217651367,0.8607726097106934,-0.20253585278987885,0.0,0.0
391,97.5,43.163143157958984,45.16232681274414,128.57240295410156,109.09127044677734,111.47108459472656,0.0008368866401724517,0.05611240118741989,21.01755142211914,0.8507636189460754,-0.19210855662822723,0.0,0.0
392,97.75,43.12843704223633,45.001434326171875,129.87301635742188,109.09656524658203,111.39897918701172,0.0008307989337481558,0.05613328516483307,21.017528533935547,0.8607726097106934,-0.18591633439064026,0.0,0.0
393,98,43.11851119995117,45.089473724365234,131.58963012695312,109.0784912109375,112.11207580566406,0.0008201639866456389,0.05615207925438881,21.017507553100586,0.8607726097106934,-0.2441941499710083,0.0,0.0
394,98.25,43.36589431762695,45.12425231933594,130.70498657226562,109.0692367553711,111.65873718261719,0.000810592551715672,0.056168992072343826,21.017488479614258,0.8307456374168396,-0.20888032019138336,0.0,0.0
395,98.5,43.29186248779297,45.201637268066406,130.5309600830078,109.07188415527344,110.92539978027344,0.0008019782253541052,0.05620596185326576,21.017471313476562,0.8307456374168396,-0.1500057578086853,0.0,0.0
396,98.75,42.928611755371094,44.94737243652344,130.5966033935547,109.07672882080078,111.30021667480469,0.0007942253723740578,0.056239236146211624,21.0174560546875,0.8307456374168396,-0.17963962256908417,0.0,0.0
397,99,43.54236602783203,45.30502700805664,128.9448699951172,109.05601501464844,111.74269104003906,0.0007820939063094556,0.05626918375492096,21.01744270324707,0.8507636189460754,-0.21665038168430328,0.0,0.0
398,99.25,43.67362594604492,45.07844543457031,130.70040893554688,109.06571197509766,112.24837493896484,0.0007711755461059511,0.05629613623023033,21.017431259155273,0.8507636189460754,-0.25605323910713196,0.0,0.0
399,99.5,43.32378005981445,45.02291488647461,131.2247772216797,109.05337524414062,111.3160171508789,0.0007613490452058613,0.056298643350601196,21.017419815063477,0.8407545685768127,-0.18280966579914093,0.0,0.0
400,99.75,43.205230712890625,45.144832611083984,128.2418975830078,109.0604248046875,111.83355712890625,0.0007525052060373127,0.056300900876522064,21.017410278320312,0.8307456374168396,-0.22352616488933563,0.0,0.0
401,100,43.237281799316406,45.00481033325195,128.3747100830078,109.06306457519531,112.00491333007812,0.0007445457158610225,0.056302934885025024,21.01740074157715,0.8207366466522217,-0.23694056272506714,0.0,0.0
402,100.25,43.16643524169922,45.16848373413086,129.2486572265625,109.03926849365234,111.49873352050781,0.0007373822154477239,0.05630476400256157,21.017393112182617,0.8407545685768127,-0.1985611766576767,0.0,0.0
403,100.5,43.582332611083984,45.14755630493164,130.74009704589844,109.04279327392578,111.53972625732422,0.0007264261366799474,0.05630641058087349,21.017385482788086,0.8407545685768127,-0.20154525339603424,0.0,0.0
404,100.75,43.586761474609375,45.105926513671875,126.75809478759766,109.04588317871094,111.72689056396484,0.0007165656425058842,0.05627889558672905,21.017379760742188,0.8607726097106934,-0.21621817350387573,0.0,0.0
405,101,43.15298843383789,45.07191467285156,128.5922393798828,109.03618621826172,111.95256805419922,0.0007076911861076951,0.05625413358211517,21.01737403869629,0.8407545685768127,-0.23497308790683746,0.0,0.0
406,101.25,43.30443572998047,44.874359130859375,129.35398864746094,109.02340698242188,112.2735595703125,0.0006997041637077928,0.056231848895549774,21.01736831665039,0.8607726097106934,-0.26150375604629517,0.0,0.0
407,101.5,43.45280456542969,45.44398880004883,131.9170684814453,109.03221893310547,111.70762634277344,0.0006892956444062293,0.056211791932582855,21.017362594604492,0.8507636189460754,-0.21579903364181519,0.0,0.0
408,101.75,42.8715705871582,45.13080978393555,130.41571044921875,109.0353012084961,111.8478775024414,0.0006799279944971204,0.05619373917579651,21.017358779907227,0.8607726097106934,-0.2267167568206787,0.0,0.0
409,102,43.00621032714844,45.38535690307617,128.4647674560547,109.01899719238281,111.75305938720703,0.0006714970804750919,0.056177493184804916,21.01735496520996,0.8607726097106934,-0.2204982489347458,0.0,0.0
410,102.25,43.53817367553711,45.1732063293457,130.69583129882812,109.01679229736328,112.04096221923828,0.0006639092462137341,0.05616287142038345,21.017351150512695,0.8407545685768127,-0.2435828149318695,0.0,0.0
411,102.5,43.37705612182617,45.27189636230469,128.71742248535156,109.01547241210938,111.72342681884766,0.0006570802070200443,0.05614970996975899,21.01734733581543,0.8607726097106934,-0.21842510998249054,0.0,0.0
412,102.75,43.638404846191406,45.64870071411133,130.28060913085938,109.02207946777344,112.51010131835938,0.0006457832641899586,0.05610163137316704,21.017345428466797,0.8407545685768127,-0.2803478240966797,0.0,0.0
413,103,43.39733123779297,45.42728805541992,130.4759979248047,109.01238250732422,112.49923706054688,0.0006356160156428814,0.056058358401060104,21.017343521118164,0.8607726097106934,-0.2802799344062805,0.0,0.0
414,103.25,43.53561019897461,45.24485397338867,128.3861541748047,108.99563598632812,111.61380004882812,0.0006264654803089797,0.056019414216279984,21.01734161376953,0.8607726097106934,-0.21130603551864624,0.0,0.0
415,103.5,43.55836868286133,45.17852783203125,131.5087127685547,109.00621795654297,112.38713836669922,0.0006182300276122987,0.055984362959861755,21.0173397064209,0.8507636189460754,-0.2719087302684784,0.0,0.0
416,103.75,43.55609130859375,45.665916442871094,130.90802001953125,108.99520111083984,111.78466796875,0.0006056230631656945,0.05595281720161438,21.017337799072266,0.8607726097106934,-0.2249588817358017,0.0,0.0
417,104,43.33401107788086,45.616310119628906,131.32781982421875,108.98021697998047,110.96095275878906,0.000594276818446815,0.0559244267642498,21.01742172241211,0.8607726097106934,-0.16034330427646637,0.0,0.0
418,104.25,43.66162109375,44.860145568847656,132.29794311523438,108.98109436035156,110.87700653076172,0.0005840652156621218,0.05591336637735367,21.017498016357422,0.8607726097106934,-0.15353448688983917,0.0,0.0
419,104.5,43.219688415527344,44.99169921875,128.91510009765625,108.98682403564453,111.71553039550781,0.0005748747498728335,0.05590341240167618,21.017566680908203,0.8507636189460754,-0.22013601660728455,0.0,0.0
420,104.75,43.33266830444336,45.30042266845703,129.33567810058594,108.98858642578125,111.14861297607422,0.0005666033248417079,0.05589445307850838,21.017627716064453,0.8507636189460754,-0.17470218241214752,0.0,0.0
421,105,43.27333450317383,44.976993560791016,131.14768981933594,108.9674301147461,111.47404479980469,0.0005559410783462226,0.055886391550302505,21.017683029174805,0.8507636189460754,-0.20245659351348877,0.0,0.0
422,105.25,43.40635299682617,45.146949768066406,130.41494750976562,108.96390533447266,112.2755355834961,0.0005463450797833502,0.05589362978935242,21.017732620239258,0.8507636189460754,-0.2665202021598816,0.0,0.0
423,105.5,43.34819030761719,45.093292236328125,129.6119842529297,108.97052001953125,111.5333023071289,0.0005377086927182972,0.05590014532208443,21.017778396606445,0.8507636189460754,-0.20693477988243103,0.0,0.0
424,105.75,43.209720611572266,44.693763732910156,132.38494873046875,108.96699523925781,111.52836608886719,0.0005299359327182174,0.055906008929014206,21.017818450927734,0.8707816004753113,-0.20682889223098755,0.0,0.0
425,106,43.29124450683594,45.374568939208984,130.61109924316406,108.95244598388672,111.7762680053711,0.0005184364854358137,0.055911287665367126,21.017854690551758,0.8607726097106934,-0.22778306901454926,0.0,0.0
426,106.25,43.57872772216797,45.32205581665039,129.463134765625,108.95509338378906,111.78614807128906,0.0005080869887024164,0.0559236966073513,21.017887115478516,0.8507636189460754,-0.2283535748720169,0.0,0.0
427,106.5,43.69633865356445,45.429100036621094,131.72930908203125,108.97052001953125,111.65577697753906,0.0004987724241800606,0.05593486502766609,21.01791763305664,0.8507636189460754,-0.21670474112033844,0.0,0.0
428,106.75,43.513004302978516,45.30094909667969,133.72450256347656,108.97095489501953,111.98614501953125,0.000490389356855303,0.05594491586089134,21.0179443359375,0.8507636189460754,-0.24296990036964417,0.0,0.0
429,107,43.78630828857422,45.268184661865234,128.97845458984375,108.96258544921875,111.4720687866211,0.0004828445671591908,0.05595396086573601,21.017969131469727,0.8607726097106934,-0.2026943415403366,0.0,0.0
430,107.25,43.95868682861328,45.514556884765625,131.105712890625,108.96566772460938,111.58416748046875,0.00047605426516383886,0.055962104350328445,21.017990112304688,0.8507636189460754,-0.21139025688171387,0.0,0.0
431,107.5,43.2135009765625,45.36537551879883,132.72613525390625,108.97007751464844,112.327880859375,0.000469942984636873,0.05596943199634552,21.018009185791016,0.8507636189460754,-0.27016541361808777,0.0,0.0
432,107.75,43.316200256347656,45.36262893676758,131.03778076171875,108.97801208496094,111.5352783203125,0.00046444282634183764,0.0559760257601738,21.01802635192871,0.8407545685768127,-0.20648078620433807,0.0,0.0
433,108,43.665531158447266,45.42950439453125,129.19981384277344,108.9753646850586,111.12638854980469,0.00046399663551710546,0.05598196014761925,21.018041610717773,0.8407545685768127,-0.17400199174880981,0.0,0.0
434,108.25,43.46671676635742,45.306644439697266,128.9708251953125,108.96963500976562,111.29972076416016,0.00046359506086446345,0.05598730221390724,21.017925262451172,0.8407545685768127,-0.18834446370601654,0.0,0.0
435,108.5,43.51955032348633,45.182804107666016,130.29586791992188,108.9837417602539,111.45626831054688,0.00046323364949785173,0.05598486214876175,21.017820358276367,0.8407545685768127,-0.19970443844795227,0.0,0.0
436,108.75,43.40018844604492,44.9419059753418,130.29205322265625,108.98241424560547,111.89824676513672,0.0004629083850886673,0.05598266422748566,21.017724990844727,0.8507636189460754,-0.23504391312599182,0.0,0.0
437,109,43.646968841552734,45.456966400146484,128.48919677734375,108.98109436035156,112.110595703125,0.00048128634807653725,0.05598068609833717,21.01763916015625,0.8507636189460754,-0.2520289421081543,0.0,0.0
438,109.25,43.65159225463867,45.440818786621094,127.6335678100586,108.98550415039062,112.28145599365234,0.0004978265496902168,0.05597890540957451,21.017562866210938,0.8307456374168396,-0.2652256190776825,0.0,0.0
439,109.5,43.7697868347168,45.31995391845703,131.44688415527344,108.9938735961914,112.20689392089844,0.0005127126933075488,0.05597730353474617,21.017494201660156,0.8407545685768127,-0.25862839818000793,0.0,0.0
440,109.75,43.178428649902344,45.259220123291016,129.9027862548828,108.98814392089844,112.11355590820312,0.0005261102342046797,0.055975861847400665,21.017431259155273,0.8507636189460754,-0.2516883611679077,0.0,0.0
441,110,43.6495361328125,45.40165710449219,131.16600036621094,108.98990631103516,112.0760269165039,0.0005581462173722684,0.0559745654463768,21.017375946044922,0.8507636189460754,-0.24856407940387726,0.0,0.0
442,110.25,43.44769287109375,45.31288528442383,128.2037353515625,108.98550415039062,112.13282012939453,0.0005869785672985017,0.05600239336490631,21.01732635498047,0.8407545685768127,-0.253433495759964,0.0,0.0
443,110.5,43.30793762207031,45.67632293701172,130.57675170898438,109.01150512695312,112.57035064697266,0.0006129277171567082,0.05602743849158287,21.01728057861328,0.8407545685768127,-0.2859770953655243,0.0,0.0
444,110.75,43.65095138549805,45.226497650146484,129.7699737548828,108.99960327148438,111.66466522216797,0.0006362819112837315,0.056049980223178864,21.017240524291992,0.8307456374168396,-0.2150379866361618,0.0,0.0
445,111,43.452056884765625,45.24897003173828,132.44219970703125,109.0013656616211,111.32392120361328,0.0006714912015013397,0.05607026815414429,21.01720428466797,0.8207366466522217,-0.1876881867647171,0.0,0.0
446,111.25,43.57769775390625,45.37297058105469,131.59344482421875,109.0018081665039,111.73824310302734,0.0007031795685179532,0.05608852580189705,21.01717185974121,0.8307456374168396,-0.22072181105613708,0.0,0.0
447,111.5,43.451194763183594,45.758522033691406,129.7127227783203,109.00577545166016,111.50959777832031,0.0007316991104744375,0.05611945316195488,21.017141342163086,0.8207366466522217,-0.2021629363298416,0.0,0.0
448,111.75,43.93117141723633,45.56126403808594,130.7767333984375,109.00885772705078,111.45972442626953,0.000761884031817317,0.05614728853106499,21.017114639282227,0.8307456374168396,-0.19792909920215607,0.0,0.0
449,112,43.49427795410156,45.47365188598633,135.10450744628906,109.00798034667969,111.7431869506836,0.0007890504784882069,0.056172341108322144,21.01708984375,0.8307456374168396,-0.22061137855052948,0.0,0.0
450,112.25,43.696624755859375,45.42346954345703,130.36761474609375,109.00577545166016,112.02664184570312,0.0008135002572089434,0.056194886565208435,21.01706886291504,0.8107276558876038,-0.2433445155620575,0.0,0.0
451,112.5,43.73191833496094,45.353363037109375,130.5157012939453,109.02031707763672,112.39602661132812,0.0008355050813406706,0.05617893487215042,21.01704978942871,0.8207366466522217,-0.27146124839782715,0.0,0.0
452,112.75,43.72539138793945,45.490779876708984,132.60096740722656,109.01943969726562,111.82071685791016,0.0008514372166246176,0.05616458132863045,21.017032623291016,0.8307456374168396,-0.22584974765777588,0.0,0.0
453,113,43.598228454589844,45.178279876708984,132.0529327392578,109.02825164794922,111.64836883544922,0.000865776150021702,0.05615166202187538,21.017017364501953,0.8307456374168396,-0.21139949560165405,0.0,0.0
454,113.25,43.76795959472656,45.52883529663086,131.39956665039062,109.02296447753906,111.7328109741211,0.0008786811958998442,0.05614003539085388,21.01700210571289,0.8307456374168396,-0.218561053276062,0.0,0.0
455,113.5,43.92822265625,45.22148132324219,128.9204559326172,109.03089904785156,110.87700653076172,0.0008902957197278738,0.05611507222056389,21.01698875427246,0.8307456374168396,-0.14946669340133667,0.0,0.0
456,113.75,43.52381896972656,45.41562271118164,134.3442840576172,109.02031707763672,111.21379852294922,0.0009007487678900361,0.056092604994773865,21.016977310180664,0.8307456374168396,-0.17733022570610046,0.0,0.0
457,114,42.94609832763672,45.57337951660156,132.0529327392578,109.03089904785156,111.56935119628906,0.0009101565228775144,0.056072384119033813,21.016965866088867,0.8107276558876038,-0.20488056540489197,0.0,0.0
458,114.25,43.750038146972656,45.35365295410156,130.1050567626953,109.03485870361328,111.3091049194336,0.0009186235256493092,0.05605418607592583,21.016956329345703,0.8107276558876038,-0.1837683618068695,0.0,0.0
459,114.5,43.69712448120117,45.44325637817383,131.24615478515625,109.03839111328125,111.75750732421875,0.0009017837583087385,0.0560450553894043,21.016948699951172,0.8107276558876038,-0.21926909685134888,0.0,0.0
460,114.75,43.575523376464844,45.41828536987305,129.23568725585938,109.0511703491211,111.33379364013672,0.0008866279968060553,0.05603684112429619,21.01694107055664,0.8107276558876038,-0.18441079556941986,0.0,0.0
461,115,43.64189529418945,45.14769744873047,129.27842712402344,109.04940795898438,112.22417449951172,0.0008729877881705761,0.05602944642305374,21.01693344116211,0.8007187247276306,-0.2554645836353302,0.0,0.0
462,115.25,43.808040618896484,45.65342712402344,128.98226928710938,109.034423828125,111.97972869873047,0.0008607116178609431,0.05601554363965988,21.01692771911621,0.8107276558876038,-0.23727624118328094,0.0,0.0
463,115.5,43.71403121948242,45.64113998413086,125.97955322265625,109.05866241455078,111.42317962646484,0.0008496630471199751,0.05600303038954735,21.016921997070312,0.8107276558876038,-0.19094349443912506,0.0,0.0
464,115.75,44.009124755859375,45.198421478271484,126.39324951171875,109.0538101196289,111.3416976928711,0.0008191078086383641,0.0559917688369751,21.016916275024414,0.8107276558876038,-0.18482738733291626,0.0,0.0
465,116,43.659427642822266,45.38630676269531,131.62245178222656,109.0604248046875,111.10762023925781,0.0007916081231087446,0.05598163232207298,21.01682472229004,0.8107276558876038,-0.1655527800321579,0.0,0.0
466,116.25,43.44829177856445,45.257110595703125,129.50741577148438,109.04544067382812,111.05626678466797,0.000766858400311321,0.05597250908613205,21.016742706298828,0.8007187247276306,-0.16266070306301117,0.0,0.0
467,116.5,43.55600357055664,45.373538970947266,129.25552368164062,109.06482696533203,111.7071304321289,0.000744583667255938,0.05596429854631424,21.01666831970215,0.7907097339630127,-0.21309763193130493,0.0,0.0
468,116.75,43.583518981933594,45.51529312133789,133.97103881835938,109.0613021850586,111.67700958251953,0.0007110221777111292,0.05596374720335007,21.0166015625,0.7907097339630127,-0.21098437905311584,0.0,0.0
469,117,43.683258056640625,45.509525299072266,126.82984161376953,109.05690002441406,112.6429443359375,0.000680816825479269,0.05596325173974037,21.016542434692383,0.8107276558876038,-0.28800955414772034,0.0,0.0
470,117.25,43.78654479980469,45.461326599121094,126.74435424804688,109.07012176513672,111.74071502685547,0.0006536319851875305,0.055962804704904556,21.016489028930664,0.8107276558876038,-0.21534131467342377,0.0,0.0
471,117.5,43.706443786621094,45.64689254760742,128.41134643554688,109.08334350585938,111.43058776855469,0.0006291656754910946,0.05596240237355232,21.016441345214844,0.8307456374168396,-0.18952110409736633,0.0,0.0
472,117.75,43.735111236572266,45.521209716796875,127.92208862304688,109.07408905029297,111.63602447509766,0.0006045728805474937,0.05596204102039337,21.01639747619629,0.8607726097106934,-0.2066730260848999,0.0,0.0
473,118,43.60945510864258,45.30968475341797,131.0171661376953,109.070556640625,111.35404205322266,0.0005824393592774868,0.055961716920137405,21.016357421875,0.8407545685768127,-0.18444764614105225,0.0,0.0
474,118.25,43.711387634277344,45.441139221191406,130.4141845703125,109.07937622070312,111.70466613769531,0.0005625192425213754,0.055968672037124634,21.01632308959961,0.8307456374168396,-0.21171355247497559,0.0,0.0
475,118.5,43.71391677856445,45.63208770751953,131.3140869140625,109.08686828613281,111.3199691772461,0.0005445911083370447,0.05597493052482605,21.01629066467285,0.8207366466522217,-0.18039168417453766,0.0,0.0
476,118.75,43.57950210571289,45.665523529052734,132.73606872558594,109.07540893554688,111.91899108886719,0.0005323153454810381,0.055980563163757324,21.01626205444336,0.8207366466522217,-0.2291010469198227,0.0,0.0
477,119,43.50163269042969,45.24055862426758,130.7423858642578,109.08245849609375,112.33479309082031,0.0005212671821936965,0.05598563328385353,21.016237258911133,0.8307456374168396,-0.26153764128685,0.0,0.0
478,119.25,43.612220764160156,45.358421325683594,130.06765747070312,109.09259796142578,111.46713256835938,0.0005113238003104925,0.05598294734954834,21.01621437072754,0.8107276558876038,-0.19168511033058167,0.0,0.0
479,119.5,44.02470397949219,45.4276237487793,129.8180694580078,109.10405731201172,111.77083587646484,0.0005023747798986733,0.05598052963614464,21.016193389892578,0.8207366466522217,-0.2149711400270462,0.0,0.0
480,119.75,43.289669036865234,45.38207244873047,132.7001953125,109.09744262695312,111.22614288330078,0.0004943206440657377,0.055978354066610336,21.01617431640625,0.8207366466522217,-0.1720229685306549,0.0,0.0
481,120,43.78365707397461,45.12302780151367,132.35443115234375,109.09259796142578,111.5328140258789,0.0004928628914058208,0.055976398289203644,21.016157150268555,0.8207366466522217,-0.1969287246465683,0.0,0.0
482,120.25,43.4464111328125,45.61568832397461,134.78012084960938,109.09788513183594,112.30911254882812,0.0004915509489364922,0.055989135056734085,21.016141891479492,0.8307456374168396,-0.25824329257011414,0.0,0.0
483,120.5,43.407928466796875,45.072792053222656,130.84619140625,109.11683654785156,111.70169830322266,0.0004903702065348625,0.05600059777498245,21.016128540039062,0.8407545685768127,-0.20842024683952332,0.0,0.0
484,120.75,43.74265670776367,45.45600128173828,132.0529327392578,109.10493469238281,111.71207427978516,0.0004893075092695653,0.05601091310381889,21.016117095947266,0.8307456374168396,-0.21021831035614014,0.0,0.0
485,121,43.685035705566406,45.56317901611328,128.1434326171875,109.0952377319336,112.47898864746094,0.0004883510991930962,0.05602019652724266,21.01610565185547,0.8307456374168396,-0.27191421389579773,0.0,0.0
486,121.25,44.30844497680664,45.37129592895508,127.62135314941406,109.11507415771484,112.70516967773438,0.0004874903243035078,0.05602855235338211,21.016096115112305,0.8307456374168396,-0.28817832469940186,0.0,0.0
487,121.5,43.491477966308594,45.29570007324219,128.7151336669922,109.11507415771484,112.08343505859375,0.0004957275814376771,0.05604332312941551,21.01608657836914,0.8307456374168396,-0.23893462121486664,0.0,0.0
488,121.75,43.670955657958984,45.15736389160156,129.04104614257812,109.11639404296875,111.7826919555664,0.00050314114196226,0.056056614965200424,21.01607894897461,0.8307456374168396,-0.2149091511964798,0.0,0.0
489,122,43.77558517456055,45.26189422607422,128.90518188476562,109.1296157836914,111.61478424072266,0.000509813369717449,0.056068576872348785,21.016071319580078,0.8307456374168396,-0.20044897496700287,0.0,0.0
490,122.25,43.620662689208984,45.323787689208984,131.96820068359375,109.13226318359375,111.2286148071289,0.0005158183630555868,0.05607934296131134,21.01606559753418,0.8307456374168396,-0.16937971115112305,0.0,0.0
491,122.5,43.49938201904297,45.322906494140625,130.50729370117188,109.13137817382812,111.31947326660156,0.0005270186229608953,0.056103531271219254,21.01605987548828,0.8207366466522217,-0.1767207831144333,0.0,0.0
492,122.75,43.7065315246582,45.50312042236328,128.6517791748047,109.13534545898438,110.8597183227539,0.0005370989092625678,0.056125301867723465,21.016054153442383,0.8207366466522217,-0.1395551711320877,0.0,0.0
493,123,43.648983001708984,45.33122634887695,130.3447265625,109.13314056396484,111.57972717285156,0.0005461711552925408,0.056144893169403076,21.016048431396484,0.8107276558876038,-0.19736488163471222,0.0,0.0
494,123.25,44.07236862182617,45.375728607177734,130.2500762939453,109.1476821899414,111.98170471191406,0.0005543361767195165,0.056162524968385696,21.01604461669922,0.8107276558876038,-0.2281913459300995,0.0,0.0
495,123.5,43.70643615722656,45.19422912597656,129.1570587158203,109.16002655029297,111.98812103271484,0.000565549184102565,0.056178394705057144,21.016040802001953,0.8007187247276306,-0.22769488394260406,0.0,0.0
496,123.75,43.59568786621094,45.8372802734375,132.5383758544922,109.15164947509766,112.46566009521484,0.0005756408791057765,0.05618542805314064,21.016036987304688,0.8207366466522217,-0.26625722646713257,0.0,0.0
497,124,43.56658935546875,45.37220001220703,127.55953216552734,109.154296875,111.66812133789062,0.0005847233696840703,0.05619175732135773,21.016033172607422,0.8307456374168396,-0.20268838107585907,0.0,0.0
498,124.25,43.40066146850586,45.26437759399414,129.03875732421875,109.16266632080078,112.25627136230469,0.0005928976461291313,0.056197453290224075,21.01603126525879,0.8507636189460754,-0.24876978993415833,0.0,0.0
499,124.5,43.45136260986328,45.6458625793457,133.48712158203125,109.16531372070312,111.9673843383789,0.0005989207420498133,0.05620257928967476,21.016029357910156,0.8407545685768127,-0.22561518847942352,0.0,0.0
500,124.75,43.3167610168457,45.32455062866211,128.28692626953125,109.17060089111328,112.50566101074219,0.0006043415050953627,0.05620719492435455,21.01579475402832,0.8207366466522217,-0.2678772807121277,0.0,0.0
501,125,43.4561882019043,45.576507568359375,126.4703369140625,109.16751861572266,112.39849853515625,0.0006092201801948249,0.056218598037958145,21.015583038330078,0.8307456374168396,-0.2596455514431,0.0,0.0
502,125.25,43.35388946533203,45.112300872802734,131.39117431640625,109.16839599609375,112.11898803710938,0.0006136110168881714,0.05622886121273041,21.015392303466797,0.8307456374168396,-0.23740918934345245,0.0,0.0
503,125.5,43.46336364746094,45.20976257324219,131.33392333984375,109.1970443725586,111.74417114257812,0.0006130542606115341,0.056238096207380295,21.015220642089844,0.8507636189460754,-0.20526334643363953,0.0,0.0
504,125.75,43.9818115234375,45.60732650756836,130.14093017578125,109.1802978515625,112.87948608398438,0.000612553209066391,0.05624640733003616,21.015151977539062,0.8507636189460754,-0.29661643505096436,0.0,0.0
505,126,43.62636947631836,45.25532150268555,132.59332275390625,109.18338012695312,112.936279296875,0.0006121022743172944,0.05626838654279709,21.015090942382812,0.8407545685768127,-0.30084314942359924,0.0,0.0
506,126.25,43.736122131347656,45.713661193847656,129.71884155273438,109.20277404785156,111.60836791992188,0.0006116963922977448,0.05628816783428192,21.01503562927246,0.8407545685768127,-0.19397111237049103,0.0,0.0
507,126.5,43.596561431884766,45.370967864990234,131.0927276611328,109.19131469726562,111.96688842773438,0.0006126189255155623,0.05630597099661827,21.014986038208008,0.8307456374168396,-0.22345544397830963,0.0,0.0
508,126.75,43.597782135009766,45.232784271240234,128.080078125,109.1891098022461,112.2542953491211,0.000613449199590832,0.056321993470191956,21.014942169189453,0.8307456374168396,-0.2464565932750702,0.0,0.0
509,127,43.1097297668457,45.46199035644531,131.26522827148438,109.20585632324219,112.09725952148438,0.0006141964695416391,0.0563364140689373,21.014902114868164,0.8307456374168396,-0.23262915015220642,0.0,0.0
510,127.25,43.62801742553711,45.866703033447266,131.19119262695312,109.21070861816406,111.893798828125,0.0006148690008558333,0.05636430159211159,21.01486587524414,0.8307456374168396,-0.21606160700321198,0.0,0.0
511,127.5,43.335689544677734,45.595542907714844,131.75143432617188,109.21379089355469,111.61231994628906,0.0006154743023216724,0.056389402598142624,21.014833450317383,0.8207366466522217,-0.1933881938457489,0.0,0.0
512,127.75,43.43790817260742,45.573081970214844,132.71392822265625,109.21158599853516,112.1777572631836,0.0006160190678201616,0.0564119927585125,21.01480484008789,0.8207366466522217,-0.23855257034301758,0.0,0.0
513,128,43.660892486572266,45.70225143432617,135.96014404296875,109.20982360839844,111.77824401855469,0.0006319727981463075,0.056425075978040695,21.01477813720703,0.8107276558876038,-0.20693588256835938,0.0,0.0
514,128.25,43.727699279785156,45.717037200927734,130.66758728027344,109.23626708984375,112.08491516113281,0.000646331172902137,0.056436847895383835,21.014755249023438,0.8007187247276306,-0.22917018830776215,0.0,0.0
515,128.5,43.908042907714844,45.785858154296875,133.69625854492188,109.22613525390625,111.3698501586914,0.0006592537392862141,0.05644744262099266,21.014734268188477,0.8107276558876038,-0.17302218079566956,0.0,0.0
516,128.75,43.81792068481445,45.85161209106445,127.42900848388672,109.22040557861328,112.43701934814453,0.0006708840373903513,0.05645697936415672,21.01471519470215,0.8107276558876038,-0.25838422775268555,0.0,0.0
517,129,43.67866897583008,45.43218994140625,130.07681274414062,109.23715209960938,112.19207763671875,0.0006968268426135182,0.05646556243300438,21.014698028564453,0.8107276558876038,-0.23760537803173065,0.0,0.0
518,129.25,43.54651641845703,45.516849517822266,128.71131896972656,109.240234375,111.27404022216797,0.0007201753323897719,0.05647328868508339,21.01468276977539,0.8107276558876038,-0.16421175003051758,0.0,0.0
519,129.5,43.64853286743164,45.74480438232422,129.106689453125,109.24199676513672,112.1451644897461,0.0007411889964714646,0.05648024007678032,21.01466941833496,0.8107276558876038,-0.2334875464439392,0.0,0.0
520,129.75,43.5480842590332,45.15635681152344,130.52561950683594,109.23759460449219,111.80145263671875,0.0007601013057865202,0.056486498564481735,21.01465606689453,0.8107276558876038,-0.2065204381942749,0.0,0.0
521,130,43.65013885498047,45.48530578613281,133.41766357421875,109.2468490600586,111.34663391113281,0.0007771223317831755,0.05649213120341301,21.014644622802734,0.8107276558876038,-0.1694781333208084,0.0,0.0
522,130.25,44.34220504760742,45.42288589477539,129.77760314941406,109.25830841064453,112.15750885009766,0.00079244130756706,0.05649719759821892,21.01463508605957,0.8307456374168396,-0.23313786089420319,0.0,0.0
523,130.5,43.73735046386719,45.3987922668457,131.5545196533203,109.25477600097656,111.6567611694336,0.0008068733150139451,0.05650900676846504,21.014625549316406,0.8307456374168396,-0.19359205663204193,0.0,0.0
524,130.75,43.95492935180664,45.68886184692383,131.4186553955078,109.2574234008789,112.20787811279297,0.0008198621217161417,0.056519635021686554,21.014484405517578,0.8307456374168396,-0.23720702528953552,0.0,0.0
525,131,43.7889518737793,45.521484375,130.00277709960938,109.2490463256836,111.26416778564453,0.0008315520826727152,0.056529201567173004,21.014358520507812,0.8307456374168396,-0.16270393133163452,0.0,0.0
526,131.25,43.60899353027344,45.727577209472656,132.42160034179688,109.26844024658203,112.371337890625,0.0008420730591751635,0.05653781071305275,21.014244079589844,0.8207366466522217,-0.24926798045635223,0.0,0.0
527,131.5,43.40164566040039,45.65705490112305,129.68907165527344,109.2728500366211,112.82516479492188,0.0008515419322066009,0.05654555931687355,21.014141082763672,0.8307456374168396,-0.28478869795799255,0.0,0.0
528,131.75,43.63508224487305,45.5132942199707,127.77019500732422,109.2754898071289,112.19898986816406,0.0008471662877127528,0.056545283645391464,21.0142822265625,0.8207366466522217,-0.23503029346466064,0.0,0.0
529,132,43.526554107666016,45.5489387512207,128.0297088623047,109.274169921875,111.54911041259766,0.0008432281902059913,0.056545037776231766,21.0144100189209,0.8307456374168396,-0.18342548608779907,0.0,0.0
530,132.25,43.62456512451172,45.44346618652344,130.97213745117188,109.28783416748047,112.06368255615234,0.0008396839257329702,0.05654481425881386,21.014524459838867,0.8307456374168396,-0.22328241169452667,0.0,0.0
531,132.5,43.42005920410156,45.642913818359375,129.807373046875,109.28783416748047,111.92688751220703,0.000825537892524153,0.05654461309313774,21.01462745666504,0.8207366466522217,-0.212409108877182,0.0,0.0
532,132.75,43.78586959838867,45.79441833496094,132.71392822265625,109.28739166259766,112.39553833007812,0.0008128064800985157,0.056544434279203415,21.014720916748047,0.8307456374168396,-0.24964122474193573,0.0,0.0
533,133,43.45018005371094,45.37031936645508,131.16294860839844,109.28562927246094,111.64244079589844,0.0008013481856323779,0.05654427036643028,21.01480484008789,0.8307456374168396,-0.18993686139583588,0.0,0.0
534,133.25,43.78943634033203,45.627384185791016,130.12107849121094,109.30502319335938,111.69725799560547,0.0007910357089713216,0.056558623909950256,21.01487922668457,0.8307456374168396,-0.1927272081375122,0.0,0.0
535,133.5,43.98365020751953,45.69974136352539,132.75209045410156,109.30766296386719,111.7105941772461,0.0007695166277699172,0.05657154321670532,21.01494598388672,0.8207366466522217,-0.1935747265815735,0.0,0.0
536,133.75,43.310630798339844,45.34811782836914,135.21441650390625,109.31251525878906,111.29182434082031,0.0007501494255848229,0.05658316984772682,21.01500701904297,0.8207366466522217,-0.15974581241607666,0.0,0.0
537,134,43.77137756347656,45.42692184448242,129.305908203125,109.29444122314453,111.5915756225586,0.0007327189669013023,0.0565936341881752,21.01506233215332,0.8307456374168396,-0.18516218662261963,0.0,0.0
538,134.25,43.802215576171875,45.41765213012695,129.10440063476562,109.31912231445312,111.94713592529297,0.0007170315366238356,0.05661030113697052,21.015111923217773,0.8307456374168396,-0.21147121489048004,0.0,0.0
539,134.5,43.96583938598633,45.47573471069336,128.02818298339844,109.3252944946289,111.6656494140625,0.0007029128610156476,0.056625302881002426,21.015155792236328,0.8307456374168396,-0.18855692446231842,0.0,0.0
540,134.75,43.57963562011719,44.64167404174805,131.52932739257812,109.33586883544922,111.67009735107422,0.0006902060704305768,0.05663880333304405,21.015195846557617,0.8207366466522217,-0.18805019557476044,0.0,0.0
541,135,43.7510986328125,45.61726760864258,130.5187530517578,109.32661437988281,111.49725341796875,0.0006652530864812434,0.056650955229997635,21.01523208618164,0.8207366466522217,-0.1750144213438034,0.0,0.0
542,135.25,43.420902252197266,45.62730026245117,128.20907592773438,109.33675384521484,111.4483642578125,0.0006427954067476094,0.05664739012718201,21.0152645111084,0.8207366466522217,-0.17028503119945526,0.0,0.0
543,135.5,43.73664855957031,45.66962432861328,134.9159698486328,109.3433609008789,111.43058776855469,0.0006225834949873388,0.05664418265223503,21.01529312133789,0.8107276558876038,-0.16832683980464935,0.0,0.0
544,135.75,43.619667053222656,45.36286544799805,129.72341918945312,109.34380340576172,112.31553649902344,0.0006043927860446274,0.05664129555225372,21.01531982421875,0.8207366466522217,-0.2387089729309082,0.0,0.0
545,136,43.808204650878906,45.4281005859375,134.61219787597656,109.34688568115234,112.16442108154297,0.0005854476476088166,0.05662419646978378,21.015342712402344,0.8107276558876038,-0.22647236287593842,0.0,0.0
546,136.25,43.563255310058594,45.2352409362793,130.28289794921875,109.36186981201172,112.04985046386719,0.0005683970521204174,0.05660880729556084,21.015363693237305,0.8107276558876038,-0.21615511178970337,0.0,0.0
547,136.5,43.845062255859375,45.858062744140625,128.54873657226562,109.36186981201172,112.23454284667969,0.0005530514754354954,0.056594956666231155,21.015382766723633,0.8107276558876038,-0.23081618547439575,0.0,0.0
548,136.75,43.52999496459961,45.64576721191406,130.8118438720703,109.35218048095703,112.37874603271484,0.000539240485522896,0.0565824918448925,21.015399932861328,0.8107276558876038,-0.24303531646728516,0.0,0.0
549,137,43.75829315185547,45.4286994934082,133.88250732421875,109.36231231689453,112.03602600097656,0.0005268105887807906,0.05657127499580383,21.01541519165039,0.8107276558876038,-0.21502059698104858,0.0,0.0
550,137.25,44.012638092041016,45.716819763183594,131.46673583984375,109.37289428710938,111.94071960449219,0.0005156236584298313,0.05658292770385742,21.01542854309082,0.8107276558876038,-0.2065834403038025,0.0,0.0
551,137.5,43.721805572509766,45.9990348815918,128.38157653808594,109.37113189697266,112.15257263183594,0.0005055554211139679,0.05659341439604759,21.01544189453125,0.8107276558876038,-0.22355826199054718,0.0,0.0
552,137.75,43.59389114379883,45.493019104003906,131.47589111328125,109.37245178222656,112.13775634765625,0.0004964940017089248,0.056602854281663895,21.015453338623047,0.8107276558876038,-0.22227482497692108,0.0,0.0
553,138,43.412479400634766,45.13200759887695,130.5874481201172,109.37332916259766,112.284423828125,0.0004883387591689825,0.05661134794354439,21.01546287536621,0.8107276558876038,-0.23383890092372894,0.0,0.0
554,138.25,43.38674545288086,45.652584075927734,132.01095581054688,109.39537048339844,112.59455108642578,0.00047761047608219087,0.05661899223923683,21.015472412109375,0.8007187247276306,-0.2565988004207611,0.0,0.0
555,138.5,43.4065055847168,45.67827224731445,129.93789672851562,109.39007568359375,112.51010131835938,0.00047761047608219087,0.05662587285041809,21.015480041503906,0.8007187247276306,-0.25035011768341064,0.0,0.0
556,138.75,43.93637466430664,45.7696418762207,131.3545379638672,109.38567352294922,113.11109924316406,0.0004745607730001211,0.056632064282894135,21.015487670898438,0.7907097339630127,-0.2981339693069458,0.0,0.0
557,139,43.818580627441406,45.53787612915039,129.2257537841797,109.38831329345703,112.43109130859375,0.0004718160489574075,0.056637637317180634,21.015493392944336,0.7907097339630127,-0.2442399561405182,0.0,0.0
558,139.25,43.886268615722656,45.73305892944336,133.12380981445312,109.40418243408203,112.16935729980469,0.0004709834174718708,0.05664265528321266,21.015499114990234,0.8107276558876038,-0.22220084071159363,0.0,0.0
559,139.5,43.516475677490234,45.381614685058594,131.50413513183594,109.39933776855469,112.1086196899414,0.0004709834174718708,0.0566471703350544,21.015504837036133,0.8107276558876038,-0.2177736759185791,0.0,0.0
560,139.75,43.499393463134766,45.74586868286133,134.4206085205078,109.40021514892578,112.69874572753906,0.00047245726455003023,0.05665123462677002,21.01551055908203,0.8007187247276306,-0.2644385099411011,0.0,0.0
561,140,43.845123291015625,45.63264465332031,131.58580017089844,109.41387939453125,112.2538070678711,0.0004737837298307568,0.056647639721632004,21.015514373779297,0.8007187247276306,-0.2281118780374527,0.0,0.0
562,140.25,43.890682220458984,45.952552795410156,129.12271118164062,109.42401123046875,112.90961456298828,0.000474977568956092,0.05664440616965294,21.015522003173828,0.8007187247276306,-0.2791432738304138,0.0,0.0
563,140.5,43.93708801269531,45.9128532409668,131.95599365234375,109.4200439453125,112.8365249633789,0.00048377676284871995,0.05664149671792984,21.015522003173828,0.7907097339630127,-0.27370163798332214,0.0,0.0
564,140.75,43.531097412109375,45.698875427246094,130.02108764648438,109.41432189941406,111.70960235595703,0.0004916960606351495,0.05663887783885002,21.015525817871094,0.8007187247276306,-0.18481384217739105,0.0,0.0
565,141,43.793304443359375,45.709930419921875,130.15390014648438,109.44781494140625,112.52442169189453,0.0004988234140910208,0.056636519730091095,21.015527725219727,0.8007187247276306,-0.24678552150726318,0.0,0.0
566,141.25,43.537139892578125,45.64111328125,129.45321655273438,109.41651916503906,112.58269500732422,0.0005052380147390068,0.05663439631462097,21.01552963256836,0.8207366466522217,-0.2539406716823578,0.0,0.0
567,141.5,43.38026428222656,45.371734619140625,131.6163330078125,109.4271011352539,111.83355712890625,0.0005110111669637263,0.05663248524069786,21.015531539916992,0.8107276558876038,-0.19364629685878754,0.0,0.0
568,141.75,43.48802185058594,45.55796432495117,132.51089477539062,109.43635559082031,111.61231994628906,0.0005265114014036953,0.05663076788187027,21.015533447265625,0.8107276558876038,-0.17526550590991974,0.0,0.0
569,142,43.7275390625,45.84143829345703,129.5012969970703,109.44869232177734,112.27701568603516,0.0005404615658335388,0.05660747364163399,21.015535354614258,0.8007187247276306,-0.22712008655071259,0.0,0.0
570,142.25,43.64703369140625,45.81611633300781,131.52780151367188,109.4517822265625,112.13775634765625,0.00055301672546193,0.056586507707834244,21.01553726196289,0.8007187247276306,-0.21582022309303284,0.0,0.0
571,142.5,43.65365219116211,45.966590881347656,128.61361694335938,109.44869232177734,111.83355712890625,0.0005643164040520787,0.056567639112472534,21.015539169311523,0.8007187247276306,-0.19189006090164185,0.0,0.0
572,142.75,43.75480651855469,45.29018020629883,126.36729431152344,109.44824981689453,111.6439208984375,0.0005777071346528828,0.056550655514001846,21.015541076660156,0.8107276558876038,-0.17681820690631866,0.0,0.0
573,143,43.98445510864258,45.80885696411133,128.42431640625,109.46808624267578,111.5871353149414,0.0005897587980143726,0.05653537064790726,21.01554298400879,0.8107276558876038,-0.1706760972738266,0.0,0.0
574,143.25,43.700706481933594,45.58040237426758,131.06219482421875,109.49056243896484,111.86367797851562,0.000600605271756649,0.05650923401117325,21.015544891357422,0.8007187247276306,-0.19088275730609894,0.0,0.0
575,143.5,43.94910430908203,45.976776123046875,128.76016235351562,109.47073364257812,111.87010192871094,0.0006103671039454639,0.05650923401117325,21.015544891357422,0.8107276558876038,-0.19300590455532074,0.0,0.0
576,143.75,43.507667541503906,45.82533264160156,133.3726348876953,109.47381591796875,112.08589935302734,0.0006178640760481358,0.05649809166789055,21.015544891357422,0.8107276558876038,-0.20991083979606628,0.0,0.0
577,144,43.7670783996582,45.784645080566406,133.06350708007812,109.50113677978516,112.14368438720703,0.0006246113334782422,0.05648806318640709,21.015544891357422,0.8107276558876038,-0.2122776061296463,0.0,0.0
578,144.25,43.90353012084961,45.790340423583984,128.9296112060547,109.4791030883789,111.70516204833984,0.0006306838477030396,0.05648628994822502,21.015544891357422,0.8107276558876038,-0.17919081449508667,0.0,0.0
579,144.5,43.6494026184082,45.82440948486328,129.49061584472656,109.4870376586914,112.30121612548828,0.0006361491396091878,0.05648469179868698,21.015544891357422,0.8207366466522217,-0.22592048346996307,0.0,0.0
580,144.75,43.61872482299805,45.482234954833984,129.78372192382812,109.48748016357422,112.17676544189453,0.0006397796678356826,0.056483253836631775,21.015544891357422,0.8007187247276306,-0.21601374447345734,0.0,0.0
581,145,43.637943267822266,45.49399948120117,133.24668884277344,109.49937438964844,112.3407211303711,0.0006430470966733992,0.05648196116089821,21.015544891357422,0.8107276558876038,-0.2280481904745102,0.0,0.0
582,145.25,43.70207595825195,45.713829040527344,127.91368865966797,109.49188232421875,111.8389892578125,0.0006459878059104085,0.05648079514503479,21.015544891357422,0.8207366466522217,-0.1888105422258377,0.0,0.0
583,145.5,43.831241607666016,45.93177032470703,130.83016967773438,109.49232482910156,112.9234390258789,0.000648634450044483,0.05647249519824982,21.015544891357422,0.8207366466522217,-0.2746772766113281,0.0,0.0
584,145.75,43.5666618347168,45.3961296081543,130.34014892578125,109.50289916992188,111.87947845458984,0.0006510164239443839,0.0564650259912014,21.015544891357422,0.8107276558876038,-0.19113703072071075,0.0,0.0
585,146,43.925418853759766,45.43091583251953,130.96067810058594,109.50730895996094,111.6414566040039,0.000653205846901983,0.056458305567502975,21.015544891357422,0.8107276558876038,-0.1718195527791977,0.0,0.0
586,146.25,43.6384162902832,45.38319778442383,128.50294494628906,109.51832580566406,111.14910125732422,0.0006551762926392257,0.05645225569605827,21.015544891357422,0.8207366466522217,-0.1315779685974121,0.0,0.0
587,146.5,43.730133056640625,45.787818908691406,132.53074645996094,109.52449798583984,112.39306640625,0.0006569497054442763,0.05645406246185303,21.015544891357422,0.8207366466522217,-0.23015296459197998,0.0,0.0
588,146.75,43.65827560424805,45.53657150268555,130.8935089111328,109.5209732055664,112.5905990600586,0.0006585458177141845,0.05645568668842316,21.015544891357422,0.8207366466522217,-0.24607090651988983,0.0,0.0
589,147,43.74686050415039,45.779296875,130.205810546875,109.52758026123047,111.5436782836914,0.0006599822663702071,0.05645715072751045,21.015544891357422,0.8207366466522217,-0.16237162053585052,0.0,0.0
590,147.25,43.79671859741211,45.4641227722168,130.64926147460938,109.53199005126953,111.8829345703125,0.0006632074946537614,0.05645846575498581,21.015544891357422,0.8007187247276306,-0.18904739618301392,0.0,0.0
591,147.5,43.00715637207031,45.53791809082031,132.7276611328125,109.53727722167969,112.00244140625,0.0006661101942881942,0.05645965039730072,21.015459060668945,0.8007187247276306,-0.19812114536762238,0.0,0.0
592,147.75,43.71189880371094,45.717708587646484,128.8731231689453,109.53992462158203,112.88739013671875,0.0006687226705253124,0.05646071583032608,21.015382766723633,0.8107276558876038,-0.2679658532142639,0.0,0.0
593,148,43.45478820800781,45.74879837036133,130.39662170410156,109.54389190673828,112.74763488769531,0.0006710738525725901,0.056461676955223083,21.01531410217285,0.8107276558876038,-0.2566157281398773,0.0,0.0
594,148.25,43.749290466308594,45.71794891357422,126.95654296875,109.54212951660156,113.59505462646484,0.0006731899338774383,0.05646254122257233,21.01525115966797,0.8007187247276306,-0.3234170079231262,0.0,0.0
595,148.5,43.421146392822266,45.590606689453125,130.0264434814453,109.55049896240234,112.20294189453125,0.000675094430334866,0.056463319808244705,21.015195846557617,0.7907097339630127,-0.21296828985214233,0.0,0.0
596,148.75,43.50921630859375,45.41592788696289,131.71937561035156,109.55931091308594,112.35059356689453,0.0006787414313293993,0.05644911155104637,21.01514434814453,0.78070068359375,-0.223959282040596,0.0,0.0
597,149,43.551971435546875,45.99711227416992,130.57293701171875,109.5628433227539,112.32343292236328,0.0006820237031206489,0.05643632262945175,21.015098571777344,0.78070068359375,-0.22151975333690643,0.0,0.0
598,149.25,43.76418685913086,46.06806182861328,129.31353759765625,109.5729751586914,112.17578125,0.0006849778001196682,0.056424811482429504,21.015058517456055,0.78070068359375,-0.2089868038892746,0.0,0.0
599,149.5,43.147361755371094,45.56361770629883,131.54840087890625,109.57562255859375,112.82714080810547,0.0006876364350318909,0.05642170086503029,21.01502227783203,0.78070068359375,-0.26031315326690674,0.0,0.0
600,149.75,43.7291374206543,45.650360107421875,131.3766632080078,109.57473754882812,111.47997283935547,0.000684231286868453,0.056418903172016144,21.014989852905273,0.8007187247276306,-0.15345405042171478,0.0,0.0
601,150,44.053855895996094,45.79507827758789,130.363037109375,109.58531951904297,111.77972412109375,0.000681166653521359,0.056416384875774384,21.01495933532715,0.8007187247276306,-0.17649832367897034,0.0,0.0
602,150.25,43.67985916137695,45.6441764831543,132.0643768310547,109.56768798828125,111.45626831054688,0.0006784084835089743,0.05641411989927292,21.01493263244629,0.8007187247276306,-0.1521337330341339,0.0,0.0
603,150.5,42.86854934692383,45.85947799682617,127.19239807128906,109.58708190917969,111.7979965209961,0.0006759261013939977,0.05641207844018936,21.014907836914062,0.7907097339630127,-0.17781035602092743,0.0,0.0
604,150.75,43.67601776123047,45.631446838378906,132.51394653320312,109.5888442993164,112.72738647460938,0.0006608132971450686,0.05641024187207222,21.0148868560791,0.78070068359375,-0.25136467814445496,0.0,0.0
605,151,43.87450408935547,46.00897979736328,131.70640563964844,109.60206604003906,112.58812713623047,0.000647211738396436,0.056423086673021317,21.014867782592773,0.78070068359375,-0.23928672075271606,0.0,0.0
606,151.25,43.92597579956055,46.05898666381836,126.61459350585938,109.6055908203125,112.45874786376953,0.0006349703762680292,0.056434646248817444,21.014850616455078,0.78070068359375,-0.22876514494419098,0.0,0.0
607,151.5,43.63418960571289,45.76620101928711,130.70346069335938,109.60338592529297,111.9930648803711,0.0006239531212486327,0.05644505098462105,21.014835357666016,0.78070068359375,-0.19200499355793,0.0,0.0
608,151.75,43.649085998535156,45.98579788208008,126.99470520019531,109.6055908203125,112.675537109375,0.0006082452600821853,0.05645441636443138,21.014820098876953,0.7907097339630127,-0.2459089159965515,0.0,0.0
609,152,43.675479888916016,45.89934539794922,129.16165161132812,109.6223373413086,112.03898620605469,0.0005941081908531487,0.0564628429710865,21.014806747436523,0.8007187247276306,-0.19411538541316986,0.0,0.0
610,152.25,43.79145812988281,45.45588684082031,133.0154266357422,109.65803527832031,112.85874938964844,0.0005813848110847175,0.05647042766213417,21.014795303344727,0.8107276558876038,-0.25611382722854614,0.0,0.0
611,152.5,43.597015380859375,45.61332702636719,128.1724395751953,109.64481353759766,112.90961456298828,0.0005699337925761938,0.05647725611925125,21.01478385925293,0.8007187247276306,-0.2611982822418213,0.0,0.0
612,152.75,43.51073455810547,45.62364959716797,129.23797607421875,109.62718200683594,112.33479309082031,0.0005596278933808208,0.056483399122953415,21.014774322509766,0.8007187247276306,-0.217194065451622,0.0,0.0
613,153,43.609371185302734,45.794761657714844,134.31756591796875,109.6487808227539,113.5530776977539,0.0005503525608219206,0.05648892745375633,21.014766693115234,0.7907097339630127,-0.3114640414714813,0.0,0.0
614,153.25,43.62101745605469,45.597251892089844,129.1471405029297,109.64437103271484,112.24146270751953,0.0005445789429359138,0.05648665502667427,21.014759063720703,0.8007187247276306,-0.20839960873126984,0.0,0.0
615,153.5,43.86927795410156,45.741249084472656,129.3936767578125,109.65406799316406,112.36442565917969,0.0005393826868385077,0.056484609842300415,21.014867782592773,0.8107276558876038,-0.21735936403274536,0.0,0.0
616,153.75,43.62141418457031,45.71781921386719,132.0430145263672,109.65098571777344,112.26763153076172,0.000534706050530076,0.056482769548892975,21.01496696472168,0.8007187247276306,-0.2099374532699585,0.0,0.0
617,154,43.59774398803711,45.183712005615234,130.3126678466797,109.66287994384766,112.99504852294922,0.0005304971127770841,0.05648111179471016,21.01505470275879,0.8107276558876038,-0.2664649784564972,0.0,0.0
618,154.25,43.799346923828125,45.76640701293945,129.34483337402344,109.66332244873047,113.03553771972656,0.0005254217539913952,0.056479621678590775,21.015134811401367,0.8007187247276306,-0.2696184813976288,0.0,0.0
619,154.5,43.777076721191406,45.38211441040039,134.0382080078125,109.6589126586914,112.09232330322266,0.0005208539078012109,0.05645653232932091,21.015207290649414,0.8007187247276306,-0.1953822672367096,0.0,0.0
620,154.75,43.59244918823242,45.233341217041016,129.89820861816406,109.6642074584961,112.29972839355469,0.0005167428753338754,0.05643575266003609,21.01527214050293,0.8007187247276306,-0.21140871942043304,0.0,0.0
621,155,43.58771896362305,45.68117141723633,127.0321044921875,109.68492126464844,112.76689910888672,0.0005130429053679109,0.05641705170273781,21.015329360961914,0.7907097339630127,-0.2466835081577301,0.0,0.0
622,155.25,43.78112030029297,45.82826614379883,129.90049743652344,109.67654418945312,112.48442077636719,0.0005097129615023732,0.05640022084116936,21.015380859375,0.8107276558876038,-0.2250361442565918,0.0,0.0
623,155.5,43.78964614868164,45.683990478515625,128.1541290283203,109.67654418945312,111.86417388916016,0.0005067160236649215,0.05638507008552551,21.01542854309082,0.8207366466522217,-0.1758137047290802,0.0,0.0
624,155.75,44.13295364379883,45.69008255004883,133.703125,109.68888092041016,111.67750549316406,0.0005040187388658524,0.056364189833402634,21.015470504760742,0.7907097339630127,-0.15994514524936676,0.0,0.0
625,156,44.13328552246094,46.15316390991211,127.04279327392578,109.70122528076172,112.25726318359375,0.0004874385194852948,0.05634539574384689,21.0155086517334,0.8007187247276306,-0.205037459731102,0.0,0.0
626,156.25,43.674224853515625,45.650352478027344,128.9013671875,109.69593811035156,112.04145812988281,0.00047251631622202694,0.056328482925891876,21.01554298400879,0.7907097339630127,-0.18833689391613007,0.0,0.0
627,156.5,43.6394157409668,45.51469802856445,130.82176208496094,109.68756103515625,112.70960998535156,0.0004590863245539367,0.05631326138973236,21.015573501586914,0.7907097339630127,-0.24194537103176117,0.0,0.0
628,156.75,43.63985824584961,45.1827507019043,130.95152282714844,109.70210266113281,112.06022644042969,0.00044699932914227247,0.05629955977201462,21.015602111816406,0.78070068359375,-0.18932761251926422,0.0,0.0
629,157,44.110260009765625,45.489383697509766,131.18356323242188,109.72457885742188,112.19800567626953,0.00042707365355454385,0.05626548081636429,21.015626907348633,0.7706916928291321,-0.19844235479831696,0.0,0.0
630,157.25,43.98477554321289,45.45158386230469,129.09066772460938,109.71708679199219,112.41874694824219,0.00040914054261520505,0.05623481050133705,21.015649795532227,0.8007187247276306,-0.21654707193374634,0.0,0.0
631,157.5,43.53934097290039,45.815433502197266,129.64938354492188,109.72766876220703,112.88640594482422,0.00039300075150094926,0.05620720610022545,21.015756607055664,0.8007187247276306,-0.2526441216468811,0.0,0.0
632,157.75,43.55678176879883,45.371337890625,133.39553833007812,109.72238159179688,112.38269805908203,0.0003784749424085021,0.056182362139225006,21.015853881835938,0.8107276558876038,-0.21326230466365814,0.0,0.0
633,158,43.74734115600586,46.17729568481445,128.4815673828125,109.73956298828125,111.82071685791016,0.0003654017054941505,0.05616000294685364,21.015939712524414,0.8107276558876038,-0.1672416627407074,0.0,0.0
634,158.25,44.03575134277344,45.692386627197266,133.3596649169922,109.73956298828125,112.1303482055664,0.00034977938048541546,0.05616162717342377,21.01601791381836,0.8107276558876038,-0.1918569952249527,0.0,0.0
635,158.5,43.63044357299805,45.642242431640625,128.45103454589844,109.72590637207031,112.03997802734375,0.0003357192617841065,0.05616309121251106,21.016088485717773,0.7907097339630127,-0.1857873797416687,0.0,0.0
636,158.75,43.63671112060547,45.7790412902832,131.66824340820312,109.74662017822266,112.0039291381836,0.0003230651782359928,0.05616440623998642,21.016151428222656,0.7907097339630127,-0.18124237656593323,0.0,0.0
637,159,43.858394622802734,45.678462982177734,130.8553466796875,109.73648071289062,112.31256866455078,0.0003116765001323074,0.05616559088230133,21.01620864868164,0.8007187247276306,-0.20656169950962067,0.0,0.0
638,159.25,43.53055953979492,45.606285095214844,128.7716064453125,109.74749755859375,112.66812896728516,0.00030335478368215263,0.05616665631532669,21.016260147094727,0.8007187247276306,-0.23380565643310547,0.0,0.0
639,159.5,43.958038330078125,45.6593017578125,135.17320251464844,109.74309539794922,112.17726135253906,0.0002958652621600777,0.056167617440223694,21.016305923461914,0.8107276558876038,-0.19529440999031067,0.0,0.0
640,159.75,43.862667083740234,45.703487396240234,131.22325134277344,109.75895690917969,112.53677368164062,0.0002891246695071459,0.05616889148950577,21.016347885131836,0.8207366466522217,-0.22249189019203186,0.0,0.0
641,160,43.669864654541016,45.398216247558594,126.38484954833984,109.76953887939453,113.04048156738281,0.0002830581506714225,0.056170035153627396,21.016386032104492,0.8207366466522217,-0.26138952374458313,0.0,0.0
642,160.25,44.25675964355469,45.635711669921875,128.4151611328125,109.7593994140625,112.7081298828125,0.0002833837934304029,0.05617106705904007,21.016420364379883,0.8207366466522217,-0.2360006421804428,0.0,0.0
643,160.5,43.765262603759766,45.64037322998047,129.00059509277344,109.76204681396484,112.83899688720703,0.0002836768690031022,0.05617199465632439,21.016450881958008,0.8107276558876038,-0.24611565470695496,0.0,0.0
644,160.75,43.76190948486328,45.743812561035156,128.7403106689453,109.77041625976562,112.64442443847656,0.00028394063701853156,0.05617282912135124,21.016477584838867,0.8207366466522217,-0.23007401823997498,0.0,0.0
645,161,43.95326232910156,45.4720344543457,131.08433532714844,109.79509735107422,112.64590454101562,0.00028417803696356714,0.0561445876955986,21.016502380371094,0.8107276558876038,-0.22818973660469055,0.0,0.0
646,161.25,43.7585334777832,45.41997528076172,132.29412841796875,109.77262115478516,112.61825561523438,0.00029210804495960474,0.0561191700398922,21.016523361206055,0.8107276558876038,-0.22782664000988007,0.0,0.0
647,161.5,43.775848388671875,45.83642578125,131.6422882080078,109.76600646972656,112.58071899414062,0.0002992450608871877,0.05609629303216934,21.016542434692383,0.8107276558876038,-0.2253953069448471,0.0,0.0
648,161.75,43.64119338989258,45.957027435302734,129.54481506347656,109.78099060058594,112.67405700683594,0.0003056683635804802,0.05607570335268974,21.016559600830078,0.8207366466522217,-0.23155789077281952,0.0,0.0
649,162,43.63653564453125,45.72256088256836,128.79222106933594,109.7920150756836,112.69676971435547,0.0003114493447355926,0.056057173758745193,21.01657485961914,0.8207366466522217,-0.23245814442634583,0.0,0.0
650,162.25,43.48107147216797,45.62362289428711,129.53640747070312,109.7942123413086,112.51850128173828,0.0003166522365063429,0.05604049563407898,21.016590118408203,0.8207366466522217,-0.21818748116493225,0.0,0.0
651,162.5,43.844783782958984,45.54026794433594,127.373291015625,109.7933349609375,112.16244506835938,0.0003335592045914382,0.056025486439466476,21.016603469848633,0.8107276558876038,-0.19004417955875397,0.0,0.0
652,162.75,43.94957733154297,45.916465759277344,130.4515838623047,109.80523681640625,112.27849578857422,0.0003487754729576409,0.056011978536844254,21.01661491394043,0.8107276558876038,-0.19828501343727112,0.0,0.0
653,163,43.7697868347168,45.71601486206055,130.39356994628906,109.8021469116211,112.92689514160156,0.00036247013485990465,0.05601431801915169,21.016626358032227,0.8007187247276306,-0.24979619681835175,0.0,0.0
654,163.25,43.50169372558594,45.03724670410156,127.30001831054688,109.8025894165039,112.96047973632812,0.0003747953160200268,0.05601642280817032,21.01663589477539,0.8007187247276306,-0.2524072229862213,0.0,0.0
655,163.5,43.702938079833984,45.54096221923828,132.03079223632812,109.80390930175781,112.59652709960938,0.00039490024209953845,0.056018318980932236,21.016643524169922,0.8007187247276306,-0.22357186675071716,0.0,0.0
656,163.75,43.13777160644531,45.693275451660156,130.77749633789062,109.8206558227539,112.93775939941406,0.0004129946755710989,0.05602002516388893,21.016651153564453,0.7907097339630127,-0.24915173649787903,0.0,0.0
657,164,43.7408561706543,45.71095275878906,131.12631225585938,109.81404876708984,112.6626968383789,0.00042927966569550335,0.056028809398412704,21.016658782958984,0.7706916928291321,-0.2279801368713379,0.0,0.0
658,164.25,43.51738357543945,45.83953094482422,127.54350280761719,109.81449127197266,112.16985321044922,0.0004439361800905317,0.05603671446442604,21.016664505004883,0.78070068359375,-0.18891678750514984,0.0,0.0
659,164.5,43.99758529663086,45.71659469604492,130.0439910888672,109.81449127197266,112.04195404052734,0.00045712702558375895,0.0560438297688961,21.01667022705078,0.7907097339630127,-0.17876040935516357,0.0,0.0
660,164.75,43.77669143676758,45.81790542602539,132.3971710205078,109.82682800292969,111.96886444091797,0.00047608313616365194,0.05605023354291916,21.01667594909668,0.7907097339630127,-0.171951562166214,0.0,0.0
661,165,42.924354553222656,45.763824462890625,129.79898071289062,109.83079528808594,111.77725982666016,0.0004931436269544065,0.05607049539685249,21.016679763793945,0.78070068359375,-0.15638363361358643,0.0,0.0
662,165.25,43.90717697143555,45.58624267578125,128.3747100830078,109.82286071777344,112.40097045898438,0.0005084980512037873,0.056088730692863464,21.01668357849121,0.78070068359375,-0.2065611630678177,0.0,0.0
663,165.5,43.829803466796875,45.6529541015625,131.1408233642578,109.82374572753906,112.45084381103516,0.0005223170737735927,0.05610514059662819,21.016687393188477,0.78070068359375,-0.21043890714645386,0.0,0.0
664,165.75,43.9982795715332,45.925045013427734,127.46870422363281,109.8365249633789,112.46269226074219,0.0005379748763516545,0.05611991137266159,21.016691207885742,0.7907097339630127,-0.21034054458141327,0.0,0.0
665,166,43.667110443115234,45.29157257080078,130.49966430664062,109.82418060302734,113.01578521728516,0.0005520668928511441,0.0561332032084465,21.016695022583008,0.8007187247276306,-0.2550140917301178,0.0,0.0
666,166.25,44.035099029541016,45.884605407714844,134.95948791503906,109.82418060302734,112.4780044555664,0.0005647497600875795,0.05615241825580597,21.01669692993164,0.8007187247276306,-0.21255309879779816,0.0,0.0
667,166.5,43.52130126953125,45.5836296081543,129.23110961914062,109.83872985839844,112.35356140136719,0.0005761643406003714,0.05616971105337143,21.016698837280273,0.8007187247276306,-0.20151975750923157,0.0,0.0
668,166.75,43.84159851074219,45.63945770263672,129.09600830078125,109.8466567993164,112.45182800292969,0.0005864374106749892,0.0561852753162384,21.016700744628906,0.8007187247276306,-0.2086597979068756,0.0,0.0
669,167,44.18447494506836,45.434444427490234,132.84140014648438,109.84709930419922,112.54269409179688,0.000593795848544687,0.05619928240776062,21.01670265197754,0.7907097339630127,-0.2158142477273941,0.0,0.0
670,167.25,43.713470458984375,45.33352279663086,133.01771545410156,109.84136962890625,112.26170349121094,0.0006004184251651168,0.05620463937520981,21.016704559326172,0.7907097339630127,-0.19402481615543365,0.0,0.0
671,167.5,43.589622497558594,45.491695404052734,130.80726623535156,109.83960723876953,112.79158782958984,0.000606378773227334,0.05620945990085602,21.016706466674805,0.7907097339630127,-0.23608669638633728,0.0,0.0
672,167.75,43.507774353027344,45.96489334106445,130.04246520996094,109.85679626464844,112.2868881225586,0.0006117430748417974,0.056213799864053726,21.016708374023438,0.7907097339630127,-0.19477103650569916,0.0,0.0
673,168,43.97563934326172,46.17821502685547,129.65853881835938,109.85062408447266,112.65528869628906,0.0006120626931078732,0.056217703968286514,21.01671028137207,0.8007187247276306,-0.22442995011806488,0.0,0.0
674,168.25,44.13788986206055,45.795841217041016,126.73824310302734,109.84974670410156,112.05330657958984,0.0006123502971604466,0.05621396750211716,21.016624450683594,0.78070068359375,-0.17680521309375763,0.0,0.0
675,168.5,43.72846603393555,45.5858268737793,130.57064819335938,109.85018920898438,112.2607192993164,0.0006126091466285288,0.056210603564977646,21.01654815673828,0.8007187247276306,-0.193231999874115,0.0,0.0
676,168.75,43.701454162597656,44.64756393432617,133.68710327148438,109.86076354980469,112.19651794433594,0.0006128421518951654,0.056207578629255295,21.0164794921875,0.8007187247276306,-0.18728230893611908,0.0,0.0
677,169,43.313663482666016,45.96548080444336,129.3379669189453,109.85855865478516,112.2607192993164,0.0006130518158897758,0.05620485544204712,21.016416549682617,0.8007187247276306,-0.19255368411540985,0.0,0.0
678,169.25,43.98568344116211,45.56969451904297,131.08204650878906,109.8612060546875,112.47850036621094,0.0006132405251264572,0.05620240420103073,21.016359329223633,0.8007187247276306,-0.20959194004535675,0.0,0.0
679,169.5,43.70814514160156,45.7822265625,125.86963653564453,109.86693572998047,113.2597427368164,0.0006153425783850253,0.05619978904724121,21.016307830810547,0.8007187247276306,-0.270744651556015,0.0,0.0
680,169.75,43.663394927978516,44.93471908569336,130.70651245117188,109.86693572998047,112.43009948730469,0.0006172343855723739,0.05619743466377258,21.01626205444336,0.8107276558876038,-0.20529592037200928,0.0,0.0
681,170,42.94385528564453,45.74471664428711,129.56312561035156,109.8700180053711,112.46318817138672,0.0006189370178617537,0.05619531497359276,21.01622200012207,0.8007187247276306,-0.2076658010482788,0.0,0.0
682,170.25,43.71133041381836,45.60283279418945,130.21267700195312,109.86560821533203,113.08097076416016,0.0006204693927429616,0.056193407624959946,21.016185760498047,0.8107276558876038,-0.2567899227142334,0.0,0.0
683,170.5,43.59103012084961,45.56135940551758,130.98892211914062,109.86384582519531,112.54911804199219,0.0006315120845101774,0.056184444576501846,21.01615333557129,0.8107276558876038,-0.21496514976024628,0.0,0.0
684,170.75,43.6997184753418,45.781150817871094,130.05772399902344,109.87751007080078,112.28540802001953,0.0006414504605345428,0.05617637559771538,21.016122817993164,0.8007187247276306,-0.19297553598880768,0.0,0.0
685,171,44.102783203125,45.970062255859375,131.47665405273438,109.87090301513672,112.501708984375,0.0006503949989564717,0.056169115006923676,21.016096115112305,0.8007187247276306,-0.21064263582229614,0.0,0.0
686,171.25,44.065250396728516,45.830238342285156,130.6317138671875,109.87971496582031,112.75652313232422,0.0006584451184608042,0.05616258084774017,21.016071319580078,0.7907097339630127,-0.2300691157579422,0.0,0.0
687,171.5,43.58396911621094,45.98905563354492,131.40872192382812,109.87971496582031,113.05035400390625,0.0006656902260147035,0.0561566986143589,21.016050338745117,0.78070068359375,-0.25323641300201416,0.0,0.0
688,171.75,43.60490417480469,45.86161422729492,129.16470336914062,109.8880844116211,112.47504425048828,0.0006767221493646502,0.05615140497684479,21.01603126525879,0.78070068359375,-0.20714062452316284,0.0,0.0
689,172,43.7240104675293,46.200016021728516,128.3044891357422,109.8779525756836,112.80343627929688,0.000686650921124965,0.05613214150071144,21.016014099121094,0.7907097339630127,-0.23391461372375488,0.0,0.0
690,172.25,43.812843322753906,45.63002014160156,132.60707092285156,109.88412475585938,112.7318344116211,0.0006955867866054177,0.0561148039996624,21.01599884033203,0.78070068359375,-0.2277624011039734,0.0,0.0
691,172.5,43.99520492553711,45.68315124511719,130.02566528320312,109.88764953613281,112.85578918457031,0.000703629048075527,0.05609920248389244,21.01598358154297,0.78070068359375,-0.2372598797082901,0.0,0.0
692,172.75,43.62729263305664,46.13302993774414,128.73802185058594,109.90571594238281,112.92591094970703,0.0007115115877240896,0.05608516186475754,21.01597023010254,0.7907097339630127,-0.2413254678249359,0.0,0.0
693,173,43.890647888183594,46.09346389770508,131.0736541748047,109.8885269165039,112.84590911865234,0.0007186058210209012,0.056072525680065155,21.015958786010742,0.7907097339630127,-0.2364092916250229,0.0,0.0
694,173.25,43.662391662597656,45.68450927734375,131.87127685546875,109.88896942138672,112.49331665039062,0.0007249906775541604,0.05605390667915344,21.015947341918945,0.7907097339630127,-0.2085147649049759,0.0,0.0
695,173.5,44.104366302490234,45.80847930908203,131.81097412109375,109.88147735595703,112.44689178466797,0.0007307370542548597,0.05603714659810066,21.01593780517578,0.7907097339630127,-0.20544742047786713,0.0,0.0
696,173.75,43.9761848449707,45.47869873046875,128.58995056152344,109.90174865722656,112.88986206054688,0.0007320416043512523,0.05602206289768219,21.01593017578125,0.78070068359375,-0.238804891705513,0.0,0.0
697,174,43.477073669433594,46.368682861328125,131.0919647216797,109.88676452636719,112.0434341430664,0.0007332157110795379,0.056008487939834595,21.01592254638672,0.7907097339630127,-0.1730210781097412,0.0,0.0
698,174.25,44.19052505493164,45.6674919128418,131.3232421875,109.89381408691406,113.09480285644531,0.000734272412955761,0.055981773883104324,21.015914916992188,0.78070068359375,-0.2555934488773346,0.0,0.0
699,174.5,43.8652458190918,45.566650390625,130.3225860595703,109.89734649658203,112.48689270019531,0.0007352234097197652,0.05595773085951805,21.01590919494629,0.78070068359375,-0.20732800662517548,0.0,0.0
700,174.75,43.44064712524414,45.98533248901367,126.70313262939453,109.9043960571289,112.71109008789062,0.0007277032127603889,0.055936094373464584,21.01590347290039,0.78070068359375,-0.22448216378688812,0.0,0.0
701,175,43.7415771484375,45.93873596191406,132.3277130126953,109.89734649658203,112.77035522460938,0.0007209350587800145,0.055916618555784225,21.015897750854492,0.78070068359375,-0.22973261773586273,0.0,0.0
702,175.25,43.969200134277344,45.839630126953125,128.7212371826172,109.89998626708984,112.7101058959961,0.000714843743480742,0.05589184910058975,21.015893936157227,0.78070068359375,-0.22476133704185486,0.0,0.0
703,175.5,44.20904541015625,45.892269134521484,128.82504272460938,109.90263366699219,113.29035949707031,0.000709361513145268,0.055869556963443756,21.01589012145996,0.78070068359375,-0.27025896310806274,0.0,0.0
704,175.75,43.84886169433594,45.46279525756836,131.81631469726562,109.92290496826172,112.69035339355469,0.0007044275407679379,0.05584949254989624,21.015886306762695,0.78070068359375,-0.22134515643119812,0.0,0.0
705,176,43.999855041503906,45.44743347167969,131.82623291015625,109.89866638183594,112.36195373535156,0.0006999869365245104,0.055831436067819595,21.01588249206543,0.78070068359375,-0.19732798635959625,0.0,0.0
706,176.25,43.964290618896484,45.828800201416016,131.0316619873047,109.90660095214844,112.57923889160156,0.0006959903985261917,0.0558079369366169,21.015878677368164,0.78070068359375,-0.21388350427150726,0.0,0.0
707,176.5,44.23820114135742,46.05338668823242,131.8445587158203,109.91100311279297,112.07948303222656,0.0006923935143277049,0.05578678473830223,21.01587677001953,0.7907097339630127,-0.1739213764667511,0.0,0.0
708,176.75,44.056705474853516,45.84246063232422,129.78829956054688,109.9145278930664,112.81726837158203,0.0006891563534736633,0.05576774850487709,21.0158748626709,0.7907097339630127,-0.23204366862773895,0.0,0.0
709,177,44.08327865600586,45.9861946105957,130.3096160888672,109.88985443115234,112.56244659423828,0.00067138735903427,0.055750615894794464,21.015872955322266,0.7907097339630127,-0.21391232311725616,0.0,0.0
710,177.25,43.713287353515625,45.73691177368164,129.63487243652344,109.90836334228516,113.02961730957031,0.0006553952698595822,0.05573519691824913,21.01603889465332,0.8007187247276306,-0.24928270280361176,0.0,0.0
711,177.5,43.70262145996094,46.27805709838867,130.01193237304688,109.90747833251953,112.79652404785156,0.000628048786893487,0.05574306100606918,21.016321182250977,0.8107276558876038,-0.2309773862361908,0.0,0.0
712,177.75,44.10633850097656,45.94839859008789,130.60804748535156,109.92290496826172,112.41331481933594,0.0006163905491121113,0.05575013905763626,21.016441345214844,0.8107276558876038,-0.1994331181049347,0.0,0.0
713,178,44.105133056640625,45.966495513916016,128.8700714111328,109.90351104736328,112.79899597167969,0.0006163905491121113,0.05575650930404663,21.016441345214844,0.8007187247276306,-0.23149362206459045,0.0,0.0
714,178.25,44.21620559692383,45.924625396728516,129.73257446289062,109.92951202392578,112.72047424316406,0.0006052546086721122,0.055762242525815964,21.016550064086914,0.7907097339630127,-0.22318881750106812,0.0,0.0
715,178.5,43.9578857421875,45.825401306152344,132.07736206054688,109.91629028320312,112.26763153076172,0.0005952322389930487,0.055767402052879333,21.016733169555664,0.78070068359375,-0.18842469155788422,0.0,0.0
716,178.75,43.49528503417969,45.99992370605469,130.44241333007812,109.92334747314453,111.72491455078125,0.0005862120888195932,0.05577204376459122,21.01689910888672,0.78070068359375,-0.14471527934074402,0.0,0.0
717,179,44.386444091796875,45.31132125854492,130.45692443847656,109.9123306274414,112.88097381591797,0.0005780939827673137,0.05577622354030609,21.017047882080078,0.7706916928291321,-0.2372467964887619,0.0,0.0
718,179.25,44.00145721435547,45.984588623046875,132.01324462890625,109.91585540771484,112.22467041015625,0.0005714312428608537,0.05577273666858673,21.017181396484375,0.8007187247276306,-0.185052752494812,0.0,0.0
719,179.5,43.09619903564453,45.89090347290039,131.48199462890625,109.91717529296875,112.29035186767578,0.0005654347478412092,0.05576959624886513,21.017301559448242,0.8007187247276306,-0.1901547610759735,0.0,0.0
720,179.75,43.80991744995117,45.900142669677734,130.26304626464844,109.92510986328125,112.50418090820312,0.0005600379081442952,0.05576677247881889,21.017410278320312,0.7907097339630127,-0.20644766092300415,0.0,0.0
721,180,44.15937805175781,45.646846771240234,129.37307739257812,109.92025756835938,112.89973449707031,0.0005551807698793709,0.05576423183083534,21.017507553100586,0.8007187247276306,-0.23808442056179047,0.0,0.0
722,180.25,43.80734634399414,45.8486328125,132.18955993652344,109.9224624633789,112.87602996826172,0.0005501657724380493,0.05576194450259209,21.017595291137695,0.8007187247276306,-0.23603658378124237,0.0,0.0
723,180.5,43.73741149902344,45.833717346191406,132.1849822998047,109.91806030273438,112.43356323242188,0.0005456522922031581,0.0557294525206089,21.017675399780273,0.8007187247276306,-0.2014291137456894,0.0,0.0
724,180.75,43.52342987060547,45.74321746826172,135.4563751220703,109.93480682373047,113.08146667480469,0.00054159015417099,0.05570206418633461,21.017745971679688,0.7907097339630127,-0.2512238621711731,0.0,0.0
725,181,44.573875427246094,46.08458709716797,131.8498992919922,109.91717529296875,112.90615844726562,0.0005379342474043369,0.05570206418633461,21.017810821533203,0.78070068359375,-0.23884034156799316,0.0,0.0
726,181.25,43.899417877197266,45.84412384033203,127.02218627929688,109.92466735839844,112.92146301269531,0.0005340003990568221,0.05567741394042969,21.017868041992188,0.78070068359375,-0.2394404411315918,0.0,0.0
727,181.5,44.288177490234375,45.938663482666016,125.4895248413086,109.91806030273438,112.94813537597656,0.0005304599180817604,0.05565522983670235,21.017919540405273,0.7907097339630127,-0.24207785725593567,0.0,0.0
728,181.75,44.30203628540039,45.66025924682617,129.0654754638672,109.9303970336914,112.69776153564453,0.0005272735143080354,0.05563526228070259,21.017967224121094,0.78070068359375,-0.2213234007358551,0.0,0.0
729,182,43.6331672668457,46.06338119506836,129.74478149414062,109.92555236816406,113.00887298583984,0.0005244057392701507,0.055631786584854126,21.018009185791016,0.78070068359375,-0.24625693261623383,0.0,0.0
730,182.25,43.94778060913086,46.034820556640625,135.62887573242188,109.93347930908203,112.40541076660156,0.0005198938888497651,0.05562865734100342,21.018047332763672,0.78070068359375,-0.1979507952928543,0.0,0.0
731,182.5,44.110591888427734,46.092063903808594,127.04126739501953,109.93392181396484,112.82170867919922,0.0005158332060091197,0.05562584102153778,21.018081665039062,0.78070068359375,-0.23082326352596283,0.0,0.0
732,182.75,43.868499755859375,45.654537200927734,130.27450561523438,109.93347930908203,112.71949005126953,0.0005121786380186677,0.05562330782413483,21.018112182617188,0.7706916928291321,-0.22279001772403717,0.0,0.0
733,183,43.661285400390625,45.79775619506836,129.66464233398438,109.9303970336914,113.05677795410156,0.0005088894977234304,0.05563552305102348,21.01814079284668,0.7706916928291321,-0.2496373951435089,0.0,0.0
734,183.25,44.265750885009766,45.91181564331055,133.69244384765625,109.92378234863281,112.75553894042969,0.0005059292889200151,0.055646516382694244,21.018165588378906,0.7606827616691589,-0.22642174363136292,0.0,0.0
735,183.5,43.892826080322266,45.73816680908203,132.43838500976562,109.93612670898438,113.4340591430664,0.0005032650660723448,0.05565641075372696,21.0181884765625,0.7706916928291321,-0.2788306176662445,0.0,0.0
736,183.75,43.959747314453125,45.82427215576172,131.5789337158203,109.93171691894531,112.81035614013672,0.0004937890917062759,0.05566531419754028,21.01820945739746,0.7706916928291321,-0.2301061451435089,0.0,0.0
737,184,44.126365661621094,46.02180480957031,132.83604431152344,109.92687225341797,113.21282196044922,0.00048526073805987835,0.055673327296972275,21.018226623535156,0.7907097339630127,-0.2622010111808777,0.0,0.0
738,184.25,44.07084274291992,45.67413330078125,132.59715270996094,109.93347930908203,112.79800415039062,0.0004775852139573544,0.0556805394589901,21.01824378967285,0.8007187247276306,-0.22898836433887482,0.0,0.0
739,184.5,44.335750579833984,46.098873138427734,127.51602172851562,109.93568420410156,112.41133880615234,0.00047067724517546594,0.055687032639980316,21.018259048461914,0.8007187247276306,-0.1982421576976776,0.0,0.0
740,184.75,44.114383697509766,46.101810455322266,131.18966674804688,109.93260192871094,112.86763763427734,0.0004670335038099438,0.055692873895168304,21.018272399902344,0.8007187247276306,-0.23455360531806946,0.0,0.0
741,185,43.97547149658203,45.85185241699219,130.58897399902344,109.93876647949219,112.805908203125,0.0004637541132979095,0.05570537969470024,21.01828384399414,0.8007187247276306,-0.2291843593120575,0.0,0.0
742,185.25,44.203208923339844,45.632747650146484,128.70748901367188,109.92863464355469,112.43109130859375,0.0004608026647474617,0.055716633796691895,21.018295288085938,0.7907097339630127,-0.20037680864334106,0.0,0.0
743,185.5,44.03437805175781,46.80925750732422,130.01422119140625,109.93656921386719,112.78121948242188,0.0004581463581416756,0.05572676286101341,21.0183048248291,0.7706916928291321,-0.22741346061229706,0.0,0.0
744,185.75,44.00433349609375,45.655147552490234,131.82470703125,109.93524169921875,113.9896240234375,0.0004666968306992203,0.05573587864637375,21.018312454223633,0.7606827616691589,-0.3223952651023865,0.0,0.0
745,186,44.040042877197266,45.6878776550293,126.20777130126953,109.9299545288086,113.46714782714844,0.00047439226182177663,0.055729590356349945,21.018320083618164,0.7606827616691589,-0.28192663192749023,0.0,0.0
746,186.25,44.10039520263672,46.01661682128906,135.42584228515625,109.94229888916016,112.371337890625,0.000481318129459396,0.05572392791509628,21.018327713012695,0.7606827616691589,-0.19453783333301544,0.0,0.0
747,186.5,43.86294174194336,46.47215270996094,132.69943237304688,109.94141387939453,112.36442565917969,0.0004875514132436365,0.05571883171796799,21.018333435058594,0.7706916928291321,-0.1940622329711914,0.0,0.0
748,186.75,43.57142639160156,46.14707946777344,131.33544921875,109.94009399414062,112.56541442871094,0.0004996006609871984,0.05571424588561058,21.018339157104492,0.7706916928291321,-0.210078164935112,0.0,0.0
749,187,43.823707580566406,46.23571014404297,132.19566345214844,109.93392181396484,112.6429443359375,0.000510444981046021,0.055710118263959885,21.01834487915039,0.7706916928291321,-0.21670691668987274,0.0,0.0
750,187.25,44.05744552612305,45.77494430541992,131.44459533691406,109.93524169921875,112.0458984375,0.0005202048341743648,0.055713653564453125,21.018348693847656,0.7606827616691589,-0.16929103434085846,0.0,0.0
751,187.5,43.943355560302734,45.97547149658203,133.94891357421875,109.95419311523438,112.675537109375,0.0005289887194521725,0.05571683496236801,21.018352508544922,0.78070068359375,-0.21764101088047028,0.0,0.0
752,187.75,43.826480865478516,45.657073974609375,132.00790405273438,109.93965148925781,113.30665588378906,0.0005356517503969371,0.05571969598531723,21.018356323242188,0.78070068359375,-0.2685411274433136,0.0,0.0
753,188,43.3766975402832,45.94674301147461,131.73236083984375,109.94097137451172,113.49332427978516,0.0005416484782472253,0.055722273886203766,21.018360137939453,0.8007187247276306,-0.2830883264541626,0.0,0.0
754,188.25,43.950138092041016,46.04453659057617,130.48898315429688,109.94185638427734,112.6429443359375,0.0005470455507747829,0.055710095912218094,21.01836395263672,0.7706916928291321,-0.21606431901454926,0.0,0.0
755,188.5,43.80727005004883,45.93306350708008,129.97911071777344,109.95331573486328,112.72492218017578,0.0005519028636626899,0.05569913610816002,21.01836585998535,0.78070068359375,-0.22161278128623962,0.0,0.0
756,188.75,43.6470947265625,45.994136810302734,131.81402587890625,109.93436431884766,112.42269897460938,0.000556274491827935,0.05568927153944969,21.018367767333984,0.7907097339630127,-0.19924864172935486,0.0,0.0
757,189,43.689598083496094,45.851165771484375,129.36695861816406,109.92951202392578,111.91552734375,0.0005518396501429379,0.05568039417266846,21.018369674682617,0.7907097339630127,-0.1593908816576004,0.0,0.0
758,189.25,43.97921371459961,45.972694396972656,130.37831115722656,109.94317626953125,112.3733139038086,0.0005478482926264405,0.05567965283989906,21.018285751342773,0.8007187247276306,-0.19462352991104126,0.0,0.0
759,189.5,43.784122467041016,45.6354866027832,132.2513885498047,109.94449615478516,112.43948364257812,0.0005442560650408268,0.05567898601293564,21.01820945739746,0.8007187247276306,-0.19975706934928894,0.0,0.0
760,189.75,43.9507942199707,45.61054229736328,130.44776916503906,109.93744659423828,112.110595703125,0.000541023095138371,0.055678386241197586,21.01814079284668,0.8007187247276306,-0.17425090074539185,0.0,0.0
761,190,44.01893997192383,45.86403274536133,130.12107849121094,109.94406127929688,112.08541107177734,0.0005381134105846286,0.05567784607410431,21.01807975769043,0.8007187247276306,-0.1717151701450348,0.0,0.0
762,190.25,43.98075866699219,45.99055862426758,126.59093475341797,109.93656921386719,113.00245666503906,0.0005354947061277926,0.05567735806107521,21.018024444580078,0.8007187247276306,-0.24485896527767181,0.0,0.0
763,190.5,43.51662826538086,45.68885803222656,131.69113159179688,109.95463562011719,112.62368774414062,0.0005234853597357869,0.05568375810980797,21.017974853515625,0.8007187247276306,-0.21350795030593872,0.0,0.0
764,190.75,44.405128479003906,46.11323547363281,131.5728302001953,109.94449615478516,112.51701354980469,0.000512676895596087,0.05568951740860939,21.017929077148438,0.7907097339630127,-0.20589323341846466,0.0,0.0
765,191,43.755916595458984,45.73341751098633,130.0638427734375,109.94229888916016,112.86862182617188,0.0005029492895118892,0.05569469928741455,21.01788902282715,0.7907097339630127,-0.23384597897529602,0.0,0.0
766,191.25,43.5171012878418,45.94598388671875,130.46913146972656,109.94538116455078,112.47207641601562,0.0004941944498568773,0.055699363350868225,21.017852783203125,0.7706916928291321,-0.20226553082466125,0.0,0.0
767,191.5,43.87350845336914,45.06294250488281,127.84270477294922,109.94361877441406,113.06912231445312,0.00048116911784745753,0.05570356175303459,21.017820358276367,0.7706916928291321,-0.2495386302471161,0.0,0.0
768,191.75,43.84328079223633,46.23893356323242,132.9741973876953,109.94361877441406,112.63800811767578,0.00046944632777012885,0.05570733919739723,21.017791748046875,0.7706916928291321,-0.21553155779838562,0.0,0.0
769,192,44.008270263671875,46.03877639770508,128.59910583496094,109.95684051513672,113.26319885253906,0.00045889581087976694,0.05571074038743973,21.017765045166016,0.78070068359375,-0.26373451948165894,0.0,0.0
770,192.25,44.11179733276367,45.99235534667969,129.9600372314453,109.9383316040039,112.92393493652344,0.0004494003369472921,0.055713802576065063,21.01774024963379,0.7606827616691589,-0.2385285645723343,0.0,0.0
771,192.5,44.457340240478516,45.74858474731445,132.15444946289062,109.9458236694336,112.84492492675781,0.0004402110062073916,0.05571655556559563,21.017719268798828,0.78070068359375,-0.23169130086898804,0.0,0.0
772,192.75,43.621551513671875,45.7209358215332,131.4400177001953,109.95022583007812,113.06221008300781,0.00043194059981033206,0.05570454150438309,21.0177001953125,0.7907097339630127,-0.2484593242406845,0.0,0.0
773,193,44.07752990722656,45.94328689575195,134.84117126464844,109.92687225341797,113.05628204345703,0.0004244972369633615,0.05569373071193695,21.017683029174805,0.7907097339630127,-0.2498835027217865,0.0,0.0
774,193.25,43.97809982299805,45.51615905761719,130.89505004882812,109.95552062988281,113.044921875,0.0004177982045803219,0.05568400025367737,21.017667770385742,0.7907097339630127,-0.24666932225227356,0.0,0.0
775,193.5,44.172183990478516,45.90580368041992,131.83311462402344,109.9484634399414,113.08442687988281,0.0004188450111541897,0.055675242096185684,21.017654418945312,0.7907097339630127,-0.2503511905670166,0.0,0.0
776,193.75,43.465126037597656,45.497982025146484,129.42420959472656,109.94670104980469,112.91948699951172,0.00041978713124990463,0.05566735938191414,21.017641067504883,0.7907097339630127,-0.23750020563602448,0.0,0.0
777,194,43.7744026184082,45.59165954589844,130.90420532226562,109.93436431884766,112.6557846069336,0.0004206350422464311,0.05566026642918587,21.017629623413086,0.8007187247276306,-0.21768559515476227,0.0,0.0
778,194.25,43.740089416503906,45.042457580566406,131.52627563476562,109.93524169921875,112.68195343017578,0.0004213981737848371,0.055653881281614304,21.017620086669922,0.7907097339630127,-0.21968241035938263,0.0,0.0
779,194.5,44.259849548339844,46.03043746948242,129.35093688964844,109.94185638427734,112.34911346435547,0.0004336694546509534,0.055648136883974075,21.017610549926758,0.7907097339630127,-0.19281286001205444,0.0,0.0
780,194.75,44.03523635864258,45.700809478759766,130.6088104248047,109.93876647949219,112.61084747314453,0.000444713601609692,0.05564296618103981,21.01783561706543,0.7907097339630127,-0.21377752721309662,0.0,0.0
781,195,43.95044708251953,46.02406311035156,129.08226013183594,109.92510986328125,112.0350341796875,0.0004546533164102584,0.05563831329345703,21.018037796020508,0.78070068359375,-0.1692482978105545,0.0,0.0
782,195.25,43.917606353759766,45.88745880126953,130.9477081298828,109.94053649902344,112.21380615234375,0.0004635990771930665,0.05563412606716156,21.018218994140625,0.78070068359375,-0.18219223618507385,0.0,0.0
783,195.5,44.364097595214844,46.06483840942383,126.7245101928711,109.94979095458984,113.38566589355469,0.0004819532623514533,0.05563035607337952,21.018383026123047,0.78070068359375,-0.27392542362213135,0.0,0.0
784,195.75,43.977020263671875,46.276023864746094,129.7539520263672,109.92642974853516,112.69232940673828,0.0004984720144420862,0.05562696233391762,21.018529891967773,0.7706916928291321,-0.22121569514274597,0.0,0.0
785,196,44.00613021850586,45.71921920776367,127.88468933105469,109.92731475830078,112.7515869140625,0.0005133388913236558,0.055631157010793686,21.018661499023438,0.7706916928291321,-0.22582362592220306,0.0,0.0
786,196.25,44.05780029296875,45.95920181274414,130.77749633789062,109.94053649902344,112.8839340209961,0.0005267190863378346,0.05563493072986603,21.018779754638672,0.7606827616691589,-0.23519591987133026,0.0,0.0
787,196.5,43.50826644897461,45.723548889160156,130.77825927734375,109.9378890991211,113.56246185302734,0.0005387612618505955,0.055638328194618225,21.01888656616211,0.78070068359375,-0.2887587547302246,0.0,0.0
788,196.75,44.015869140625,46.41709899902344,129.94705200195312,109.93171691894531,112.74121856689453,0.0005605524638667703,0.05564138665795326,21.018983840942383,0.7606827616691589,-0.22464868426322937,0.0,0.0
789,197,44.268280029296875,45.82683563232422,132.7620086669922,109.93744659423828,112.96936798095703,0.0005801645456813276,0.05562964454293251,21.019071578979492,0.7706916928291321,-0.24218089878559113,0.0,0.0
790,197.25,44.144256591796875,46.09000778198242,134.83277893066406,109.93524169921875,112.56096649169922,0.0005978154367767274,0.055619075894355774,21.019149780273438,0.7706916928291321,-0.21011890470981598,0.0,0.0
791,197.5,43.98015213012695,45.834285736083984,130.98587036132812,109.94317626953125,112.67701721191406,0.0006137012387625873,0.0556095652282238,21.01922035217285,0.7706916928291321,-0.21864968538284302,0.0,0.0
792,197.75,43.884342193603516,45.67919158935547,134.6724853515625,109.92642974853516,112.7970199584961,0.0006279984372667968,0.055601004511117935,21.019283294677734,0.7706916928291321,-0.22948163747787476,0.0,0.0
793,198,43.94575500488281,45.89784240722656,128.5739288330078,109.92642974853516,112.849365234375,0.0006485558697022498,0.05561503767967224,21.01934051513672,0.7706916928291321,-0.23361174762248993,0.0,0.0
794,198.25,43.7465934753418,45.79087448120117,130.41571044921875,109.94449615478516,113.45282745361328,0.0006670575821772218,0.055627670139074326,21.019392013549805,0.7706916928291321,-0.2796255946159363,0.0,0.0
795,198.5,43.84494400024414,45.446983337402344,129.94094848632812,109.92951202392578,112.65430450439453,0.0006837091059423983,0.05563903972506523,21.019437789916992,0.78070068359375,-0.21796181797981262,0.0,0.0
796,198.75,44.29376983642578,45.846275329589844,125.93451690673828,109.9312744140625,112.75997924804688,0.0006986954831518233,0.05564926937222481,21.019479751586914,0.7706916928291321,-0.22616539895534515,0.0,0.0
797,199,43.94325256347656,45.77065658569336,131.9170684814453,109.92642974853516,112.82911682128906,0.0007121832459233701,0.055658478289842606,21.019285202026367,0.7606827616691589,-0.2320142537355423,0.0,0.0
798,199.25,43.43726348876953,46.07837677001953,129.10211181640625,109.93392181396484,112.07109069824219,0.0007243222207762301,0.055659521371126175,21.01910972595215,0.750673770904541,-0.17139872908592224,0.0,0.0
799,199.5,43.954219818115234,45.787540435791016,132.7215576171875,109.93347930908203,112.20244598388672,0.0007352472748607397,0.05566046014428139,21.018951416015625,0.750673770904541,-0.18186242878437042,0.0,0.0
800,199.75,43.90703201293945,45.75674057006836,131.89645385742188,109.92687225341797,112.85479736328125,0.0007528185378760099,0.05566130578517914,21.018808364868164,0.73065584897995,-0.23400448262691498,0.0,0.0
801,200,44.075225830078125,45.874244689941406,129.8363800048828,109.92774963378906,112.68294525146484,0.0007686326862312853,0.055662065744400024,21.018447875976562,0.7406647801399231,-0.2203671634197235,0.0,0.0
802,200.25,43.90342330932617,46.08094024658203,128.58995056152344,109.9299545288086,112.38911437988281,0.0007828654488548636,0.05566275119781494,21.018123626708984,0.750673770904541,-0.19694553315639496,0.0,0.0
803,200.5,43.96243667602539,46.123538970947266,129.72799682617188,109.9290771484375,112.16096496582031,0.0007956749177537858,0.05565612018108368,21.017831802368164,0.750673770904541,-0.17892713844776154,0.0,0.0
804,200.75,43.779693603515625,46.0745849609375,128.61056518554688,109.91585540771484,112.93183898925781,0.0008091385825537145,0.05565015226602554,21.017568588256836,0.750673770904541,-0.2409716546535492,0.0,0.0
805,201,43.79890441894531,46.09385681152344,129.51962280273438,109.91849517822266,112.91405487060547,0.0008212559041567147,0.05564478039741516,21.017332077026367,0.750673770904541,-0.23935595154762268,0.0,0.0
806,201.25,44.4515380859375,46.16263198852539,128.34417724609375,109.92863464355469,112.59010314941406,0.0008321615168824792,0.05563994497060776,21.017118453979492,0.750673770904541,-0.212957963347435,0.0,0.0
807,201.5,44.14251708984375,45.840660095214844,131.11181640625,109.93392181396484,112.64590454101562,0.000841976550873369,0.055635593831539154,21.016925811767578,0.750673770904541,-0.21694070100784302,0.0,0.0
808,201.75,44.538368225097656,46.05803680419922,130.97213745117188,109.91409301757812,112.50418090820312,0.0008508100872859359,0.05563167855143547,21.016752243041992,0.750673770904541,-0.20733994245529175,0.0,0.0
809,202,44.07526397705078,46.04932403564453,132.59255981445312,109.91497039794922,112.34269714355469,0.0008606952615082264,0.055628154426813126,21.016597747802734,0.7706916928291321,-0.1944819688796997,0.0,0.0
810,202.25,44.104705810546875,45.66339874267578,129.45779418945312,109.91761779785156,113.4809799194336,0.0008695918950252235,0.05564713105559349,21.01645851135254,0.78070068359375,-0.28401079773902893,0.0,0.0
811,202.5,43.757625579833984,45.94717025756836,130.1714630126953,109.92158508300781,112.8365249633789,0.0008775988826528192,0.05566421151161194,21.016332626342773,0.7706916928291321,-0.23299135267734528,0.0,0.0
812,202.75,44.066307067871094,45.4766960144043,128.06787109375,109.9132080078125,113.05628204345703,0.0008873862097971141,0.05567958205938339,21.016220092773438,0.7706916928291321,-0.25099027156829834,0.0,0.0
813,203,43.94255065917969,45.761070251464844,130.99578857421875,109.90968322753906,112.67849731445312,0.0008961947751231492,0.05569341778755188,21.016117095947266,0.7706916928291321,-0.22147896885871887,0.0,0.0
814,203.25,43.40507888793945,45.9559211730957,127.52213287353516,109.9224624633789,113.23307037353516,0.0009041224839165807,0.05570586770772934,21.01602554321289,0.7606827616691589,-0.26414990425109863,0.0,0.0
815,203.5,44.10099792480469,46.05425262451172,127.40916442871094,109.92025756835938,112.8799819946289,0.0009112574625760317,0.05574606731534004,21.01594352722168,0.750673770904541,-0.23652642965316772,0.0,0.0
816,203.75,44.336299896240234,46.24183654785156,130.27297973632812,109.90924072265625,112.59800720214844,0.0009176789317280054,0.055782247334718704,21.015869140625,0.7606827616691589,-0.215153768658638,0.0,0.0
817,204,44.06248474121094,46.020240783691406,127.79232788085938,109.90836334228516,112.33972930908203,0.0009234582539647818,0.05581480637192726,21.01580238342285,0.7706916928291321,-0.19478186964988708,0.0,0.0
818,204.25,43.69396209716797,46.011383056640625,130.86146545410156,109.9118881225586,112.40985870361328,0.0009260785882361233,0.05584410950541496,21.0157413482666,0.7606827616691589,-0.20005173981189728,0.0,0.0
819,204.5,44.13469696044922,46.00625228881836,131.7147979736328,109.91144561767578,112.54269409179688,0.0009284369298256934,0.05585598945617676,21.015687942504883,0.7606827616691589,-0.210600808262825,0.0,0.0
820,204.75,44.37323760986328,46.148223876953125,130.42715454101562,109.90879821777344,112.73035430908203,0.000930559413973242,0.055866681039333344,21.01563835144043,0.7606827616691589,-0.2256467491388321,0.0,0.0
821,205,44.143943786621094,45.88362503051758,129.8386688232422,109.90219116210938,113.36640930175781,0.0009324696729891002,0.05587630346417427,21.015594482421875,0.7606827616691589,-0.27626821398735046,0.0,0.0
822,205.25,44.369728088378906,46.138790130615234,130.35540771484375,109.91629028320312,113.26467895507812,0.0009245147812180221,0.055884961038827896,21.015554428100586,0.7706916928291321,-0.26713472604751587,0.0,0.0
823,205.5,43.95888900756836,45.971771240234375,130.2653350830078,109.89998626708984,112.73924255371094,0.0009173553553409874,0.05588550493121147,21.015518188476562,0.7706916928291321,-0.2270623743534088,0.0,0.0
824,205.75,44.23329162597656,45.9550666809082,127.1069107055664,109.88676452636719,113.14171600341797,0.0009109118836931884,0.05588599666953087,21.015485763549805,0.7606827616691589,-0.2598564326763153,0.0,0.0
825,206,43.989044189453125,45.93514633178711,130.06307983398438,109.89690399169922,112.80195617675781,0.0009051127708517015,0.05588643625378609,21.015457153320312,0.7606827616691589,-0.23226261138916016,0.0,0.0
826,206.25,44.744266510009766,46.02047348022461,131.48046875,109.90351104736328,112.77726745605469,0.0008882901165634394,0.05588683485984802,21.015430450439453,0.7606827616691589,-0.22977890074253082,0.0,0.0
827,206.5,44.21907424926758,45.914024353027344,128.41287231445312,109.89073181152344,112.69628143310547,0.0008731497218832374,0.055887192487716675,21.015640258789062,0.7706916928291321,-0.22441905736923218,0.0,0.0
828,206.75,43.870849609375,46.039634704589844,131.6926727294922,109.88455963134766,112.22319030761719,0.0008595233666710556,0.05589476227760315,21.01582908630371,0.7606827616691589,-0.18747034668922424,0.0,0.0
829,207,44.10523223876953,45.9918098449707,127.86942291259766,109.89690399169922,112.3041763305664,0.000847259652800858,0.055901575833559036,21.01599884033203,0.7606827616691589,-0.19289204478263855,0.0,0.0
830,207.25,44.22315216064453,46.1407356262207,128.81817626953125,109.89822387695312,112.63059997558594,0.0008265581564046443,0.055907707661390305,21.016151428222656,0.7606827616691589,-0.21862250566482544,0.0,0.0
831,207.5,43.743194580078125,45.516075134277344,129.80889892578125,109.89249420166016,112.84343719482422,0.000807926757261157,0.05591322481632233,21.01628875732422,0.7706916928291321,-0.23589274287223816,0.0,0.0
832,207.75,44.030906677246094,45.74702835083008,129.595947265625,109.88368225097656,112.61380767822266,0.000791158527135849,0.05593268945813179,21.01641273498535,0.7706916928291321,-0.21847295761108398,0.0,0.0
833,208,44.20311737060547,45.9442024230957,129.14866638183594,109.8779525756836,113.14220428466797,0.0007760671433061361,0.05595020577311516,21.016523361206055,0.7706916928291321,-0.2606087327003479,0.0,0.0
834,208.25,44.91438674926758,45.92344665527344,129.87225341796875,109.88676452636719,112.7387466430664,0.0007624848512932658,0.05596597120165825,21.01662254333496,0.7706916928291321,-0.2280944436788559,0.0,0.0
835,208.5,44.2512092590332,45.92399597167969,130.2332763671875,109.88103485107422,113.07801055908203,0.0007431770791299641,0.05598016083240509,21.016712188720703,0.7706916928291321,-0.25530728697776794,0.0,0.0
836,208.75,43.96748733520508,45.88544845581055,132.1887969970703,109.87222290039062,112.31849670410156,0.0007258000550791621,0.05599293112754822,21.01656150817871,0.7706916928291321,-0.19602663815021515,0.0,0.0
837,209,43.79218292236328,45.763797760009766,128.7052001953125,109.86341094970703,112.46763610839844,0.0007101607625372708,0.05600442364811897,21.01642608642578,0.7706916928291321,-0.20855332911014557,0.0,0.0
838,209.25,44.138431549072266,45.45233917236328,128.6616973876953,109.87354278564453,112.6952896118164,0.0006960853934288025,0.0560147650539875,21.01630401611328,0.7706916928291321,-0.22573326528072357,0.0,0.0
839,209.5,44.200416564941406,45.65966033935547,130.4034881591797,109.869140625,113.06961822509766,0.0006834175437688828,0.05602407455444336,21.016193389892578,0.78070068359375,-0.25560981035232544,0.0,0.0
840,209.75,44.04273986816406,46.073307037353516,129.64480590820312,109.85679626464844,112.58960723876953,0.0006720164674334228,0.0560324527323246,21.016094207763672,0.7706916928291321,-0.21873831748962402,0.0,0.0
841,210,43.81236267089844,45.72758865356445,130.18519592285156,109.86693572998047,112.52837371826172,0.0006617555045522749,0.05603274703025818,21.01600456237793,0.7706916928291321,-0.21307373046875,0.0,0.0
842,210.25,43.62705993652344,46.03949737548828,127.53510284423828,109.86428833007812,112.56936645507812,0.0006525206263177097,0.05603301152586937,21.01592445373535,0.7706916928291321,-0.21653077006340027,0.0,0.0
843,210.5,43.90575408935547,45.89945602416992,129.2364501953125,109.86560821533203,112.69973754882812,0.0006442092708311975,0.05603324994444847,21.015851974487305,0.7706916928291321,-0.22672763466835022,0.0,0.0
844,210.75,43.747413635253906,46.13740158081055,129.73410034179688,109.85768127441406,112.60442352294922,0.0006367290625348687,0.055997222661972046,21.01578712463379,0.7706916928291321,-0.2198379784822464,0.0,0.0
845,211,43.48640441894531,46.12458419799805,129.42039489746094,109.8545913696289,112.16046905517578,0.0006299968808889389,0.05596479773521423,21.015727996826172,0.7706916928291321,-0.18492165207862854,0.0,0.0
846,211.25,44.0059928894043,46.005462646484375,131.06600952148438,109.84093475341797,112.67800903320312,0.0006323100533336401,0.05593561753630638,21.015674591064453,0.750673770904541,-0.22701068222522736,0.0,0.0
847,211.5,44.40701675415039,45.56338882446289,129.33644104003906,109.84974670410156,112.85627746582031,0.0006343919085338712,0.055909354239702225,21.015626907348633,0.750673770904541,-0.2403692901134491,0.0,0.0
848,211.75,44.0475959777832,45.65093231201172,129.4738311767578,109.84225463867188,112.60985565185547,0.0006362655549310148,0.055885717272758484,21.01558494567871,0.750673770904541,-0.22151759266853333,0.0,0.0
849,212,43.90095901489258,46.1201286315918,128.9967803955078,109.84754180908203,112.53726196289062,0.0006379518308676779,0.05586444213986397,21.015546798706055,0.750673770904541,-0.21534837782382965,0.0,0.0
850,212.25,43.946353912353516,45.67890548706055,131.7743377685547,109.85106658935547,112.5797348022461,0.0006394694792106748,0.05585978925228119,21.015512466430664,0.750673770904541,-0.2184218466281891,0.0,0.0
851,212.5,44.096160888671875,45.99910354614258,133.5871124267578,109.84093475341797,112.37380981445312,0.0006389030022546649,0.05585560202598572,21.01548194885254,0.750673770904541,-0.20294511318206787,0.0,0.0
852,212.75,43.840553283691406,45.997520446777344,132.08270263671875,109.83123779296875,112.52096557617188,0.0006383931613527238,0.05585183575749397,21.015453338623047,0.7606827616691589,-0.21538099646568298,0.0,0.0
853,213,44.55659484863281,46.187477111816406,129.38986206054688,109.84004974365234,112.87554168701172,0.000637934310361743,0.05584844574332237,21.01542854309082,0.7606827616691589,-0.24267436563968658,0.0,0.0
854,213.25,44.51359558105469,46.04218673706055,127.99993896484375,109.85106658935547,112.77233123779297,0.0006317253573797643,0.05584539473056793,21.015405654907227,0.7606827616691589,-0.2336384356021881,0.0,0.0
855,213.5,43.68916320800781,46.00511932373047,129.8898162841797,109.83211517333984,113.13924407958984,0.0006261373055167496,0.055849894881248474,21.015384674072266,0.750673770904541,-0.26409032940864563,0.0,0.0
856,213.75,44.13551330566406,45.88412857055664,129.28529357910156,109.82330322265625,112.96096801757812,0.0006211080471985042,0.0558539479970932,21.015365600585938,0.750673770904541,-0.2507665157318115,0.0,0.0
857,214,44.05122756958008,45.62639617919922,131.96438598632812,109.82638549804688,112.9343032836914,0.0006165817030705512,0.055857595056295395,21.015348434448242,0.7706916928291321,-0.24841512739658356,0.0,0.0
858,214.25,43.73395538330078,45.79764938354492,127.99459838867188,109.82771301269531,112.73726654052734,0.0006086453213356435,0.05586087703704834,21.01533317565918,0.7706916928291321,-0.23276257514953613,0.0,0.0
859,214.5,44.3132209777832,46.07049560546875,130.53172302246094,109.81977844238281,112.43899536132812,0.000601502601057291,0.05586383119225502,21.01531982421875,0.750673770904541,-0.20982226729393005,0.0,0.0
860,214.75,44.10091018676758,45.94004821777344,130.47830200195312,109.8100814819336,112.4562759399414,0.0005950741469860077,0.055859241634607315,21.015308380126953,0.7606827616691589,-0.211976557970047,0.0,0.0
861,215,44.004173278808594,46.48563003540039,128.4311981201172,109.81360626220703,112.86763763427734,0.0005892885383218527,0.05585511028766632,21.01552963256836,0.7606827616691589,-0.24419468641281128,0.0,0.0
862,215.25,43.9661865234375,45.97166442871094,129.67379760742188,109.81492614746094,112.14269256591797,0.0005840815138071775,0.055851392447948456,21.015729904174805,0.7606827616691589,-0.18672582507133484,0.0,0.0
863,215.5,44.148468017578125,45.95937728881836,129.61732482910156,109.81184387207031,112.1738052368164,0.0005774635937996209,0.05584804713726044,21.01590919494629,0.78070068359375,-0.18944524228572845,0.0,0.0
864,215.75,43.9837646484375,46.04408264160156,132.85360717773438,109.80435180664062,112.2863998413086,0.0005715074366889894,0.05584503337740898,21.016071319580078,0.7706916928291321,-0.1989833116531372,0.0,0.0
865,216,43.89509963989258,45.98524856567383,127.8075942993164,109.8025894165039,112.26713562011719,0.0005661469185724854,0.0558423213660717,21.016216278076172,0.7706916928291321,-0.19759869575500488,0.0,0.0
866,216.25,44.214534759521484,46.12766647338867,129.66464233398438,109.8184585571289,112.39997863769531,0.0005613224348053336,0.05583988130092621,21.016347885131836,0.750673770904541,-0.20683975517749786,0.0,0.0
867,216.5,44.364837646484375,45.90401077270508,131.71861267089844,109.79244995117188,112.71454620361328,0.0005569804343394935,0.055837687104940414,21.01646614074707,0.7706916928291321,-0.2338269054889679,0.0,0.0
868,216.75,43.98622131347656,45.86853790283203,130.01651000976562,109.78231811523438,112.47207641601562,0.000553072604816407,0.055821217596530914,21.016571044921875,0.7706916928291321,-0.21547774970531464,0.0,0.0
869,217,43.88111877441406,45.96238327026367,129.53030395507812,109.78628540039062,112.4276351928711,0.0005495555815286934,0.055806394666433334,21.016666412353516,0.78070068359375,-0.21163803339004517,0.0,0.0
870,217.25,44.1295280456543,45.881103515625,130.45387268066406,109.785400390625,112.68244934082031,0.0005463902489282191,0.05579305440187454,21.016752243041992,0.78070068359375,-0.23186340928077698,0.0,0.0
871,217.5,43.728240966796875,45.303802490234375,131.61785888671875,109.76600646972656,112.34318542480469,0.0005435414495877922,0.0557810477912426,21.016828536987305,0.78070068359375,-0.20659320056438446,0.0,0.0
872,217.75,43.79902267456055,45.76618576049805,131.50413513183594,109.76248168945312,113.46270751953125,0.0005409775185398757,0.05575574189424515,21.016897201538086,0.7706916928291321,-0.2951507568359375,0.0,0.0
873,218,44.05121994018555,46.940284729003906,125.71851348876953,109.77526092529297,114.0572738647461,0.0005335212917998433,0.05573296919465065,21.01696014404297,0.78070068359375,-0.3406405746936798,0.0,0.0
874,218.25,44.44276809692383,46.46083068847656,129.43260192871094,109.76953887939453,112.47257232666016,0.0005268106469884515,0.05571247264742851,21.017017364501953,0.7706916928291321,-0.21655361354351044,0.0,0.0
875,218.5,44.40756607055664,46.24184036254883,131.28660583496094,109.76557159423828,112.27108764648438,0.000520771078299731,0.05569402500987053,21.01706886291504,0.78070068359375,-0.20091351866722107,0.0,0.0
876,218.75,44.36151123046875,45.90215301513672,128.496826171875,109.75719451904297,112.632080078125,0.0005153354723006487,0.055677421391010284,21.017114639282227,0.78070068359375,-0.23017039895057678,0.0,0.0
877,219,44.05994415283203,45.66180419921875,127.9228515625,109.7607192993164,112.61479949951172,0.0005104434094391763,0.05566972866654396,21.017154693603516,0.7706916928291321,-0.2285185307264328,0.0,0.0
878,219.25,44.56354522705078,46.2077522277832,131.71556091308594,109.77394104003906,112.33528900146484,0.000503466697409749,0.05566280707716942,21.01719093322754,0.7706916928291321,-0.2053241729736328,0.0,0.0
879,219.5,44.2940673828125,45.88671112060547,127.82820129394531,109.75675201416016,112.56787872314453,0.0004971876624040306,0.05565657839179039,21.017223358154297,0.78070068359375,-0.2251308411359787,0.0,0.0
880,219.75,44.65911865234375,45.895355224609375,129.62037658691406,109.7501449584961,112.82220458984375,0.0004915365716442466,0.055650971829891205,21.017253875732422,0.7706916928291321,-0.24575619399547577,0.0,0.0
881,220,44.09781265258789,46.177249908447266,131.35301208496094,109.75322723388672,112.30615234375,0.00048645056085661054,0.05564592406153679,21.01728057861328,0.78070068359375,-0.20469486713409424,0.0,0.0
882,220.25,44.16343688964844,45.996524810791016,128.09458923339844,109.75234985351562,113.10023498535156,0.00048509042244404554,0.055641382932662964,21.017305374145508,0.7907097339630127,-0.26748794317245483,0.0,0.0
883,220.5,43.75772476196289,46.343467712402344,134.2313232421875,109.72811126708984,113.40689849853516,0.0004838663153350353,0.05563729628920555,21.01732635498047,0.8007187247276306,-0.29355865716934204,0.0,0.0
884,220.75,44.16017532348633,45.616477966308594,127.14965057373047,109.73207092285156,112.08639526367188,0.0004827646189369261,0.05563361570239067,21.017345428466797,0.8007187247276306,-0.1889747679233551,0.0,0.0
885,221,43.79538345336914,46.27281188964844,130.37525939941406,109.73736572265625,112.6212158203125,0.00048177308053709567,0.05563030391931534,21.017362594604492,0.78070068359375,-0.2309201955795288,0.0,0.0
886,221.25,43.901023864746094,45.658809661865234,131.53466796875,109.72987365722656,111.86170196533203,0.0004808806988876313,0.05562732368707657,21.017377853393555,0.78070068359375,-0.17128945887088776,0.0,0.0
887,221.5,43.9459228515625,46.400760650634766,134.42823791503906,109.71312713623047,112.18219757080078,0.0004800775495823473,0.055624641478061676,21.017393112182617,0.78070068359375,-0.19811736047267914,0.0,0.0
888,221.75,44.46860122680664,46.1129035949707,131.7086944580078,109.70298767089844,111.81874084472656,0.00047935472684912384,0.05562947690486908,21.017406463623047,0.78070068359375,-0.17005139589309692,0.0,0.0
889,222,43.99237823486328,45.82124328613281,134.45266723632812,109.72811126708984,112.66417694091797,0.000492867489811033,0.05563382804393768,21.017417907714844,0.750673770904541,-0.2350662499666214,0.0,0.0
890,222.25,44.07368469238281,46.151607513427734,130.51187133789062,109.71268463134766,112.14071655273438,0.0005050289910286665,0.05563774332404137,21.01742935180664,0.7606827616691589,-0.1948605328798294,0.0,0.0
891,222.5,44.1420783996582,46.31479263305664,131.20416259765625,109.699462890625,112.35701751708984,0.0005159743595868349,0.05564126744866371,21.017606735229492,0.7606827616691589,-0.21308785676956177,0.0,0.0
892,222.75,44.25051498413086,46.07456588745117,130.87062072753906,109.69990539550781,112.16046905517578,0.0005258251912891865,0.05562994256615639,21.017765045166016,0.7606827616691589,-0.19746579229831696,0.0,0.0
893,223,44.093231201171875,45.933834075927734,127.21605682373047,109.70298767089844,112.88986206054688,0.0005346909165382385,0.055619750171899796,21.017908096313477,0.7606827616691589,-0.2549190819263458,0.0,0.0
894,223.25,44.59492874145508,46.08927536010742,131.01792907714844,109.7003402709961,112.39405059814453,0.0005465346621349454,0.055610574781894684,21.018035888671875,0.7606827616691589,-0.215950146317482,0.0,0.0
895,223.5,44.21509552001953,45.78111267089844,130.20809936523438,109.68976593017578,111.90565490722656,0.0005571940564550459,0.05560231953859329,21.018152236938477,0.7706916928291321,-0.17804095149040222,0.0,0.0
896,223.75,43.92798614501953,46.16038131713867,130.00277709960938,109.68624114990234,112.21430206298828,0.0005667874938808382,0.05559488758444786,21.01825714111328,0.7606827616691589,-0.20284633338451385,0.0,0.0
897,224,43.55634689331055,45.88135528564453,128.66551208496094,109.68535614013672,112.75603485107422,0.0005754216108471155,0.05558820068836212,21.01835060119629,0.7406647801399231,-0.24579055607318878,0.0,0.0
898,224.25,43.61118698120117,45.91386795043945,126.15052795410156,109.6734619140625,112.64047241210938,0.0005812598974443972,0.05558218061923981,21.018434524536133,0.750673770904541,-0.23762772977352142,0.0,0.0
899,224.5,43.94416046142578,45.69148254394531,131.05380249023438,109.66596984863281,111.97627258300781,0.0005865143612027168,0.055576764047145844,21.018510818481445,0.7606827616691589,-0.1855885535478592,0.0,0.0
900,224.75,43.83245086669922,45.974544525146484,131.5781707763672,109.66156005859375,112.43701934814453,0.0005912433844059706,0.055600881576538086,21.018579483032227,0.7606827616691589,-0.2225000560283661,0.0,0.0
901,225,44.10361099243164,45.770633697509766,131.0141143798828,109.6734619140625,112.37973022460938,0.0005954995285719633,0.055622585117816925,21.018640518188477,0.7606827616691589,-0.21699726581573486,0.0,0.0
902,225.25,44.47408676147461,45.93296432495117,130.997314453125,109.64392852783203,112.4888687133789,0.0005993300583213568,0.05564212054014206,21.018695831298828,0.7606827616691589,-0.22803567349910736,0.0,0.0
903,225.5,43.735755920410156,46.10788345336914,127.15805053710938,109.64128875732422,112.62763214111328,0.0006027775234542787,0.0556597001850605,21.01874542236328,0.7706916928291321,-0.2392245978116989,0.0,0.0
904,225.75,44.27973175048828,46.08297348022461,129.6051025390625,109.64613342285156,112.16442108154297,0.0006045919726602733,0.05566827580332756,21.01879119873047,0.7706916928291321,-0.20214393734931946,0.0,0.0
905,226,43.980064392089844,46.03884506225586,134.1168212890625,109.65230560302734,112.00540924072266,0.0006062249885872006,0.055675994604825974,21.018831253051758,0.7606827616691589,-0.1890137940645218,0.0,0.0
906,226.25,44.19276428222656,46.10734939575195,129.7730255126953,109.64481353759766,112.23849487304688,0.0006076946738176048,0.055682942271232605,21.01886749267578,0.7606827616691589,-0.20812802016735077,0.0,0.0
907,226.5,43.97975158691406,46.099342346191406,127.94422149658203,109.64128875732422,112.72393035888672,0.0006090173847042024,0.055689193308353424,21.01889991760254,0.7406647801399231,-0.2468329817056656,0.0,0.0
908,226.75,44.15018844604492,46.29766845703125,132.65667724609375,109.62938690185547,112.15108489990234,0.0006076319259591401,0.0556948184967041,21.01892852783203,0.750673770904541,-0.20244519412517548,0.0,0.0
909,227,44.398834228515625,46.321998596191406,132.28114318847656,109.63819885253906,112.40985870361328,0.0006063850014470518,0.05569988116621971,21.01895523071289,0.750673770904541,-0.2222459763288498,0.0,0.0
910,227.25,44.31642532348633,46.26938247680664,131.03089904785156,109.62850952148438,113.02664947509766,0.0006052627577446401,0.05570443719625473,21.018980026245117,0.7606827616691589,-0.27174463868141174,0.0,0.0
911,227.5,44.222896575927734,45.7547492980957,131.32247924804688,109.62850952148438,113.06319427490234,0.0006042527384124696,0.05570853874087334,21.019001007080078,0.7706916928291321,-0.2746225595474243,0.0,0.0
912,227.75,44.19121170043945,46.154727935791016,130.64544677734375,109.61219787597656,113.45233154296875,0.0005981925642117858,0.05571223050355911,21.019020080566406,0.7706916928291321,-0.30653315782546997,0.0,0.0
913,228,44.04580307006836,46.44255828857422,132.27198791503906,109.61792755126953,112.59850311279297,0.0005927383899688721,0.05571555346250534,21.0190372467041,0.7606827616691589,-0.23881907761096954,0.0,0.0
914,228.25,44.23392868041992,45.979434967041016,133.61611938476562,109.5989761352539,112.53034973144531,0.0005878296797163785,0.05569680035114288,21.019052505493164,0.7606827616691589,-0.2349681705236435,0.0,0.0
915,228.5,44.146053314208984,46.01620101928711,131.1553192138672,109.60294342041016,112.93578338623047,0.0005834118346683681,0.05567992106080055,21.019065856933594,0.7606827616691589,-0.26666125655174255,0.0,0.0
916,228.75,43.568538665771484,46.17531204223633,130.985107421875,109.58927917480469,112.58763885498047,0.000579435785766691,0.055664729326963425,21.019079208374023,0.7606827616691589,-0.2402869611978531,0.0,0.0
917,229,44.2705078125,45.913543701171875,130.28900146484375,109.60030364990234,112.46220397949219,0.0005700644105672836,0.05565105751156807,21.01909065246582,0.7706916928291321,-0.22946800291538239,0.0,0.0
918,229.25,43.95196533203125,46.16057586669922,130.77902221679688,109.58222961425781,112.762451171875,0.0005616301787085831,0.05563150718808174,21.019100189208984,0.78070068359375,-0.254670649766922,0.0,0.0
919,229.5,44.01333999633789,46.06907653808594,131.73159790039062,109.56989288330078,112.33924102783203,0.0005540393758565187,0.055613912642002106,21.01910972595215,0.78070068359375,-0.22219975292682648,0.0,0.0
920,229.75,44.0153694152832,46.140830993652344,130.26380920410156,109.57562255859375,111.71207427978516,0.0005472076591104269,0.05559808015823364,21.01911735534668,0.78070068359375,-0.17189691960811615,0.0,0.0
921,230,44.44216537475586,46.23031997680664,130.22946166992188,109.57518005371094,112.24392700195312,0.0005326942191459239,0.055583830922842026,21.01912498474121,0.7706916928291321,-0.21421396732330322,0.0,0.0
922,230.25,44.22934341430664,46.08900451660156,127.49388885498047,109.5716552734375,111.85676574707031,0.0005196321289986372,0.05556375905871391,21.019132614135742,0.7606827616691589,-0.18374180793762207,0.0,0.0
923,230.5,43.92984390258789,45.829959869384766,128.95556640625,109.5544662475586,112.44442749023438,0.0005078762769699097,0.05554569140076637,21.01913833618164,0.750673770904541,-0.23178443312644958,0.0,0.0
924,230.75,43.95425796508789,46.223663330078125,129.88140869140625,109.55711364746094,111.8266372680664,0.0004972959868609905,0.055529430508613586,21.01914405822754,0.750673770904541,-0.18252530694007874,0.0,0.0
925,231,44.69392013549805,46.437255859375,129.3028564453125,109.5478515625,111.49972534179688,0.0004877737374044955,0.05551479756832123,21.019149780273438,0.7406647801399231,-0.15721581876277924,0.0,0.0
926,231.25,43.947269439697266,46.16182327270508,129.81959533691406,109.5311050415039,112.37183380126953,0.0004727717023342848,0.055501628667116165,21.019153594970703,0.7406647801399231,-0.227933868765831,0.0,0.0
927,231.5,43.79013442993164,46.11320877075195,124.67282104492188,109.53507232666016,112.12442016601562,0.00045926988241262734,0.055468037724494934,21.01915740966797,0.78070068359375,-0.20799005031585693,0.0,0.0
928,231.75,44.32493209838867,46.540313720703125,131.8445587158203,109.53727722167969,112.28096771240234,0.0004471182473935187,0.055437806993722916,21.019161224365234,0.7606827616691589,-0.22023119032382965,0.0,0.0
929,232,44.086788177490234,45.50456619262695,129.9600372314453,109.53330993652344,112.25627136230469,0.00043618178460747004,0.05541059747338295,21.0191650390625,0.7606827616691589,-0.21859531104564667,0.0,0.0
930,232.25,44.00227355957031,45.84748840332031,128.8059539794922,109.51039123535156,112.23799896240234,0.00042633895645849407,0.05538610741496086,21.019168853759766,0.750673770904541,-0.2190091460943222,0.0,0.0
931,232.5,44.130428314208984,46.01850128173828,129.8966827392578,109.50554656982422,111.91602325439453,0.00041748041985556483,0.05536406859755516,21.0191707611084,0.7606827616691589,-0.19382905960083008,0.0,0.0
932,232.75,43.97420120239258,46.479347229003906,133.27340698242188,109.51171875,111.6345443725586,0.0004095077165402472,0.05534423142671585,21.01917266845703,0.7706916928291321,-0.17090974748134613,0.0,0.0
933,233,44.2794189453125,46.38970947265625,133.1612091064453,109.51171875,112.24787902832031,0.00039397389627993107,0.05532637983560562,21.019174575805664,0.7706916928291321,-0.21968458592891693,0.0,0.0
934,233.25,43.90098571777344,45.903541564941406,128.77313232421875,109.48748016357422,112.75553894042969,0.00037999346386641264,0.055310312658548355,21.019176483154297,0.7706916928291321,-0.2618255913257599,0.0,0.0
935,233.5,44.01850509643555,46.51033401489258,133.7825164794922,109.50862884521484,112.25035095214844,0.00036741106305271387,0.055295851081609726,21.01917839050293,0.7706916928291321,-0.22013220191001892,0.0,0.0
936,233.75,43.97623825073242,46.48139190673828,132.8284149169922,109.4865951538086,112.17084503173828,0.00035608690814115107,0.05529008433222771,21.019180297851562,0.78070068359375,-0.21561583876609802,0.0,0.0
937,234,44.39802932739258,45.75766372680664,128.05718994140625,109.48967742919922,111.83158111572266,0.0003458951541688293,0.05528489500284195,21.019182205200195,0.78070068359375,-0.18839974701404572,0.0,0.0
938,234.25,44.10712432861328,46.285823822021484,131.62550354003906,109.47689819335938,112.2083740234375,0.00033672258723527193,0.05528022348880768,21.019184112548828,0.78070068359375,-0.21938221156597137,0.0,0.0
939,234.5,44.257083892822266,45.96697998046875,128.4594268798828,109.46324157714844,112.24244689941406,0.0003284672857262194,0.055276017636060715,21.01918601989746,0.7606827616691589,-0.22319534420967102,0.0,0.0
940,234.75,43.49931335449219,46.30348587036133,129.18682861328125,109.47469329833984,112.58319091796875,0.00032103751436807215,0.05527223274111748,21.01918601989746,0.7706916928291321,-0.24924777448177338,0.0,0.0
941,235,44.1723518371582,46.15666198730469,128.71742248535156,109.46720123291016,111.99009704589844,0.0003233521129004657,0.05526882782578468,21.01918601989746,0.7706916928291321,-0.20283710956573486,0.0,0.0
942,235.25,44.23386001586914,46.26106643676758,127.02676391601562,109.45486450195312,112.84986114501953,0.0003254352486692369,0.05528750270605087,21.01918601989746,0.78070068359375,-0.271921306848526,0.0,0.0
943,235.5,43.911224365234375,45.95082473754883,127.98543548583984,109.4517822265625,112.63998413085938,0.00032731005921959877,0.05530431121587753,21.01918601989746,0.7706916928291321,-0.2556005120277405,0.0,0.0
944,235.75,43.94572448730469,46.1306037902832,127.77629852294922,109.44429016113281,112.51109313964844,0.0003289974119979888,0.05531943589448929,21.01918601989746,0.7606827616691589,-0.24601799249649048,0.0,0.0
945,236,44.637977600097656,46.170894622802734,131.58045959472656,109.43238830566406,112.20096588134766,0.0003453137178439647,0.05533304810523987,21.01918601989746,0.7606827616691589,-0.22241464257240295,0.0,0.0
946,236.25,44.22873306274414,46.29458999633789,129.98826599121094,109.43106842041016,112.4819564819336,0.00035999840474687517,0.05534530058503151,21.01918601989746,0.7706916928291321,-0.24478751420974731,0.0,0.0
947,236.5,44.35560989379883,46.04460906982422,130.6981201171875,109.4271011352539,112.05973052978516,0.0003732146287802607,0.05537082254886627,21.01918601989746,0.750673770904541,-0.21163205802440643,0.0,0.0
948,236.75,44.04543685913086,46.00770950317383,129.14866638183594,109.42577362060547,112.0804672241211,0.00038510921876877546,0.05539378896355629,21.01918601989746,0.750673770904541,-0.21338729560375214,0.0,0.0
949,237,44.287174224853516,46.25509262084961,129.9691925048828,109.42401123046875,111.27552795410156,0.00041126710129901767,0.055414460599422455,21.01918601989746,0.750673770904541,-0.14936740696430206,0.0,0.0
950,237.25,44.11955642700195,46.05945587158203,127.98849487304688,109.41432189941406,111.91552734375,0.00043480918975546956,0.055433064699172974,21.01895523071289,0.750673770904541,-0.20120875537395477,0.0,0.0
951,237.5,44.230308532714844,46.24724578857422,130.64849853515625,109.40462493896484,112.39257049560547,0.00045599706936627626,0.05544256046414375,21.018747329711914,0.7606827616691589,-0.239862322807312,0.0,0.0
952,237.75,44.07390213012695,46.7123908996582,132.10177612304688,109.40594482421875,112.15701293945312,0.0004750661610160023,0.055451106280088425,21.0185604095459,0.7606827616691589,-0.2210780680179596,0.0,0.0
953,238,44.30453872680664,46.364295959472656,130.1768035888672,109.40286254882812,112.26664733886719,0.0005025368300266564,0.05545879527926445,21.018390655517578,0.750673770904541,-0.23002611100673676,0.0,0.0
954,238.25,43.97301483154297,46.12526321411133,130.3889923095703,109.40242004394531,112.57183074951172,0.0005272604757919908,0.05546571686863899,21.018238067626953,0.7606827616691589,-0.2542283833026886,0.0,0.0
955,238.5,44.15876388549805,46.06155014038086,133.13601684570312,109.38831329345703,112.36491394042969,0.0005495117511600256,0.055486444383859634,21.01810073852539,0.7406647801399231,-0.23899893462657928,0.0,0.0
956,238.75,43.828269958496094,46.327816009521484,129.1761474609375,109.39360809326172,112.44145965576172,0.0005695378640666604,0.05550509691238403,21.01797866821289,0.7406647801399231,-0.2446299046278,0.0,0.0
957,239,44.45939254760742,46.06208801269531,128.345703125,109.38082122802734,111.96590423583984,0.0005875614006072283,0.0555218867957592,21.017868041992188,0.750673770904541,-0.20794065296649933,0.0,0.0
958,239.25,44.4458122253418,45.96263885498047,131.00038146972656,109.37200927734375,113.07010650634766,0.0006037825369276106,0.05553699657320976,21.01776885986328,0.7606827616691589,-0.29601961374282837,0.0,0.0
959,239.5,44.15193176269531,46.24898147583008,135.7052001953125,109.36759948730469,111.70121002197266,0.0006183816003613174,0.05553609877824783,21.01767921447754,0.7606827616691589,-0.18794722855091095,0.0,0.0
960,239.75,44.231327056884766,45.665340423583984,129.10516357421875,109.36143493652344,111.76194763183594,0.0006315207574516535,0.05553529039025307,21.01759910583496,0.750673770904541,-0.19328786432743073,0.0,0.0
961,240,43.73409652709961,46.38513946533203,126.74435424804688,109.35967254638672,111.96688842773438,0.0006433459930121899,0.05553456023335457,21.017526626586914,0.750673770904541,-0.20974025130271912,0.0,0.0
962,240.25,44.163246154785156,46.123939514160156,128.0175018310547,109.34556579589844,111.4350357055664,0.0006539886817336082,0.05553390458226204,21.0174617767334,0.750673770904541,-0.1685025840997696,0.0,0.0
963,240.5,44.33448791503906,45.968624114990234,127.75721740722656,109.34512329101562,112.09330749511719,0.0006635671015828848,0.055526070296764374,21.01740264892578,0.750673770904541,-0.22097036242485046,0.0,0.0
964,240.75,43.91053009033203,46.70797348022461,128.5342254638672,109.34512329101562,111.63848876953125,0.0006612804718315601,0.055519022047519684,21.017349243164062,0.7406647801399231,-0.18477699160575867,0.0,0.0
965,241,44.312503814697266,46.5650634765625,132.20787048339844,109.33454895019531,112.7318344116211,0.0006592224817723036,0.0555126778781414,21.017301559448242,0.750673770904541,-0.2723967134952545,0.0,0.0
966,241.25,44.30598068237305,46.27090835571289,132.37960815429688,109.32440948486328,112.37479400634766,0.000657370314002037,0.05550696700811386,21.017257690429688,0.7606827616691589,-0.24498331546783447,0.0,0.0
967,241.5,44.02900695800781,46.26724624633789,129.6341094970703,109.32573699951172,112.0152816772461,0.0006557033630087972,0.055501826107501984,21.01721954345703,0.7606827616691589,-0.2163502722978592,0.0,0.0
968,241.75,44.244014739990234,46.22091293334961,132.3773193359375,109.33146667480469,111.85330963134766,0.0006400381680577993,0.055497199296951294,21.01718521118164,0.7406647801399231,-0.20300212502479553,0.0,0.0
969,242,44.27859115600586,45.81786346435547,126.9740982055664,109.33190155029297,112.26664733886719,0.0006259395158849657,0.055485788732767105,21.017066955566406,0.73065584897995,-0.2358023077249527,0.0,0.0
970,242.25,44.035369873046875,46.28548049926758,135.83877563476562,109.31515502929688,112.10664367675781,0.0006132507114671171,0.055475518107414246,21.01696014404297,0.720646858215332,-0.22446966171264648,0.0,0.0
971,242.5,43.86116409301758,46.09376907348633,130.72178649902344,109.30061340332031,111.6873779296875,0.0006018308340571821,0.05546627566218376,21.016864776611328,0.7406647801399231,-0.19229885935783386,0.0,0.0
972,242.75,44.256080627441406,46.31303024291992,128.86549377441406,109.30369567871094,112.15257263183594,0.0005844743573106825,0.055457957088947296,21.01677894592285,0.7406647801399231,-0.22904878854751587,0.0,0.0
973,243,44.34029006958008,46.37329864501953,128.90365600585938,109.29664611816406,111.8607177734375,0.0005688535748049617,0.055450472980737686,21.016700744628906,0.7406647801399231,-0.20642703771591187,0.0,0.0
974,243.25,44.15557861328125,46.28091812133789,127.11225128173828,109.28430938720703,111.58416748046875,0.0005547948530875146,0.05545782297849655,21.016632080078125,0.7406647801399231,-0.18539676070213318,0.0,0.0
975,243.5,43.81771469116211,46.051780700683594,130.0478057861328,109.27725219726562,112.12886810302734,0.0005421420210041106,0.05546443536877632,21.016569137573242,0.7606827616691589,-0.22932100296020508,0.0,0.0
976,243.75,43.78152084350586,46.08842086791992,128.5006561279297,109.27989959716797,112.33084106445312,0.0005421420210041106,0.055470388382673264,21.016511917114258,0.750673770904541,-0.24512621760368347,0.0,0.0
977,244,44.14137649536133,45.98492431640625,131.4423065185547,109.27240753173828,112.38318634033203,0.0005281810881569982,0.05547574535012245,21.016511917114258,0.7406647801399231,-0.2498835027217865,0.0,0.0
978,244.25,43.99506759643555,46.528472900390625,133.80616760253906,109.27064514160156,112.7209701538086,0.0005156162660568953,0.05547332018613815,21.016460418701172,0.7406647801399231,-0.2767433226108551,0.0,0.0
979,244.5,44.09186553955078,46.325557708740234,131.43772888183594,109.26139068603516,112.58269500732422,0.0005043079145252705,0.055471137166023254,21.016414642333984,0.7406647801399231,-0.26657047867774963,0.0,0.0
980,244.75,44.29835510253906,46.00226974487305,132.07583618164062,109.26315307617188,111.97380065917969,0.0004941304214298725,0.055469170212745667,21.016374588012695,0.7406647801399231,-0.21815051138401031,0.0,0.0
981,245,44.493621826171875,46.55018615722656,131.0011444091797,109.2481689453125,112.26713562011719,0.0004849706601817161,0.0554674006998539,21.016338348388672,0.7406647801399231,-0.2426612675189972,0.0,0.0
982,245.25,43.85112762451172,46.20390701293945,129.20973205566406,109.2494888305664,112.25232696533203,0.00047672688378952444,0.055465810000896454,21.016305923461914,0.7406647801399231,-0.24137943983078003,0.0,0.0
983,245.5,44.017696380615234,46.12248611450195,134.3389434814453,109.24199676513672,111.9910888671875,0.00047188083408400416,0.055464375764131546,21.01619529724121,0.750673770904541,-0.2212483286857605,0.0,0.0
984,245.75,43.728973388671875,46.32964324951172,132.35214233398438,109.2468490600586,112.11652374267578,0.0004675193631555885,0.05546308681368828,21.016096115112305,0.7406647801399231,-0.23081836104393005,0.0,0.0
985,246,44.285099029541016,45.65227508544922,128.80213928222656,109.240234375,112.33972930908203,0.00046359404223039746,0.05546192824840546,21.016006469726562,0.7406647801399231,-0.24906225502490997,0.0,0.0
986,246.25,44.3008918762207,45.71108627319336,130.29129028320312,109.22437286376953,112.39207458496094,0.00046006127377040684,0.0554753802716732,21.015926361083984,0.750673770904541,-0.25450190901756287,0.0,0.0
987,246.5,44.187007904052734,45.81393051147461,130.98739624023438,109.20982360839844,112.96096801757812,0.00045688176760450006,0.055487483739852905,21.015853881835938,0.750673770904541,-0.3006329834461212,0.0,0.0
988,246.75,44.357879638671875,45.97568893432617,132.0407257080078,109.21247100830078,112.40442657470703,0.0004585244751069695,0.055498380213975906,21.015789031982422,0.7606827616691589,-0.25645023584365845,0.0,0.0
989,247,44.59548568725586,46.570350646972656,132.78338623046875,109.21467590332031,112.64985656738281,0.0004600029205903411,0.055498380213975906,21.015729904174805,0.7606827616691589,-0.27568644285202026,0.0,0.0
990,247.25,44.267303466796875,46.118106842041016,128.1686248779297,109.1983642578125,112.64392852783203,0.0004613335186149925,0.05550818517804146,21.015676498413086,0.7706916928291321,-0.276547372341156,0.0,0.0
991,247.5,44.33518600463867,46.16066360473633,131.6445770263672,109.20365905761719,111.72639465332031,0.0004625310539267957,0.055517010390758514,21.015628814697266,0.7606827616691589,-0.20330829918384552,0.0,0.0
992,247.75,43.67305374145508,46.31982421875,129.4196319580078,109.20762634277344,112.12046813964844,0.0004636088269762695,0.055524952709674835,21.015586853027344,0.750673770904541,-0.23432807624340057,0.0,0.0
993,248,43.74146270751953,46.26200866699219,129.5005340576172,109.19175720214844,112.09676361083984,0.00046457882854156196,0.0555465929210186,21.015548706054688,0.750673770904541,-0.2337392121553421,0.0,0.0
994,248.25,44.357357025146484,45.939579010009766,131.44078063964844,109.19087219238281,112.0478744506836,0.00046545182703994215,0.05556606873869896,21.015514373779297,0.750673770904541,-0.22992810606956482,0.0,0.0
995,248.5,44.335777282714844,46.99152755737305,129.81959533691406,109.18250274658203,111.98664093017578,0.00046623751404695213,0.05558359622955322,21.015483856201172,0.73065584897995,-0.22574415802955627,0.0,0.0
996,248.75,44.255706787109375,46.199954986572266,129.18301391601562,109.17677307128906,112.26615142822266,0.0004669446498155594,0.05559937283396721,21.01545524597168,0.73065584897995,-0.24840258061885834,0.0,0.0
997,249,44.26805114746094,46.21672439575195,132.1819305419922,109.16883850097656,111.99849700927734,0.00046886835480108857,0.05561356991529465,21.015430450439453,0.7406647801399231,-0.22780103981494904,0.0,0.0
998,249.25,44.16954040527344,45.995262145996094,134.98695373535156,109.16002655029297,111.86219787597656,0.00047059968346729875,0.05562634766101837,21.01540756225586,0.7406647801399231,-0.21767960488796234,0.0,0.0
999,249.5,44.3551025390625,46.253196716308594,127.50534057617188,109.16575622558594,112.34812927246094,0.0004721578734461218,0.055637847632169724,21.0153865814209,0.750673770904541,-0.2557987570762634,0.0,0.0
1000,249.75,44.412635803222656,46.5123405456543,127.87323760986328,109.1631088256836,111.74861907958984,0.0004735602415166795,0.05564819648861885,21.01536750793457,0.750673770904541,-0.2083849310874939,0.0,0.0
1001,250,44.26740646362305,46.24870681762695,130.92327880859375,109.15209197998047,112.0370101928711,0.0004943041712976992,0.055657513439655304,21.015335083007812,0.7406647801399231,-0.23222720623016357,0.0,0.0
1002,250.25,44.47536087036133,46.331790924072266,129.4036102294922,109.14900970458984,112.01133728027344,0.0004943041712976992,0.05566589534282684,21.015335083007812,0.750673770904541,-0.23043829202651978,0.0,0.0
1003,250.5,44.453189849853516,46.25477600097656,127.3969497680664,109.15164947509766,112.3950424194336,0.0005031476612202823,0.05566619709134102,21.015321731567383,0.750673770904541,-0.26066556572914124,0.0,0.0
1004,250.75,44.77227020263672,46.30800247192383,130.369140625,109.14680480957031,111.23552703857422,0.0005111068021506071,0.055666469037532806,21.015310287475586,0.750673770904541,-0.16874700784683228,0.0,0.0
1005,251,44.01324462890625,46.37313461303711,131.4270477294922,109.13182067871094,111.42515563964844,0.0005182700115256011,0.055666714906692505,21.01529884338379,0.750673770904541,-0.18513183295726776,0.0,0.0
1006,251.25,44.2254753112793,46.43374252319336,127.33055114746094,109.14415740966797,111.30021667480469,0.0005394869367592037,0.055666934698820114,21.015289306640625,0.7606827616691589,-0.1741383671760559,0.0,0.0
1007,251.5,44.130706787109375,46.660865783691406,131.76136779785156,109.13622283935547,111.89874267578125,0.0005585821927525103,0.05568162351846695,21.01527976989746,0.7706916928291321,-0.2225283533334732,0.0,0.0
1008,251.75,44.3409309387207,46.034393310546875,132.08575439453125,109.1296157836914,111.9910888671875,0.0005757679464295506,0.05569484457373619,21.01527214050293,0.7606827616691589,-0.23041105270385742,0.0,0.0
1009,252,44.33531951904297,46.13856506347656,127.62135314941406,109.10713958740234,111.27157592773438,0.0005912351189181209,0.05570674315094948,21.0152645111084,0.750673770904541,-0.17486721277236938,0.0,0.0
1010,252.25,44.2191276550293,46.11153030395508,128.33807373046875,109.09612274169922,111.46070861816406,0.0006051555392332375,0.055717453360557556,21.0152587890625,0.7406647801399231,-0.19088441133499146,0.0,0.0
1011,252.5,43.87223815917969,46.25019454956055,127.46183013916016,109.09876251220703,111.38367462158203,0.0006292869802564383,0.05570534989237785,21.015338897705078,0.7406647801399231,-0.18451426923274994,0.0,0.0
1012,252.75,44.41227722167969,46.061161041259766,131.92088317871094,109.10185241699219,112.16541290283203,0.0006510052480734885,0.05569445714354515,21.015411376953125,0.73065584897995,-0.24652205407619476,0.0,0.0
1013,253,44.464683532714844,46.14168930053711,130.4034881591797,109.0952377319336,112.5145492553711,0.0006705517298541963,0.05567583441734314,21.01547622680664,0.720646858215332,-0.2747281789779663,0.0,0.0
1014,253.25,44.21796417236328,46.329856872558594,129.438720703125,109.08113861083984,111.91651916503906,0.000688143540173769,0.05567583441734314,21.015535354614258,0.73065584897995,-0.22843687236309052,0.0,0.0
1015,253.5,44.886531829833984,46.020233154296875,130.88893127441406,109.07099914550781,112.08491516113281,0.0007039761985652149,0.05566789582371712,21.015586853027344,0.7406647801399231,-0.24264873564243317,0.0,0.0
1016,253.75,44.47221755981445,46.3642578125,130.3859405517578,109.08113861083984,111.93775177001953,0.000722094438970089,0.05568289756774902,21.015634536743164,0.7406647801399231,-0.23012574017047882,0.0,0.0
1017,254,43.48910903930664,46.3661003112793,132.62921142578125,109.06086730957031,112.15898895263672,0.0007384008495137095,0.05569640174508095,21.015676498413086,0.7406647801399231,-0.24935691058635712,0.0,0.0
1018,254.25,44.13448715209961,46.16342544555664,131.9895782470703,109.05690002441406,112.14762878417969,0.0007530766306445003,0.05570855364203453,21.015714645385742,0.7606827616691589,-0.2487790584564209,0.0,0.0
1019,254.5,44.173274993896484,46.3282356262207,132.15444946289062,109.07276153564453,111.8607177734375,0.0007662848220206797,0.055719491094350815,21.015748977661133,0.7606827616691589,-0.2246807962656021,0.0,0.0
1020,254.75,44.582420349121094,46.28743362426758,133.43064880371094,109.06659698486328,111.47947692871094,0.0007775273988954723,0.05570759251713753,21.015779495239258,0.7706916928291321,-0.1947927325963974,0.0,0.0
1021,255,44.68985366821289,46.51780700683594,128.3136444091797,109.05557250976562,111.57182312011719,0.0007876456947997212,0.05569688230752945,21.016040802001953,0.750673770904541,-0.2030634582042694,0.0,0.0
1022,255.25,44.33143615722656,46.008575439453125,128.91893005371094,109.04147338867188,112.79454803466797,0.0007967521669343114,0.05568724498152733,21.01627540588379,0.7606827616691589,-0.3012416362762451,0.0,0.0
1023,255.5,44.303016662597656,45.75175857543945,129.3814697265625,109.04852294921875,112.29183197021484,0.0008049479802139103,0.05567857250571251,21.01648712158203,0.750673770904541,-0.26090216636657715,0.0,0.0
1024,255.75,44.15363311767578,46.6555290222168,133.58558654785156,109.02120208740234,112.2542953491211,0.0008110346971079707,0.05567076429724693,21.016677856445312,0.7606827616691589,-0.2601563632488251,0.0,0.0
1025,256,44.27058029174805,46.8508415222168,133.41995239257812,109.02957153320312,112.38467407226562,0.000816512736491859,0.055663738399744034,21.016849517822266,0.7606827616691589,-0.2698066234588623,0.0,0.0
1026,256.25,44.4523811340332,46.010719299316406,132.6139373779297,109.0353012084961,112.32343292236328,0.0008214429835788906,0.055657416582107544,21.017004013061523,0.7706916928291321,-0.2644866108894348,0.0,0.0
1027,256.5,44.15271759033203,46.05259323120117,129.94476318359375,109.034423828125,112.10614776611328,0.0008258802117779851,0.055651724338531494,21.01714324951172,0.7706916928291321,-0.24732068181037903,0.0,0.0
1028,256.75,44.20751190185547,46.31639099121094,129.98292541503906,109.03794860839844,112.11454772949219,0.0008298737229779363,0.05564660206437111,21.01726722717285,0.7406647801399231,-0.24769984185695648,0.0,0.0
1029,257,43.88011932373047,46.18531799316406,126.94891357421875,109.01634979248047,111.75750732421875,0.0008302436326630414,0.05564199388027191,21.017379760742188,0.7406647801399231,-0.2210688292980194,0.0,0.0
1030,257.25,43.969017028808594,46.30220031738281,129.47459411621094,109.0176773071289,112.04837036132812,0.0008305765804834664,0.055637843906879425,21.017248153686523,0.7406647801399231,-0.2440986931324005,0.0,0.0
1031,257.5,44.37437057495117,46.060359954833984,131.2888946533203,109.01634979248047,111.545654296875,0.0008308762335218489,0.055641356855630875,21.01712989807129,0.7406647801399231,-0.20417746901512146,0.0,0.0
1032,257.75,44.473236083984375,46.60091781616211,130.07376098632812,109.01679229736328,112.21528625488281,0.000831145909614861,0.05564451962709427,21.01702308654785,0.7406647801399231,-0.25742238759994507,0.0,0.0
1033,258,43.84468078613281,46.47173309326172,129.66387939453125,109.01634979248047,112.25578308105469,0.000829454802442342,0.055647365748882294,21.016925811767578,0.7406647801399231,-0.2606704831123352,0.0,0.0
1034,258.25,44.188358306884766,46.310569763183594,127.38397979736328,108.99739837646484,111.62960052490234,0.0008279327885247767,0.055649928748607635,21.0168399810791,0.7406647801399231,-0.21242214739322662,0.0,0.0
1035,258.5,44.11631393432617,46.24015808105469,124.34461212158203,109.00665283203125,111.98614501953125,0.0008265629876405001,0.05563049390912056,21.016761779785156,0.73065584897995,-0.2400542050600052,0.0,0.0
1036,258.75,44.107688903808594,45.90376281738281,131.05990600585938,108.99034881591797,111.8177490234375,0.0008253301493823528,0.05561299994587898,21.016691207885742,0.7406647801399231,-0.22798939049243927,0.0,0.0
1037,259,43.87786102294922,45.81816101074219,127.53052520751953,108.98109436035156,112.57528686523438,0.0008242205949500203,0.05559725686907768,21.01662826538086,0.750673770904541,-0.2888508439064026,0.0,0.0
1038,259.25,44.35963821411133,46.11975860595703,132.27732849121094,108.98241424560547,111.97479248046875,0.0008232219843193889,0.05558308959007263,21.016571044921875,0.750673770904541,-0.24113139510154724,0.0,0.0
1039,259.5,44.27915573120117,46.25295639038086,127.23513793945312,108.98506164550781,111.8478775024414,0.0008223232580348849,0.055584829300642014,21.01651954650879,0.7406647801399231,-0.2308194637298584,0.0,0.0
1040,259.75,44.02790451049805,46.21714401245117,129.62953186035156,108.98065185546875,111.35503387451172,0.0008215144043788314,0.055586397647857666,21.0164737701416,0.7406647801399231,-0.19186727702617645,0.0,0.0
1041,260,44.44511032104492,46.06275939941406,132.16970825195312,108.96611022949219,111.38417053222656,0.0008207864011637866,0.05558780953288078,21.01643180847168,0.750673770904541,-0.1953844428062439,0.0,0.0
1042,260.25,44.16843032836914,46.54273223876953,129.2715606689453,108.95906066894531,112.31652069091797,0.0008201312157325447,0.05558907985687256,21.016393661499023,0.7406647801399231,-0.27016541361808777,0.0,0.0
1043,260.5,44.201663970947266,46.2022819519043,130.5271453857422,108.95906066894531,112.29133605957031,0.00081889663124457,0.055590223520994186,21.016359329223633,0.7406647801399231,-0.26816871762275696,0.0,0.0
1044,260.75,43.71856689453125,46.23164749145508,131.91554260253906,108.95333099365234,111.65132904052734,0.0008177855052053928,0.05560574680566788,21.016328811645508,0.7406647801399231,-0.21775464713573456,0.0,0.0
1045,261,44.37599563598633,46.254756927490234,131.7812042236328,108.93305969238281,111.64293670654297,0.0008167854975908995,0.05561971664428711,21.01630210876465,0.73065584897995,-0.21874214708805084,0.0,0.0
1046,261.25,44.23850631713867,45.397953033447266,129.57456970214844,108.93966674804688,111.5110855102539,0.0008158854907378554,0.05563228949904442,21.016277313232422,0.73065584897995,-0.20768265426158905,0.0,0.0
1047,261.5,44.316043853759766,45.8240852355957,129.74783325195312,108.95112609863281,111.67059326171875,0.0008150754729285836,0.05565810203552246,21.01625633239746,0.750673770904541,-0.21947085857391357,0.0,0.0
1048,261.75,44.36066436767578,46.277984619140625,130.1424560546875,108.94715881347656,111.7975082397461,0.0008124125306494534,0.05568133294582367,21.016237258911133,0.750673770904541,-0.22990630567073822,0.0,0.0
1049,262,43.91810607910156,46.539039611816406,126.93975067138672,108.93217468261719,111.69923400878906,0.0008100158884190023,0.05570223927497864,21.016220092773438,0.7406647801399231,-0.2233019918203354,0.0,0.0
1050,262.25,44.279457092285156,46.03078842163086,130.05543518066406,108.91763305664062,111.46565246582031,0.0008078588871285319,0.05572105571627617,21.016204833984375,0.73065584897995,-0.20585520565509796,0.0,0.0
1051,262.5,43.97331237792969,45.88825225830078,134.41526794433594,108.9233627319336,111.66466522216797,0.0008059176034294069,0.05573799088597298,21.016189575195312,0.73065584897995,-0.22126682102680206,0.0,0.0
1052,262.75,43.915348052978516,46.217472076416016,129.72265625,108.91190338134766,111.55059051513672,0.0008041704422794282,0.055753231048583984,21.016176223754883,0.73065584897995,-0.21310469508171082,0.0,0.0
1053,263,43.8095817565918,46.24835968017578,126.69550323486328,108.91454315185547,111.17972564697266,0.0008060826221480966,0.05576694756746292,21.01615333557129,0.7406647801399231,-0.18324348330497742,0.0,0.0
1054,263.25,44.25253677368164,46.36576843261719,127.51144409179688,108.9079360961914,111.88738250732422,0.0008060826221480966,0.055779293179512024,21.01615333557129,0.750673770904541,-0.2402651458978653,0.0,0.0
1055,263.5,44.11070251464844,46.16337203979492,127.373291015625,108.91895294189453,111.58367919921875,0.0008068978204391897,0.055790405720472336,21.016143798828125,0.750673770904541,-0.21516844630241394,0.0,0.0
1056,263.75,44.30584716796875,46.34048843383789,128.79527282714844,108.90132141113281,112.0691146850586,0.0008102256688289344,0.05580040439963341,21.016128540039062,0.750673770904541,-0.25525325536727905,0.0,0.0
1057,264,44.11656188964844,46.255184173583984,131.0194549560547,108.89163208007812,111.6780014038086,0.0008102256688289344,0.05580940470099449,21.016128540039062,0.750673770904541,-0.2249235063791275,0.0,0.0
1058,264.25,44.17247009277344,45.85129928588867,130.6256103515625,108.90528869628906,111.14366912841797,0.0008125603781081736,0.05581025779247284,21.01612091064453,0.750673770904541,-0.1811124086380005,0.0,0.0
1059,264.5,43.902889251708984,46.11894607543945,129.2204132080078,108.9000015258789,112.13973236083984,0.0008146616164594889,0.05581102520227432,21.016115188598633,0.750673770904541,-0.2609688341617584,0.0,0.0
1060,264.75,44.45987319946289,46.08050537109375,131.1499786376953,108.88722229003906,111.70516204833984,0.0008165527251549065,0.05581171438097954,21.016109466552734,0.750673770904541,-0.22744885087013245,0.0,0.0
1061,265,44.091548919677734,46.51641845703125,129.48680114746094,108.88501739501953,113.12047576904297,0.0008163209422491491,0.05581233650445938,21.016103744506836,0.7406647801399231,-0.3397100269794464,0.0,0.0
1062,265.25,45.005531311035156,46.11386489868164,129.4860382080078,108.87973022460938,112.34713745117188,0.0008161123259924352,0.055798400193452835,21.01609992980957,0.750673770904541,-0.27907535433769226,0.0,0.0
1063,265.5,44.59091567993164,46.510860443115234,129.99896240234375,108.88898468017578,111.97281646728516,0.0008159245480783284,0.055785857141017914,21.016096115112305,0.750673770904541,-0.24860936403274536,0.0,0.0
1064,265.75,44.31169891357422,46.276546478271484,131.66671752929688,108.87488555908203,111.04194641113281,0.0008157555712386966,0.055774569511413574,21.01609230041504,0.7606827616691589,-0.1754467934370041,0.0,0.0
1065,266,43.963504791259766,46.38121795654297,131.53619384765625,108.86650848388672,111.18663787841797,0.0008117356919683516,0.05575526878237724,21.016088485717773,0.7406647801399231,-0.18772394955158234,0.0,0.0
1066,266.25,44.022193908691406,46.411617279052734,134.6251678466797,108.86871337890625,111.82269287109375,0.000808117794804275,0.05575526878237724,21.016084671020508,0.73065584897995,-0.2383236587047577,0.0,0.0
1067,266.5,44.04350280761719,46.28314208984375,128.5159149169922,108.86739349365234,111.62812042236328,0.0008048616582527757,0.05573254078626633,21.016082763671875,0.7406647801399231,-0.2229282110929489,0.0,0.0
1068,266.75,44.050010681152344,46.18434524536133,133.5023956298828,108.85020446777344,110.9031753540039,0.0008019311353564262,0.05569368228316307,21.016080856323242,0.750673770904541,-0.16633285582065582,0.0,0.0
1069,267,44.3868293762207,46.64661407470703,132.1597900390625,108.83830261230469,111.49676513671875,0.0007992936880327761,0.05569368228316307,21.01607894897461,0.7606827616691589,-0.21482600271701813,0.0,0.0
1070,267.25,44.421749114990234,46.390968322753906,127.20842742919922,108.84403228759766,111.94861602783203,0.0007898308685980737,0.05567711591720581,21.016077041625977,0.7406647801399231,-0.2503604590892792,0.0,0.0
1071,267.5,44.90819549560547,46.26577377319336,130.1081085205078,108.83786010742188,111.5570068359375,0.0007813143311068416,0.05566220358014107,21.016075134277344,0.7406647801399231,-0.21967045962810516,0.0,0.0
1072,267.75,44.69858169555664,46.676265716552734,128.84640502929688,108.83301544189453,111.546142578125,0.0007736494881100953,0.05564878508448601,21.01607322692871,0.7606827616691589,-0.2192000299692154,0.0,0.0
1073,268,44.198673248291016,46.780399322509766,127.4603042602539,108.82904815673828,111.54170227050781,0.0007667511235922575,0.055636707693338394,21.016071319580078,0.750673770904541,-0.21917012333869934,0.0,0.0
1074,268.25,44.877830505371094,46.159828186035156,129.97605895996094,108.82508087158203,112.20787811279297,0.0007605425780639052,0.05562583729624748,21.016069412231445,0.750673770904541,-0.27250340580940247,0.0,0.0
1075,268.5,44.20979309082031,46.19549560546875,132.4055633544922,108.82552337646484,111.46219635009766,0.000754954875446856,0.055637799203395844,21.016067504882812,0.7406647801399231,-0.21311068534851074,0.0,0.0
1076,268.75,44.356754302978516,46.271156311035156,129.6776123046875,108.80128479003906,111.2982406616211,0.0007499259663745761,0.0556485652923584,21.016067504882812,0.750673770904541,-0.2019897848367691,0.0,0.0
1077,269,44.260223388671875,46.38232421875,130.32106018066406,108.79907989501953,111.59700775146484,0.0007247929461300373,0.0556582547724247,21.016067504882812,0.750673770904541,-0.22603479027748108,0.0,0.0
1078,269.25,44.297889709472656,46.43476104736328,129.79364013671875,108.79776000976562,112.07652282714844,0.0007021732162684202,0.0556669756770134,21.016111373901367,0.7406647801399231,-0.26431116461753845,0.0,0.0
1079,269.5,44.11679458618164,46.32823181152344,132.3971710205078,108.80084228515625,111.75651550292969,0.0006818154361099005,0.055674824863672256,21.016151428222656,0.7406647801399231,-0.23860487341880798,0.0,0.0
1080,269.75,44.178714752197266,46.204559326171875,128.20755004882812,108.7796859741211,111.68293762207031,0.0006634934688918293,0.05567464232444763,21.01618766784668,0.73065584897995,-0.23447352647781372,0.0,0.0
1081,270,44.42570114135742,46.21696853637695,132.83070373535156,108.77395629882812,111.45527648925781,0.0006283473339863122,0.0556744746863842,21.016220092773438,0.73065584897995,-0.21677759289741516,0.0,0.0
1082,270.25,44.39878463745117,46.14103698730469,128.1747283935547,108.77395629882812,111.3505859375,0.0005967158358544111,0.05567432567477226,21.01624870300293,0.750673770904541,-0.2084115445613861,0.0,0.0
1083,270.5,44.30732345581055,46.28859329223633,132.10711669921875,108.75633239746094,111.92985534667969,0.0005682474584318697,0.05567419156432152,21.01627540588379,0.750673770904541,-0.25604450702667236,0.0,0.0
1084,270.75,44.23573303222656,46.76709747314453,130.46836853027344,108.75676727294922,111.56787109375,0.0005426259594969451,0.05567407235503197,21.016298294067383,0.750673770904541,-0.2271728664636612,0.0,0.0
1085,271,44.42405700683594,46.47780227661133,130.8904571533203,108.7642593383789,111.78121185302734,0.0005054259090684354,0.05567396432161331,21.016319274902344,0.7406647801399231,-0.24356591701507568,0.0,0.0
1086,271.25,43.921958923339844,46.34281539916992,129.82875061035156,108.75148010253906,111.19355010986328,0.00047194588114507496,0.05567386746406555,21.016338348388672,0.7406647801399231,-0.19768822193145752,0.0,0.0
1087,271.5,44.548736572265625,46.13517761230469,131.17593383789062,108.7457504272461,110.76144409179688,0.0004418138414621353,0.05565928295254707,21.016355514526367,0.73065584897995,-0.16349564492702484,0.0,0.0
1088,271.75,44.16387176513672,46.431556701660156,129.33949279785156,108.74002075195312,111.04045867919922,0.0004146950086578727,0.055646155029535294,21.01637077331543,0.73065584897995,-0.18636170029640198,0.0,0.0
1089,272,44.52775192260742,47.10597229003906,131.39041137695312,108.7378158569336,111.68244171142578,0.0003902880707755685,0.05563433840870857,21.01638412475586,0.750673770904541,-0.23786096274852753,0.0,0.0
1090,272.25,44.22527313232422,46.19770050048828,131.80258178710938,108.74222564697266,111.65034484863281,0.00036125502083450556,0.05562370643019676,21.01639747619629,0.7406647801399231,-0.2349414825439453,0.0,0.0
1091,272.5,44.276302337646484,46.67424011230469,129.86996459960938,108.7356185913086,110.75848388671875,0.000335125281708315,0.05561413615942001,21.016408920288086,0.7606827616691589,-0.1640874445438385,0.0,0.0
1092,272.75,44.490692138671875,46.0979118347168,130.93016052246094,108.72415924072266,110.8962631225586,0.0003116085135843605,0.05564176291227341,21.01641845703125,0.7706916928291321,-0.17609241604804993,0.0,0.0
1093,273,45.11225128173828,46.28729248046875,132.9268798828125,108.72283172607422,111.25330352783203,0.0002904434222728014,0.05566662922501564,21.016427993774414,0.750673770904541,-0.20481593906879425,0.0,0.0
1094,273.25,44.48025894165039,46.47601318359375,131.7621307373047,108.71798706054688,111.95355224609375,0.00027139484882354736,0.0556890070438385,21.016435623168945,0.7406647801399231,-0.2610682249069214,0.0,0.0
1095,273.5,44.4085693359375,46.52016830444336,127.71600341796875,108.71798706054688,111.50416564941406,0.00026067515136674047,0.055709145963191986,21.016443252563477,0.73065584897995,-0.2252630740404129,0.0,0.0
1096,273.75,44.26597213745117,46.006961822509766,128.08084106445312,108.71446228027344,111.19207000732422,0.000251027406193316,0.055712778121232986,21.016450881958008,0.73065584897995,-0.20060038566589355,0.0,0.0
1097,274,44.41687774658203,46.042057037353516,131.56138610839844,108.69992065429688,112.197509765625,0.000242344438447617,0.05571604520082474,21.016456604003906,0.750673770904541,-0.2819250226020813,0.0,0.0
1098,274.25,44.01311111450195,46.21858596801758,127.56945037841797,108.70344543457031,111.50515747070312,0.00023452976893167943,0.05571898818016052,21.016462326049805,0.750673770904541,-0.22653280198574066,0.0,0.0
1099,274.5,44.59725570678711,46.20441818237305,133.8550262451172,108.70124053955078,111.01329803466797,0.00022749656636733562,0.05572163686156273,21.016468048095703,0.750673770904541,-0.1873592734336853,0.0,0.0
1100,274.75,44.57161331176758,45.83758544921875,131.0293731689453,108.68449401855469,110.81230926513672,0.00022116668696980923,0.055702272802591324,21.01647186279297,0.750673770904541,-0.17259910702705383,0.0,0.0
1101,275,44.32686996459961,46.533329010009766,130.22183227539062,108.68360900878906,111.83454132080078,0.00023218239948619157,0.05568484589457512,21.016475677490234,0.750673770904541,-0.2544151246547699,0.0,0.0
1102,275.25,44.23829650878906,46.292327880859375,131.462158203125,108.68317413330078,111.82861328125,0.00024209654657170177,0.055669162422418594,21.0164794921875,0.7406647801399231,-0.2539788782596588,0.0,0.0
1103,275.5,44.275001525878906,46.36308670043945,128.90289306640625,108.6677474975586,110.86416625976562,0.00025101928622461855,0.05565504729747772,21.016483306884766,0.750673770904541,-0.1781357079744339,0.0,0.0
1104,275.75,44.16819763183594,46.45069122314453,128.05108642578125,108.65805053710938,111.36540222167969,0.00025904973153956234,0.05564234405755997,21.0164852142334,0.7606827616691589,-0.2190869152545929,0.0,0.0
1105,276,44.46111297607422,46.40058898925781,129.72799682617188,108.65849304199219,110.79009246826172,0.0002849349984899163,0.05563091114163399,21.01648712158203,0.7706916928291321,-0.17294372618198395,0.0,0.0
1106,276.25,44.227638244628906,46.595977783203125,129.77378845214844,108.66333770751953,111.48392486572266,0.0003082317125517875,0.055620621889829636,21.016489028930664,0.7706916928291321,-0.2281227558851242,0.0,0.0
1107,276.5,44.1328010559082,46.45833206176758,127.0198974609375,108.64747619628906,111.9500961303711,0.00032919878140091896,0.05561136081814766,21.016490936279297,0.7606827616691589,-0.2665688693523407,0.0,0.0
1108,276.75,44.10488510131836,46.27475357055664,132.01934814453125,108.63336944580078,111.1851577758789,0.00034806912299245596,0.0556030236184597,21.01649284362793,0.7606827616691589,-0.20668986439704895,0.0,0.0
1109,277,44.5091552734375,46.177223205566406,133.47491455078125,108.63204956054688,111.2745361328125,0.0003830845816992223,0.0555955208837986,21.016494750976562,0.7606827616691589,-0.21395090222358704,0.0,0.0
1110,277.25,44.01667022705078,46.65827941894531,128.07244873046875,108.625,111.91404724121094,0.00041459850035607815,0.0556032657623291,21.016496658325195,0.7606827616691589,-0.26554325222969055,0.0,0.0
1111,277.5,43.86302947998047,46.37299346923828,125.19413757324219,108.61573791503906,110.6661376953125,0.0004429610271472484,0.055610235780477524,21.016498565673828,0.7606827616691589,-0.166482076048851,0.0,0.0
1112,277.75,44.266761779785156,46.35783386230469,131.7430419921875,108.62455749511719,110.83157348632812,0.00046848729834891856,0.055616509169340134,21.01650047302246,0.7606827616691589,-0.1790570765733719,0.0,0.0
1113,278,44.37877655029297,46.12709045410156,125.97039031982422,108.6025161743164,112.03602600097656,0.0005011276807636023,0.0556221567094326,21.016502380371094,0.750673770904541,-0.27708378434181213,0.0,0.0
1114,278.25,44.33353042602539,46.36516571044922,132.0933837890625,108.61662292480469,111.74515533447266,0.0005305040394887328,0.055627238005399704,21.016502380371094,0.750673770904541,-0.25278550386428833,0.0,0.0
1115,278.5,44.110164642333984,46.00423049926758,128.55865478515625,108.60868835449219,111.73577880859375,0.0005569427157752216,0.05562456324696541,21.016502380371094,0.7406647801399231,-0.2526888847351074,0.0,0.0
1116,278.75,44.14275360107422,46.431236267089844,130.38670349121094,108.59502410888672,111.64787292480469,0.0005807375418953598,0.0556221567094326,21.016502380371094,0.73065584897995,-0.24680297076702118,0.0,0.0
1117,279,44.238624572753906,46.442344665527344,127.65493774414062,108.58665466308594,110.91947174072266,0.0005989302298985422,0.055619992315769196,21.016502380371094,0.7406647801399231,-0.1892208307981491,0.0,0.0
1118,279.25,44.271602630615234,46.38787078857422,131.2400360107422,108.59062194824219,111.44738006591797,0.0006153036374598742,0.0556180439889431,21.016502380371094,0.750673770904541,-0.2311636209487915,0.0,0.0
1119,279.5,44.32335662841797,45.902652740478516,128.4319610595703,108.56990814208984,111.07997131347656,0.0006300397217273712,0.05560903996229172,21.016502380371094,0.750673770904541,-0.20346572995185852,0.0,0.0
1120,279.75,43.974849700927734,46.373382568359375,132.45823669433594,108.58533477783203,111.03848266601562,0.000643302162643522,0.05560093745589256,21.016502380371094,0.750673770904541,-0.1988753229379654,0.0,0.0
1121,280,44.18115997314453,46.425106048583984,128.2357940673828,108.55139923095703,110.92835998535156,0.000642352388240397,0.055593643337488174,21.016502380371094,0.750673770904541,-0.1928248107433319,0.0,0.0
1122,280.25,44.33919143676758,46.140960693359375,129.59136962890625,108.57695770263672,110.33971405029297,0.0006414976087398827,0.055587079375982285,21.016502380371094,0.7406647801399231,-0.14336445927619934,0.0,0.0
1123,280.5,44.5257682800293,46.14784240722656,131.4049072265625,108.55448150634766,110.52440643310547,0.0006407282780855894,0.055581171065568924,21.016502380371094,0.73065584897995,-0.16009587049484253,0.0,0.0
1124,280.75,44.64145278930664,46.3375244140625,128.77694702148438,108.55271911621094,111.18367004394531,0.0006400358979590237,0.05559035390615463,21.016502380371094,0.73065584897995,-0.21318186819553375,0.0,0.0
1125,281,44.154396057128906,46.244163513183594,131.1461639404297,108.5478744506836,111.2962646484375,0.000639412784948945,0.05559861660003662,21.016502380371094,0.7106378078460693,-0.22258982062339783,0.0,0.0
1126,281.25,44.27570724487305,46.17694091796875,131.540771484375,108.53817749023438,111.40737915039062,0.0006214695749804378,0.05560605227947235,21.016502380371094,0.73065584897995,-0.2322680503129959,0.0,0.0
1127,281.5,44.04731369018555,46.08238983154297,128.97311401367188,108.53421020507812,111.21527862548828,0.0006053207325749099,0.05560549721121788,21.016502380371094,0.7106378078460693,-0.21723049879074097,0.0,0.0
1128,281.75,44.416343688964844,46.5783576965332,131.8529510498047,108.52495574951172,110.79058074951172,0.0005907867453061044,0.055604998022317886,21.016502380371094,0.720646858215332,-0.18393032252788544,0.0,0.0
1129,282,44.46718215942383,46.42151641845703,131.12554931640625,108.51966857910156,111.37725067138672,0.0005777061451226473,0.05560454726219177,21.016502380371094,0.720646858215332,-0.23137818276882172,0.0,0.0
1130,282.25,44.44767761230469,46.35905456542969,129.22882080078125,108.52539825439453,111.44935607910156,0.0005659336457028985,0.05560414120554924,21.016502380371094,0.73065584897995,-0.23666973412036896,0.0,0.0
1131,282.5,44.378334045410156,46.261627197265625,133.962646484375,108.53421020507812,110.94219207763672,0.0005437586223706603,0.055596526712179184,21.016502380371094,0.7406647801399231,-0.19534485042095184,0.0,0.0
1132,282.75,44.43660354614258,46.242706298828125,128.54263305664062,108.50952911376953,111.10663604736328,0.0005238011362962425,0.05558967590332031,21.016502380371094,0.7406647801399231,-0.21055461466312408,0.0,0.0
1133,283,44.36130142211914,46.394309997558594,133.7107696533203,108.50247955322266,112.3407211303711,0.0005058393580839038,0.05558351054787636,21.016502380371094,0.73065584897995,-0.3094646632671356,0.0,0.0
1134,283.25,44.27192687988281,46.477176666259766,130.42257690429688,108.50820922851562,111.32292938232422,0.0004896737518720329,0.05557795986533165,21.016502380371094,0.73065584897995,-0.2279757857322693,0.0,0.0
1135,283.5,43.718170166015625,46.66436004638672,128.87083435058594,108.4892578125,111.09280395507812,0.00047512471792288125,0.05557296425104141,21.016502380371094,0.73065584897995,-0.21110934019088745,0.0,0.0
1136,283.75,44.43277359008789,46.31598663330078,131.60260009765625,108.4800033569336,110.58317565917969,0.00044981559040024877,0.05558296665549278,21.016502380371094,0.7406647801399231,-0.17093732953071594,0.0,0.0
1137,284,44.44736099243164,46.32016372680664,128.02589416503906,108.4800033569336,111.11848449707031,0.0004270373610779643,0.05559196695685387,21.016502380371094,0.750673770904541,-0.21392644941806793,0.0,0.0
1138,284.25,44.432044982910156,46.32268142700195,132.31396484375,108.48705291748047,111.198486328125,0.00040653697215020657,0.05560006946325302,21.016502380371094,0.7606827616691589,-0.21975474059581757,0.0,0.0
1139,284.5,44.56671905517578,46.51198959350586,129.09524536132812,108.46281433105469,110.91749572753906,0.0003880866279359907,0.05560735985636711,21.016502380371094,0.750673770904541,-0.19922040402889252,0.0,0.0
1140,284.75,44.28871536254883,46.43462371826172,127.18170928955078,108.47030639648438,110.87947082519531,0.0003644126118160784,0.055613923817873,21.016502380371094,0.73065584897995,-0.19555367529392242,0.0,0.0
1141,285,43.840599060058594,46.41436004638672,131.68426513671875,108.46149444580078,110.58712768554688,0.0003431060176808387,0.05559808760881424,21.016502380371094,0.73065584897995,-0.17277492582798004,0.0,0.0
1142,285.25,44.33382797241211,46.43370819091797,129.2952117919922,108.46898651123047,111.38762664794922,0.00032393005676567554,0.055583834648132324,21.016502380371094,0.750673770904541,-0.23636624217033386,0.0,0.0
1143,285.5,44.27040481567383,46.4207878112793,128.5105743408203,108.46149444580078,111.1007080078125,0.0003066717181354761,0.05557100847363472,21.016502380371094,0.750673770904541,-0.2140210121870041,0.0,0.0
1144,285.75,44.289161682128906,46.4039306640625,129.9905548095703,108.44430541992188,111.22416687011719,0.00029113920754753053,0.055559463798999786,21.016502380371094,0.73065584897995,-0.22531859576702118,0.0,0.0
1145,286,44.39140319824219,46.42148208618164,128.83572387695312,108.44562530517578,111.27503204345703,0.00027523297467269003,0.055549073964357376,21.016502380371094,0.73065584897995,-0.2292807400226593,0.0,0.0
1146,286.25,44.3896484375,46.421226501464844,133.55657958984375,108.43769073486328,111.04934692382812,0.0002609173534438014,0.05553972348570824,21.016502380371094,0.73065584897995,-0.21185864508152008,0.0,0.0
1147,286.5,44.07603454589844,46.501060485839844,130.0317840576172,108.42975616455078,111.36688232421875,0.0002480332914274186,0.05553130805492401,21.016502380371094,0.7406647801399231,-0.23792855441570282,0.0,0.0
1148,286.75,44.530521392822266,46.32759475708008,132.08270263671875,108.4134521484375,111.00935363769531,0.00023643764143344015,0.05552373453974724,21.016502380371094,0.7406647801399231,-0.21064208447933197,0.0,0.0
1149,287,44.467403411865234,46.613006591796875,131.22096252441406,108.41609954833984,110.96737670898438,0.0002324266533832997,0.05551691725850105,21.016502380371094,0.750673770904541,-0.20705807209014893,0.0,0.0
1150,287.25,43.58500671386719,46.721309661865234,131.71937561035156,108.42050170898438,111.12886047363281,0.00022881675977259874,0.055510781705379486,21.016502380371094,0.7406647801399231,-0.21964162588119507,0.0,0.0
1151,287.5,44.2760009765625,46.11050033569336,128.47622680664062,108.40023040771484,110.98219299316406,0.00022556785552296788,0.055512502789497375,21.016502380371094,0.73065584897995,-0.20954956114292145,0.0,0.0
1152,287.75,44.35788345336914,46.43398666381836,129.37612915039062,108.40067291259766,111.14762115478516,0.00022264383733272552,0.055514052510261536,21.016502380371094,0.7406647801399231,-0.22277261316776276,0.0,0.0
1153,288,43.999229431152344,46.43775939941406,129.17538452148438,108.3967056274414,111.96886444091797,0.00022001222532708198,0.05551544949412346,21.016502380371094,0.7406647801399231,-0.2886316180229187,0.0,0.0
1154,288.25,43.904727935791016,46.18476486206055,130.22869873046875,108.40684509277344,111.60589599609375,0.0002350022696191445,0.05551670491695404,21.016502380371094,0.73065584897995,-0.2588944137096405,0.0,0.0
1155,288.5,44.3442268371582,46.0377082824707,131.7804412841797,108.38348388671875,111.57034301757812,0.0002484933065716177,0.055510591715574265,21.016502380371094,0.7406647801399231,-0.2579767405986786,0.0,0.0
1156,288.75,44.38239288330078,46.06398391723633,130.06460571289062,108.38172149658203,113.09331512451172,0.0002606352500151843,0.055505089461803436,21.016502380371094,0.750673770904541,-0.3788154423236847,0.0,0.0
1157,289,44.145591735839844,46.35845947265625,129.6654052734375,108.36673736572266,111.37528228759766,0.0002715629816520959,0.05550013855099678,21.016502380371094,0.750673770904541,-0.24377532303333282,0.0,0.0
1158,289.25,44.227176666259766,46.347957611083984,131.66366577148438,108.36981964111328,110.6315689086914,0.00029877180350013077,0.05549568310379982,21.016502380371094,0.750673770904541,-0.1838788539171219,0.0,0.0
1159,289.5,43.99448776245117,46.11122131347656,127.15805053710938,108.36189270019531,111.36095428466797,0.00032325973734259605,0.055498916655778885,21.016502380371094,0.7606827616691589,-0.2430277019739151,0.0,0.0
1160,289.75,44.54924774169922,46.33884811401367,131.33316040039062,108.35704040527344,110.67404174804688,0.00034529887489043176,0.055501826107501984,21.016502380371094,0.750673770904541,-0.18834556639194489,0.0,0.0
1161,290,44.77073287963867,46.502197265625,130.08367919921875,108.34513854980469,110.85527801513672,0.00036513409577310085,0.0555044449865818,21.016502380371094,0.7406647801399231,-0.2038891762495041,0.0,0.0
1162,290.25,44.31947326660156,46.701080322265625,129.81959533691406,108.35086822509766,110.9288558959961,0.00039457756793126464,0.05550679937005043,21.016502380371094,0.7406647801399231,-0.20932522416114807,0.0,0.0
1163,290.5,44.06956100463867,46.55387496948242,133.5840606689453,108.34337615966797,110.55058288574219,0.00042107669287361205,0.055508919060230255,21.016502380371094,0.7406647801399231,-0.17953243851661682,0.0,0.0
1164,290.75,44.26679992675781,46.39639663696289,131.56825256347656,108.33148193359375,110.82416534423828,0.00044492591405287385,0.05548908933997154,21.016502380371094,0.7406647801399231,-0.20251250267028809,0.0,0.0
1165,291,44.450355529785156,46.4061393737793,130.77902221679688,108.34249877929688,110.97083282470703,0.00046639019274152815,0.05547124519944191,21.016502380371094,0.7406647801399231,-0.21338076889514923,0.0,0.0
1166,291.25,44.089778900146484,46.59333038330078,130.00125122070312,108.33544921875,110.49626159667969,0.00048570806393399835,0.05545518547296524,21.016502380371094,0.7406647801399231,-0.17580829560756683,0.0,0.0
1167,291.5,44.475074768066406,46.150543212890625,129.87225341796875,108.32266235351562,110.2992172241211,0.0005030941683799028,0.05544073134660721,21.016502380371094,0.7406647801399231,-0.160970538854599,0.0,0.0
1168,291.75,44.35226821899414,46.33198547363281,127.58319091796875,108.31693267822266,110.62366485595703,0.0005206742789596319,0.05542772263288498,21.016502380371094,0.73065584897995,-0.18758849799633026,0.0,0.0
1169,292,44.4946174621582,46.63421630859375,133.28485107421875,108.28961181640625,110.71502685546875,0.0005364964017644525,0.05541601404547691,21.01633644104004,0.73065584897995,-0.19718314707279205,0.0,0.0
1170,292.25,44.16884994506836,46.397911071777344,130.22793579101562,108.31120300292969,111.7831802368164,0.0005507362657226622,0.055405475199222565,21.01618766784668,0.7406647801399231,-0.28088119626045227,0.0,0.0
1171,292.5,44.513797760009766,46.21296691894531,131.94912719726562,108.29534149169922,111.01329803466797,0.0005635521956719458,0.05539599061012268,21.01605224609375,0.750673770904541,-0.2206619679927826,0.0,0.0
1172,292.75,44.459068298339844,46.42966079711914,131.8880615234375,108.29137420654297,109.82020568847656,0.0005750865093432367,0.05540194734930992,21.015932083129883,0.7406647801399231,-0.12479757517576218,0.0,0.0
1173,293,44.49292755126953,46.41010665893555,129.2265167236328,108.29269409179688,110.43798828125,0.000573231081943959,0.05540730804204941,21.015823364257812,0.720646858215332,-0.174626424908638,0.0,0.0
1174,293.25,44.43649673461914,46.30034637451172,126.8382339477539,108.27991485595703,110.77873229980469,0.0005715612205676734,0.055412136018276215,21.01572608947754,0.720646858215332,-0.20310091972351074,0.0,0.0
1175,293.5,44.23771286010742,46.30058288574219,131.65756225585938,108.2763900756836,110.70465850830078,0.0005700582987628877,0.05541647970676422,21.01563835144043,0.73065584897995,-0.19743594527244568,0.0,0.0
1176,293.75,43.6377067565918,46.4727783203125,130.22640991210938,108.2684555053711,110.95552062988281,0.0005687056691385806,0.05542038753628731,21.01555824279785,0.7406647801399231,-0.21823805570602417,0.0,0.0
1177,294,43.87108612060547,46.38986587524414,127.29849243164062,108.27462768554688,110.7984848022461,0.0005674883141182363,0.055423904210329056,21.015485763549805,0.7406647801399231,-0.205122709274292,0.0,0.0
1178,294.25,44.076011657714844,46.31117248535156,127.13056945800781,108.26625061035156,110.99108123779297,0.000556094222702086,0.05542707070708275,21.01542091369629,0.7406647801399231,-0.22127225995063782,0.0,0.0
1179,294.5,44.16352081298828,46.3406982421875,129.6470947265625,108.25391387939453,111.30812072753906,0.0005458394880406559,0.055415425449609756,21.015363693237305,0.7406647801399231,-0.24767857789993286,0.0,0.0
1180,294.75,42.972747802734375,46.43960952758789,126.21540069580078,108.24553680419922,110.74613952636719,0.0005366102559491992,0.05540494620800018,21.01531219482422,0.750673770904541,-0.20330829918384552,0.0,0.0
1181,295,44.25285339355469,46.65975570678711,128.48614501953125,108.24994659423828,110.79601287841797,0.0005283039645291865,0.05539551377296448,21.0152645111084,0.7406647801399231,-0.2069532573223114,0.0,0.0
1182,295.25,44.40785598754883,46.642433166503906,127.4633560180664,108.24774169921875,111.06465911865234,0.000520828296430409,0.05538702383637428,21.015222549438477,0.7406647801399231,-0.22869327664375305,0.0,0.0
1183,295.5,44.17702865600586,46.367549896240234,127.19468688964844,108.24818420410156,111.65380096435547,0.0005050933104939759,0.05539387837052345,21.01518440246582,0.7606827616691589,-0.2757532000541687,0.0,0.0
1184,295.75,44.37819290161133,46.463077545166016,131.2759246826172,108.2177734375,111.0444107055664,0.0004909317940473557,0.055400047451257706,21.01515007019043,0.7406647801399231,-0.22953498363494873,0.0,0.0
1185,296,44.48212814331055,46.43489456176758,129.25552368164062,108.23099517822266,112.30664825439453,0.00047818644088692963,0.055405598133802414,21.015119552612305,0.750673770904541,-0.32906582951545715,0.0,0.0
1186,296.25,44.493873596191406,46.13222885131836,131.93463134765625,108.21997833251953,110.93083190917969,0.0004667156026698649,0.05541059374809265,21.015090942382812,0.7406647801399231,-0.22024370729923248,0.0,0.0
1187,296.5,44.40481948852539,46.43925857543945,127.62059020996094,108.20410919189453,111.0355224609375,0.00045639186282642186,0.055415090173482895,21.015066146850586,0.750673770904541,-0.22994659841060638,0.0,0.0
1188,296.75,44.41410827636719,45.997684478759766,127.54045104980469,108.20234680175781,111.21626281738281,0.0004503168456722051,0.05541913956403732,21.015043258666992,0.750673770904541,-0.24457046389579773,0.0,0.0
1189,297,44.21253967285156,45.89873504638672,129.1349334716797,108.2085189819336,111.38910675048828,0.0004448493127711117,0.05542278289794922,21.01502227783203,0.750673770904541,-0.2578866183757782,0.0,0.0
1190,297.25,44.337772369384766,46.35894775390625,132.4597625732422,108.19265747070312,110.6878662109375,0.000439928553532809,0.055426061153411865,21.015005111694336,0.73065584897995,-0.20297282934188843,0.0,0.0
1191,297.5,44.28565979003906,46.36773681640625,128.12741088867188,108.19001007080078,111.8804702758789,0.0004361430474091321,0.05542901158332825,21.01498794555664,0.750673770904541,-0.29859212040901184,0.0,0.0
1192,297.75,44.366050720214844,46.43018341064453,131.74456787109375,108.18648529052734,111.73528289794922,0.00043273609480820596,0.05543166771531105,21.014972686767578,0.7406647801399231,-0.28732234239578247,0.0,0.0
1193,298,44.502586364746094,45.95703125,132.13307189941406,108.18692779541016,111.16145324707031,0.0004296698316466063,0.055397823452949524,21.01495933532715,0.73065584897995,-0.24145086109638214,0.0,0.0
1194,298.25,44.37617874145508,46.28163528442383,128.81436157226562,108.18075561523438,112.0133056640625,0.00042691020644269884,0.0553673654794693,21.01494789123535,0.73065584897995,-0.30991682410240173,0.0,0.0
1195,298.5,44.41185760498047,46.37220764160156,130.73780822753906,108.17634582519531,111.1352767944336,0.0004224966687615961,0.05533995106816292,21.014936447143555,0.73065584897995,-0.24022482335567474,0.0,0.0
1196,298.75,44.308013916015625,46.37520217895508,130.5912628173828,108.1644515991211,110.88490295410156,0.0004185244906693697,0.055315278470516205,21.015159606933594,0.73065584897995,-0.22112594544887543,0.0,0.0
1197,299,44.27286148071289,46.4588508605957,128.09153747558594,108.16532897949219,110.81478118896484,0.0004149495216552168,0.05529307574033737,21.015361785888672,0.7406647801399231,-0.2154228538274765,0.0,0.0
1198,299.25,44.28807830810547,46.02311706542969,134.8190460205078,108.16312408447266,110.38514709472656,0.00041173206409439445,0.055258601903915405,21.01554298400879,0.73065584897995,-0.18102359771728516,0.0,0.0
1199,299.5,44.0305061340332,46.26130294799805,130.13023376464844,108.14682006835938,111.01824188232422,0.00040819321293383837,0.055227577686309814,21.015705108642578,0.73065584897995,-0.23327568173408508,0.0,0.0
1200,299.75,44.290287017822266,46.372337341308594,127.36871337890625,108.14020538330078,111.34071350097656,0.00040500826435163617,0.05519965663552284,21.015851974487305,0.73065584897995,-0.259640097618103,0.0,0.0
1201,300,44.65248489379883,46.424110412597656,129.71884155273438,108.14726257324219,110.86564636230469,0.000402141798986122,0.05517452582716942,21.01598358154297,0.73065584897995,-0.22099484503269196,0.0,0.0
1202,300.25,44.27699279785156,46.149986267089844,127.98238372802734,108.13756561279297,110.98416137695312,0.0003995619772467762,0.055151909589767456,21.016101837158203,0.73065584897995,-0.2313041090965271,0.0,0.0
1203,300.5,44.80203628540039,46.46373748779297,129.25247192382812,108.12918853759766,110.68243408203125,0.0003972401318605989,0.05513155460357666,21.01620864868164,0.750673770904541,-0.20775923132896423,0.0,0.0
1204,300.75,44.517276763916016,46.48936080932617,130.44776916503906,108.11420440673828,110.58020782470703,0.00039515047683380544,0.055113233625888824,21.016305923461914,0.750673770904541,-0.20076753199100494,0.0,0.0
1205,301,44.15963363647461,46.45687484741211,130.5653076171875,108.11199951171875,111.24935150146484,0.0003932697873096913,0.05509674549102783,21.01639175415039,0.7606827616691589,-0.25465479493141174,0.0,0.0
1206,301.25,44.347843170166016,45.99672317504883,130.8652801513672,108.12213897705078,110.49674987792969,0.0003915771667379886,0.05508190765976906,21.016469955444336,0.7606827616691589,-0.1933930516242981,0.0,0.0
1207,301.5,44.36054992675781,46.29566192626953,128.47012329101562,108.11156463623047,111.5787353515625,0.00039005381404422224,0.05506855249404907,21.01654052734375,0.73065584897995,-0.281008243560791,0.0,0.0
1208,301.75,45.165042877197266,46.210941314697266,133.00473022460938,108.10803985595703,111.37922668457031,0.0003886827907990664,0.055056530982255936,21.016603469848633,0.73065584897995,-0.26536720991134644,0.0,0.0
1209,302,44.048858642578125,46.59693145751953,128.90365600585938,108.11553192138672,110.44391632080078,0.00039002185803838074,0.0550457127392292,21.016660690307617,0.720646858215332,-0.18967939913272858,0.0,0.0
1210,302.25,44.270450592041016,46.12268829345703,130.50729370117188,108.09172821044922,110.37033081054688,0.00039122701855376363,0.05505771189928055,21.016712188720703,0.7106378078460693,-0.18570666015148163,0.0,0.0
1211,302.5,44.12836456298828,46.52811050415039,128.47012329101562,108.0890884399414,110.49131774902344,0.0003923116601072252,0.05506851151585579,21.01675796508789,0.7106378078460693,-0.195676788687706,0.0,0.0
1212,302.75,43.85774612426758,46.5219612121582,130.78359985351562,108.09261322021484,110.53131866455078,0.0003932878316845745,0.055078230798244476,21.016799926757812,0.7106378078460693,-0.19860891997814178,0.0,0.0
1213,303,44.524131774902344,46.386436462402344,130.21038818359375,108.0886459350586,110.9940414428711,0.0003941663890145719,0.05509422719478607,21.01683807373047,0.73065584897995,-0.23612485826015472,0.0,0.0
1214,303.25,44.219970703125,46.59728240966797,128.92579650878906,108.08203125,110.99700164794922,0.0003975304134655744,0.05510862171649933,21.01687240600586,0.7106378078460693,-0.23690678179264069,0.0,0.0
1215,303.5,44.448448181152344,46.55095672607422,126.85655212402344,108.0705795288086,110.97872924804688,0.00040055805584415793,0.05512157827615738,21.016902923583984,0.73065584897995,-0.23638476431369781,0.0,0.0
1216,303.75,44.534942626953125,46.42835235595703,131.17364501953125,108.07234191894531,110.19452667236328,0.0004032829310745001,0.055133238434791565,21.016929626464844,0.73065584897995,-0.17311251163482666,0.0,0.0
1217,304,44.65656661987305,46.38666534423828,128.86854553222656,108.11112213134766,110.56144714355469,0.00040573530714027584,0.05514373257756233,21.01695442199707,0.750673770904541,-0.19951072335243225,0.0,0.0
1218,304.25,44.48234176635742,46.50489044189453,132.50479125976562,108.05955505371094,110.4399642944336,0.00040794245433062315,0.055145930498838425,21.01697540283203,0.7406647801399231,-0.19397111237049103,0.0,0.0
1219,304.5,44.403602600097656,46.46769714355469,130.15313720703125,108.05250549316406,111.26614379882812,0.00041057218913920224,0.05514790862798691,21.01699447631836,0.7406647801399231,-0.26089832186698914,0.0,0.0
1220,304.75,43.99362564086914,46.461856842041016,129.45169067382812,108.0547103881836,110.56243133544922,0.0004129389417357743,0.05514968931674957,21.01677894592285,0.73065584897995,-0.20423609018325806,0.0,0.0
1221,305,44.13396072387695,46.34227752685547,128.82427978515625,108.06044006347656,111.07552337646484,0.00041506902198307216,0.05515129119157791,21.016584396362305,0.73065584897995,-0.2449805736541748,0.0,0.0
1222,305.25,44.35721969604492,46.514793395996094,128.05642700195312,108.05118560791016,110.4187240600586,0.0004169860912952572,0.055152732878923416,21.01641082763672,0.720646858215332,-0.19294841587543488,0.0,0.0
1223,305.5,43.86164855957031,46.444183349609375,128.38844299316406,108.04237365722656,111.30367279052734,0.0004148516454733908,0.05515402927994728,21.016254425048828,0.720646858215332,-0.26473531126976013,0.0,0.0
1224,305.75,44.29087448120117,46.40407180786133,131.87051391601562,108.05206298828125,111.09329986572266,0.00041120173409581184,0.05518418177962303,21.0159854888916,0.7106378078460693,-0.24709537625312805,0.0,0.0
1225,306,44.25630187988281,46.17380905151367,127.44122314453125,108.04369354248047,110.65082550048828,0.00041120173409581184,0.05521132051944733,21.0159854888916,0.73065584897995,-0.21225804090499878,0.0,0.0
1226,306.25,44.77891159057617,46.50436782836914,128.97998046875,108.01988983154297,110.42613220214844,0.00040964572690427303,0.05523574724793434,21.015871047973633,0.7406647801399231,-0.19612428545951843,0.0,0.0
1227,306.5,44.14434051513672,46.455108642578125,131.594970703125,108.03267669677734,111.03256225585938,0.0004043859080411494,0.055257730185985565,21.01576805114746,0.73065584897995,-0.24382439255714417,0.0,0.0
1228,306.75,44.072635650634766,46.46954345703125,132.706298828125,108.03399658203125,110.05674743652344,0.00039965208270587027,0.055277515202760696,21.015443801879883,0.7406647801399231,-0.16513386368751526,0.0,0.0
1229,307,44.180965423583984,46.386348724365234,127.75492858886719,108.02738189697266,110.59304809570312,0.00039539163117296994,0.055295322090387344,21.015151977539062,0.7406647801399231,-0.20895256102085114,0.0,0.0
1230,307.25,44.560516357421875,46.29521560668945,131.57435607910156,108.0128402709961,110.70613861083984,0.00039155723061412573,0.05531134828925133,21.014888763427734,0.7406647801399231,-0.21924951672554016,0.0,0.0
1231,307.5,44.16936111450195,46.54084777832031,135.58689880371094,108.01725006103516,110.78662872314453,0.00038489094004034996,0.055325768887996674,21.014652252197266,0.720646858215332,-0.22535613179206848,0.0,0.0
1232,307.75,44.69631576538086,46.50946044921875,130.15084838867188,108.01988983154297,110.74564361572266,0.0003788912727031857,0.055338747799396515,21.01443862915039,0.73065584897995,-0.22184452414512634,0.0,0.0
1233,308,44.360164642333984,46.32508087158203,132.73223876953125,108.01988983154297,110.55255889892578,0.00037349158083088696,0.055335935205221176,21.014245986938477,0.73065584897995,-0.20631027221679688,0.0,0.0
1234,308.25,44.23423385620117,46.25123596191406,132.35519409179688,108.00226593017578,110.75157165527344,0.000368631852325052,0.05533340573310852,21.01407241821289,0.73065584897995,-0.22377373278141022,0.0,0.0
1235,308.5,43.96338653564453,46.55327606201172,129.740966796875,107.99961853027344,111.17034149169922,0.0003642580995801836,0.05533112958073616,21.013916015625,0.73065584897995,-0.2575884163379669,0.0,0.0
1236,308.75,44.54636764526367,46.420536041259766,132.3872528076172,107.9793472290039,110.69625854492188,0.000360321719199419,0.05532723665237427,21.013776779174805,0.7106378078460693,-0.22121569514274597,0.0,0.0
1237,309,44.637569427490234,46.65989303588867,130.67063903808594,108.00843811035156,110.76293182373047,0.00035613568616099656,0.05532723665237427,21.01365089416504,0.7006288170814514,-0.2241780012845993,0.0,0.0
1238,309.25,44.10527420043945,46.319541931152344,135.30601501464844,107.9881591796875,110.84934997558594,0.0003523682535160333,0.05533282458782196,21.013538360595703,0.720646858215332,-0.23279255628585815,0.0,0.0
1239,309.5,45.09354782104492,46.22265625,133.56956481933594,107.99168395996094,111.13034057617188,0.00034897756995633245,0.055337853729724884,21.01343536376953,0.720646858215332,-0.25503867864608765,0.0,0.0
1240,309.75,43.885093688964844,46.1279182434082,130.11268615722656,108.00623321533203,110.62860870361328,0.0003465692570898682,0.055342379957437515,21.013343811035156,0.720646858215332,-0.2135574072599411,0.0,0.0
1241,310,44.4126091003418,46.36114501953125,132.00485229492188,108.0049057006836,110.76293182373047,0.0003444017784204334,0.05535369738936424,21.013261795043945,0.7106378078460693,-0.2244691401720047,0.0,0.0
1242,310.25,44.371639251708984,46.17925262451172,131.76136779785156,107.99565124511719,110.46366882324219,0.0003424510359764099,0.055363886058330536,21.013187408447266,0.720646858215332,-0.2011474221944809,0.0,0.0
1243,310.5,44.523170471191406,46.63462829589844,131.91859436035156,107.97846984863281,109.7974853515625,0.0003406953765079379,0.05537305399775505,21.013120651245117,0.73065584897995,-0.148715078830719,0.0,0.0
1244,310.75,44.651275634765625,46.348838806152344,133.40316772460938,107.99212646484375,110.50366973876953,0.0003416875551920384,0.055381305515766144,21.013059616088867,0.720646858215332,-0.20466120541095734,0.0,0.0
1245,311,44.19314956665039,46.75586700439453,126.0360336303711,107.99785614013672,111.12886047363281,0.0003425805189181119,0.05538873374462128,21.01300621032715,0.7106378078460693,-0.2544113099575043,0.0,0.0
1246,311.25,44.46151351928711,46.476646423339844,130.70803833007812,107.9872817993164,110.84786987304688,0.00034338419209234416,0.05538817122578621,21.012956619262695,0.7106378078460693,-0.2327457070350647,0.0,0.0
1247,311.5,44.2813720703125,46.44954299926758,129.3501739501953,107.98419189453125,110.83601379394531,0.00034410750959068537,0.05538766458630562,21.01291275024414,0.720646858215332,-0.23204803466796875,0.0,0.0
1248,311.75,44.485198974609375,46.043540954589844,128.07473754882812,107.99388885498047,111.01280975341797,0.0003537644224707037,0.05538720637559891,21.01287269592285,0.720646858215332,-0.24543710052967072,0.0,0.0
1249,312,44.75237274169922,46.555091857910156,130.568359375,107.97582244873047,110.33378601074219,0.0003624556411523372,0.05538679659366608,21.012836456298828,0.73065584897995,-0.1923091560602188,0.0,0.0
1250,312.25,44.64183044433594,46.428367614746094,128.9586181640625,107.97802734375,110.17724609375,0.00037027773214504123,0.05538642778992653,21.01280403137207,0.73065584897995,-0.17948856949806213,0.0,0.0
1251,312.5,44.66278839111328,46.48342514038086,134.88162231445312,107.98948669433594,109.85675048828125,0.00037731759948655963,0.0554150827229023,21.012775421142578,0.720646858215332,-0.1526108831167221,0.0,0.0
1252,312.75,44.467369079589844,46.552215576171875,128.47927856445312,107.98507690429688,110.81922149658203,0.00038365350337699056,0.05544087290763855,21.01274871826172,0.720646858215332,-0.23062670230865479,0.0,0.0
1253,313,44.45594787597656,46.68168258666992,130.3790740966797,107.96612548828125,110.53131866455078,0.00040287262527272105,0.055464085191488266,21.012725830078125,0.73065584897995,-0.209031879901886,0.0,0.0
1254,313.25,44.43442916870117,46.2819709777832,130.91107177734375,107.97229766845703,110.90021514892578,0.0004201698175165802,0.05548497661948204,21.012704849243164,0.73065584897995,-0.23818360269069672,0.0,0.0
1255,313.5,44.53975296020508,46.706050872802734,127.11988067626953,107.97229766845703,110.41378784179688,0.0004357373109087348,0.05550377815961838,21.012685775756836,0.73065584897995,-0.19905221462249756,0.0,0.0
1256,313.75,44.41444396972656,46.58537292480469,127.6480712890625,107.96744537353516,110.11995697021484,0.0004497480404097587,0.05552069842815399,21.012901306152344,0.7406647801399231,-0.175730898976326,0.0,0.0
1257,314,44.2614631652832,46.22060012817383,130.04933166503906,107.97582244873047,110.00885009765625,0.0004623577115125954,0.055535927414894104,21.01309585571289,0.750673770904541,-0.166053906083107,0.0,0.0
1258,314.25,44.50981521606445,46.41961669921875,131.33468627929688,107.96612548828125,110.58267974853516,0.00047370640095323324,0.055549632757902145,21.01327133178711,0.7406647801399231,-0.2131672203540802,0.0,0.0
1259,314.5,44.472896575927734,45.951202392578125,128.0365753173828,107.97317504882812,110.71897888183594,0.0004839202156290412,0.055525731295347214,21.013427734375,0.7406647801399231,-0.22355173528194427,0.0,0.0
1260,314.75,44.266971588134766,46.19197463989258,129.12347412109375,107.96656799316406,111.15650939941406,0.0004931126604788005,0.055504221469163895,21.013568878173828,0.7406647801399231,-0.25920525193214417,0.0,0.0
1261,315,44.79658126831055,46.60814666748047,133.8580780029297,107.9700927734375,110.67996215820312,0.0005078714457340539,0.05548486113548279,21.013660430908203,0.73065584897995,-0.2206684947013855,0.0,0.0
1262,315.25,43.996421813964844,46.11022186279297,127.24506378173828,107.97406005859375,110.5377426147461,0.0005211543757468462,0.05546743795275688,21.013742446899414,0.73065584897995,-0.2088949829339981,0.0,0.0
1263,315.5,44.38828659057617,46.35020446777344,131.94760131835938,107.96260070800781,110.27946472167969,0.0005331090069375932,0.05543726682662964,21.013816833496094,0.720646858215332,-0.1890154331922531,0.0,0.0
1264,315.75,44.72832107543945,46.80385971069336,129.75929260253906,107.97626495361328,110.88243865966797,0.0005438681691884995,0.05541011318564415,21.013883590698242,0.720646858215332,-0.23642998933792114,0.0,0.0
1265,316,44.34025573730469,46.523189544677734,125.73912048339844,107.95687103271484,111.14318084716797,0.0005535514210350811,0.05538567155599594,21.013944625854492,0.720646858215332,-0.2589375674724579,0.0,0.0
1266,316.25,44.64017868041992,46.567604064941406,135.3365478515625,107.96965026855469,111.05972290039062,0.0005435965722426772,0.05536367744207382,21.013999938964844,0.720646858215332,-0.25119659304618835,0.0,0.0
1267,316.5,43.62789535522461,46.463157653808594,130.96603393554688,107.96039581298828,110.53181457519531,0.0005346372490748763,0.055343881249427795,21.013961791992188,0.720646858215332,-0.2095441371202469,0.0,0.0
1268,316.75,44.11484146118164,46.42715072631836,130.97824096679688,107.97317504882812,110.26070404052734,0.0005265738582238555,0.05532606318593025,21.013927459716797,0.720646858215332,-0.1866288185119629,0.0,0.0
1269,317,44.88284683227539,46.71652603149414,130.00048828125,107.9714126586914,110.77182006835938,0.000519316759891808,0.05531002953648567,21.013896942138672,0.720646858215332,-0.2279447466135025,0.0,0.0
1270,317.25,44.48310470581055,46.11267852783203,125.2086410522461,107.96392059326172,110.95156860351562,0.0005127853946760297,0.05530243739485741,21.013870239257812,0.720646858215332,-0.24299553036689758,0.0,0.0
1271,317.5,43.83103942871094,46.60945129394531,129.9752960205078,107.95995330810547,110.9505844116211,0.0004966144915670156,0.05529560148715973,21.013845443725586,0.7406647801399231,-0.24324418604373932,0.0,0.0
1272,317.75,44.3860969543457,46.32130813598633,128.35104370117188,107.96039581298828,110.74811553955078,0.00048206071369349957,0.05528945103287697,21.013822555541992,0.7406647801399231,-0.22694753110408783,0.0,0.0
1273,318,44.43434524536133,46.23305892944336,127.23590087890625,107.96612548828125,111.11107635498047,0.0004689623019658029,0.055283915251493454,21.013803482055664,0.720646858215332,-0.25560271739959717,0.0,0.0
1274,318.25,44.571266174316406,46.59367752075195,129.20591735839844,107.95907592773438,110.7007064819336,0.000457173737231642,0.05527893453836441,21.01378631591797,0.720646858215332,-0.22324486076831818,0.0,0.0
1275,318.5,44.4055061340332,46.46526336669922,129.00059509277344,107.96612548828125,110.44934844970703,0.00044141977559775114,0.05527444928884506,21.013769149780273,0.7406647801399231,-0.20242781937122345,0.0,0.0
1276,318.75,44.21260452270508,46.395748138427734,132.6742401123047,107.96568298339844,110.83700561523438,0.00042724120430648327,0.05527765676379204,21.013988494873047,0.73065584897995,-0.2336536943912506,0.0,0.0
1277,319,44.36054992675781,46.40999984741211,128.91281127929688,107.9687728881836,110.37576293945312,0.0004144804843235761,0.055280543863773346,21.014184951782227,0.750673770904541,-0.1962766945362091,0.0,0.0
1278,319.25,43.847965240478516,46.389137268066406,130.75689697265625,107.9687728881836,110.28934478759766,0.00040299585089087486,0.05528314411640167,21.014362335205078,0.7406647801399231,-0.18930378556251526,0.0,0.0
1279,319.5,44.76554489135742,46.40217590332031,130.50729370117188,107.96656799316406,110.51651000976562,0.0003945886855944991,0.055285483598709106,21.014522552490234,0.73065584897995,-0.2078026831150055,0.0,0.0
1280,319.75,43.95112228393555,46.622615814208984,127.5900650024414,107.97450256347656,110.79601287841797,0.000387022242648527,0.05528758838772774,21.014432907104492,0.7406647801399231,-0.22963353991508484,0.0,0.0
1281,320,44.39705276489258,46.72073745727539,130.5996551513672,107.96524810791016,111.27898406982422,0.0003802124410867691,0.055289484560489655,21.014352798461914,0.750673770904541,-0.2691175043582916,0.0,0.0
1282,320.25,44.70198059082031,46.49736404418945,129.91880798339844,107.97626495361328,110.53083038330078,0.00037408361095003784,0.05529119074344635,21.014280319213867,0.750673770904541,-0.20815682411193848,0.0,0.0
1283,320.5,44.57224655151367,46.573909759521484,130.63323974609375,107.95687103271484,110.74070739746094,0.00037564183003269136,0.055292725563049316,21.01421546936035,0.73065584897995,-0.22664271295070648,0.0,0.0
1284,320.75,44.72030258178711,46.598690032958984,130.00888061523438,107.97317504882812,111.04391479492188,0.00037704422720707953,0.055294107645750046,21.014389038085938,0.73065584897995,-0.24963903427124023,0.0,0.0
1285,321,44.45086669921875,46.19468688964844,131.63771057128906,107.96656799316406,111.34712982177734,0.0003783063730224967,0.05530259385704994,21.014545440673828,0.73065584897995,-0.2744583785533905,0.0,0.0
1286,321.25,44.54371643066406,46.535064697265625,133.7664794921875,107.95378875732422,110.82564544677734,0.000379442295525223,0.05531023442745209,21.014686584472656,0.73065584897995,-0.23372232913970947,0.0,0.0
1287,321.5,44.632835388183594,46.28001403808594,127.64120483398438,107.97537994384766,111.22663879394531,0.0003862550074700266,0.05531711131334305,21.014814376831055,0.73065584897995,-0.2640936076641083,0.0,0.0
1288,321.75,44.564308166503906,46.23383331298828,128.61361694335938,107.97582244873047,110.33921813964844,0.000392386456951499,0.05532329902052879,21.014928817749023,0.73065584897995,-0.19274725019931793,0.0,0.0
1289,322,44.438472747802734,46.75615310668945,130.1989288330078,107.96612548828125,110.68441009521484,0.0003979047469329089,0.055328868329524994,21.015031814575195,0.7406647801399231,-0.22135332226753235,0.0,0.0
1290,322.25,44.494140625,46.43217849731445,130.3981475830078,107.96171569824219,110.56539916992188,0.00040287122828885913,0.055333878844976425,21.01512336730957,0.7406647801399231,-0.21213959157466888,0.0,0.0
1291,322.5,44.423126220703125,46.48876953125,132.07659912109375,107.97053527832031,110.84490203857422,0.0004073410527780652,0.05533839017152786,21.015207290649414,0.7406647801399231,-0.2338879257440567,0.0,0.0
1292,322.75,44.85355758666992,46.61167526245117,131.4484100341797,107.98331451416016,110.40440368652344,0.00041458127088844776,0.055342450737953186,21.015281677246094,0.7406647801399231,-0.19738711416721344,0.0,0.0
1293,323,44.29325866699219,46.61714172363281,134.02447509765625,107.96833038330078,110.95404052734375,0.00042109747300855815,0.05536060035228729,21.015348434448242,0.720646858215332,-0.2428303062915802,0.0,0.0
1294,323.25,44.79313278198242,46.524635314941406,130.76528930664062,107.96480560302734,111.33428955078125,0.00042696206946857274,0.05537693575024605,21.015409469604492,0.73065584897995,-0.27357688546180725,0.0,0.0
1295,323.5,44.42219924926758,46.616844177246094,130.77978515625,107.96656799316406,110.52934265136719,0.0004322401946410537,0.05539163947105408,21.015464782714844,0.7406647801399231,-0.20883631706237793,0.0,0.0
1296,323.75,44.528507232666016,46.30780792236328,127.48167419433594,107.98066711425781,110.59848022460938,0.0004331297823227942,0.055404871702194214,21.015514373779297,0.73065584897995,-0.21324054896831512,0.0,0.0
1297,324,44.98477554321289,46.13770294189453,130.03941345214844,107.96304321289062,110.8616943359375,0.0004339303995948285,0.055424027144908905,21.01555824279785,0.73065584897995,-0.23585405945777893,0.0,0.0
1298,324.25,44.250423431396484,46.510616302490234,130.01803588867188,107.96260070800781,110.49674987792969,0.0004346509522292763,0.05544126778841019,21.01559829711914,0.73065584897995,-0.20653781294822693,0.0,0.0
1299,324.5,44.505069732666016,46.778114318847656,133.38636779785156,107.97053527832031,109.99748992919922,0.0004352994728833437,0.05545678362250328,21.015634536743164,0.73065584897995,-0.16557008028030396,0.0,0.0
1300,324.75,44.05442810058594,46.26747512817383,129.39520263671875,107.97274017333984,111.24984741210938,0.00043588312109932303,0.055470749735832214,21.015666961669922,0.7406647801399231,-0.26616865396499634,0.0,0.0
1301,325,44.056514739990234,46.443050384521484,129.3623809814453,107.98066711425781,111.13034057617188,0.0004279995628166944,0.055483318865299225,21.015695571899414,0.73065584897995,-0.2559467554092407,0.0,0.0
1302,325.25,44.609230041503906,46.16302490234375,125.93909454345703,107.95775604248047,110.52786254882812,0.0004209043690934777,0.05550187826156616,21.015722274780273,0.7406647801399231,-0.20944364368915558,0.0,0.0
1303,325.5,44.521846771240234,46.19432830810547,129.81118774414062,107.95863342285156,110.11946868896484,0.0004145186976529658,0.055518582463264465,21.015745162963867,0.73065584897995,-0.17641769349575043,0.0,0.0
1304,325.75,44.28321838378906,46.334197998046875,129.54405212402344,107.98199462890625,110.52588653564453,0.0004035992024000734,0.05553361400961876,21.015785217285156,0.73065584897995,-0.20728617906570435,0.0,0.0
1305,326,44.505496978759766,46.41678237915039,130.41494750976562,107.96656799316406,110.24934387207031,0.00039894404471851885,0.05554714426398277,21.01580238342285,0.73065584897995,-0.18625658750534058,0.0,0.0
1306,326.25,44.21950149536133,46.619022369384766,133.27035522460938,107.96744537353516,110.55699920654297,0.00039894404471851885,0.055559322237968445,21.01580238342285,0.73065584897995,-0.21099090576171875,0.0,0.0
1307,326.5,44.78219985961914,46.61299133300781,131.0576171875,107.97846984863281,110.63601684570312,0.0003857524134218693,0.0555485375225544,21.01590347290039,0.7406647801399231,-0.21644213795661926,0.0,0.0
1308,326.75,44.41054153442383,46.308589935302734,130.35769653320312,107.97846984863281,111.34712982177734,0.0003738799423445016,0.055538833141326904,21.015995025634766,0.7406647801399231,-0.2734767496585846,0.0,0.0
1309,327,44.49050521850586,46.52633285522461,127.55419158935547,107.96920776367188,110.92046356201172,0.0003631947038229555,0.05553009733557701,21.016077041625977,0.720646858215332,-0.24006399512290955,0.0,0.0
1310,327.25,44.39078140258789,46.53800582885742,132.68186950683594,107.9709701538086,110.06613159179688,0.0003471505187917501,0.055522236973047256,21.016151428222656,0.720646858215332,-0.17108769714832306,0.0,0.0
1311,327.5,44.777862548828125,46.74800491333008,128.6357421875,107.96833038330078,110.41773986816406,0.0003327107697259635,0.05550066754221916,21.016218185424805,0.720646858215332,-0.19969792664051056,0.0,0.0
1312,327.75,44.34992980957031,46.60840606689453,128.84030151367188,107.97802734375,110.28243255615234,0.00031971497810445726,0.05548125505447388,21.016277313232422,0.720646858215332,-0.18798299133777618,0.0,0.0
1313,328,44.459251403808594,46.28602600097656,129.2165985107422,107.97493743896484,110.8202133178711,0.0003080187598243356,0.05546378344297409,21.01633071899414,0.7406647801399231,-0.23154208064079285,0.0,0.0
1314,328.25,44.30148696899414,46.65935134887695,127.85720825195312,107.96833038330078,110.14366149902344,0.0002974921662826091,0.05544805899262428,21.01637840270996,0.73065584897995,-0.1775738149881363,0.0,0.0
1315,328.5,44.34291076660156,45.806461334228516,132.00790405273438,107.99433135986328,110.87107849121094,0.0002867328585125506,0.055433906614780426,21.016422271728516,0.73065584897995,-0.23402847349643707,0.0,0.0
1316,328.75,44.54081726074219,46.73371124267578,129.54786682128906,107.98110961914062,110.67156982421875,0.00027704949025064707,0.05541011691093445,21.016462326049805,0.73065584897995,-0.2190847396850586,0.0,0.0
1317,329,44.164066314697266,46.2226448059082,127.27177429199219,107.97537994384766,110.67057800292969,0.0002683344646357,0.055400166660547256,21.016496658325195,0.73065584897995,-0.21947738528251648,0.0,0.0
1318,329.25,44.5908088684082,46.3506965637207,123.57218170166016,107.97537994384766,110.41773986816406,0.00026049092411994934,0.055400166660547256,21.016529083251953,0.73065584897995,-0.1991167813539505,0.0,0.0
1319,329.5,44.68441390991211,46.192073822021484,128.61514282226562,107.98419189453125,110.70120239257812,0.00025343173183500767,0.05539121478796005,21.016557693481445,0.73065584897995,-0.22121404111385345,0.0,0.0
1320,329.75,44.093841552734375,46.31420135498047,131.81631469726562,107.97626495361328,110.94367218017578,0.0002509345067664981,0.05538315698504448,21.016582489013672,0.7106378078460693,-0.24134455621242523,0.0,0.0
1321,330,44.38942337036133,46.64185333251953,130.01116943359375,107.9789047241211,110.31057739257812,0.0002486869925633073,0.05536141246557236,21.016605377197266,0.7106378078460693,-0.1901824176311493,0.0,0.0
1322,330.25,44.14484405517578,46.40069580078125,134.0985107421875,107.99256896972656,110.87305450439453,0.00024666424724273384,0.05534184351563454,21.016626358032227,0.7106378078460693,-0.23433244228363037,0.0,0.0
1323,330.5,44.2173957824707,46.61394500732422,126.8321304321289,107.99433135986328,110.66366577148438,0.0002448437735438347,0.05532423034310341,21.016645431518555,0.73065584897995,-0.21735936403274536,0.0,0.0
1324,330.75,44.62699508666992,46.45502853393555,134.4839630126953,107.98551940917969,111.19947814941406,0.0002464194258209318,0.05530837923288345,21.01666259765625,0.7406647801399231,-0.26108354330062866,0.0,0.0
1325,331,44.57221984863281,46.676109313964844,134.20460510253906,107.9789047241211,110.92440795898438,0.00024783750995993614,0.05531585216522217,21.016677856445312,0.73065584897995,-0.23958106338977814,0.0,0.0
1326,331.25,44.51597595214844,46.7859992980957,134.1336212158203,107.98551940917969,110.82514953613281,0.00024911377113312483,0.05532257631421089,21.016691207885742,0.720646858215332,-0.23106613755226135,0.0,0.0
1327,331.5,44.73957443237305,46.19228744506836,133.53826904296875,107.98375701904297,110.81230926513672,0.00025026241200976074,0.05532862991094589,21.01670265197754,0.73065584897995,-0.23018020391464233,0.0,0.0
1328,331.75,44.14433670043945,46.677425384521484,133.39401245117188,107.98507690429688,110.95503234863281,0.0002512962091714144,0.055334076285362244,21.016714096069336,0.73065584897995,-0.24152937531471252,0.0,0.0
1329,332,44.48647689819336,46.80693054199219,126.70542907714844,107.98992156982422,111.07997131347656,0.0002560837019700557,0.05533897876739502,21.0167236328125,0.720646858215332,-0.2511485517024994,0.0,0.0
1330,332.25,44.314300537109375,46.38597869873047,128.25486755371094,107.99124908447266,111.37379455566406,0.00026039243675768375,0.0553433895111084,21.016733169555664,0.73065584897995,-0.2745552659034729,0.0,0.0
1331,332.5,44.55247497558594,46.56296920776367,130.01040649414062,108.00006103515625,110.416259765625,0.0002642703184392303,0.05534736067056656,21.016740798950195,0.7406647801399231,-0.1969628930091858,0.0,0.0
1332,332.75,44.55815124511719,46.32548522949219,130.4553985595703,107.98551940917969,111.55207061767578,0.0002677603915799409,0.055350933223962784,21.016748428344727,0.7606827616691589,-0.2892652153968811,0.0,0.0
1333,333,44.4135627746582,46.2552490234375,131.81631469726562,107.9952163696289,110.30168914794922,0.0002715447044465691,0.055354148149490356,21.016754150390625,0.7406647801399231,-0.18812011182308197,0.0,0.0
1334,333.25,44.408912658691406,46.167537689208984,129.49061584472656,107.99697875976562,110.55206298828125,0.00027495058020576835,0.05535704270005226,21.016759872436523,0.73065584897995,-0.20815898478031158,0.0,0.0
1335,333.5,44.54957580566406,46.852134704589844,131.6270294189453,107.99124908447266,110.63206481933594,0.0002780158829409629,0.055323418229818344,21.016765594482422,0.7406647801399231,-0.21507060527801514,0.0,0.0
1336,333.75,44.48044204711914,46.424339294433594,130.36380004882812,107.99917602539062,110.807373046875,0.0002807746350299567,0.05529315397143364,21.01677131652832,0.7406647801399231,-0.22851254045963287,0.0,0.0
1337,334,44.317073822021484,46.574188232421875,129.595947265625,107.99874114990234,110.43798828125,0.0002819714427459985,0.055265918374061584,21.016775131225586,0.7406647801399231,-0.1988232433795929,0.0,0.0
1338,334.25,44.47350311279297,46.132686614990234,131.00267028808594,107.99388885498047,110.17625427246094,0.0002830485755112022,0.055241405963897705,21.01677894592285,0.73065584897995,-0.17810051143169403,0.0,0.0
1339,334.5,44.376583099365234,46.412662506103516,133.3695831298828,108.00755310058594,110.69181823730469,0.00028401799499988556,0.05523383617401123,21.016782760620117,0.720646858215332,-0.21853387355804443,0.0,0.0
1340,334.75,44.25775146484375,46.35324478149414,129.952392578125,107.99785614013672,110.49872589111328,0.0002848904696293175,0.055227022618055344,21.016786575317383,0.73065584897995,-0.20379036664962769,0.0,0.0
1341,335,44.69767379760742,46.494537353515625,130.36990356445312,108.00006103515625,110.79700469970703,0.0002901767729781568,0.055220890790224075,21.016788482666016,0.720646858215332,-0.22760671377182007,0.0,0.0
1342,335.25,44.63756561279297,46.321739196777344,127.77477264404297,108.00006103515625,110.53033447265625,0.00029493443435058,0.05521537363529205,21.01679039001465,0.720646858215332,-0.2061549574136734,0.0,0.0
1343,335.5,44.244354248046875,45.991310119628906,125.92306518554688,108.0132827758789,111.08243560791016,0.0002992163354065269,0.055210407823324203,21.01679229736328,0.73065584897995,-0.24942021071910858,0.0,0.0
1344,335.75,44.56764602661133,46.460994720458984,128.32891845703125,108.00887298583984,111.06268310546875,0.0003030700609087944,0.055213186889886856,21.016794204711914,0.73065584897995,-0.2482006996870041,0.0,0.0
1345,336,44.31871795654297,46.1887092590332,130.90802001953125,108.01856994628906,110.88885498046875,0.0003065383934881538,0.055215686559677124,21.016796112060547,0.73065584897995,-0.23345759510993958,0.0,0.0
1346,336.25,43.81748580932617,46.53657150268555,132.00790405273438,108.01239776611328,110.22859954833984,0.00030965989571996033,0.055217936635017395,21.01679801940918,0.7406647801399231,-0.18080320954322815,0.0,0.0
1347,336.5,44.58491134643555,46.50493621826172,130.45310974121094,108.02033233642578,110.64588928222656,0.0003124692593701184,0.055234454572200775,21.016799926757812,0.73065584897995,-0.21378622949123383,0.0,0.0
1348,336.75,44.467071533203125,46.422855377197266,130.9438934326172,108.00975799560547,110.07304382324219,0.0003298404917586595,0.05524931848049164,21.016801834106445,0.73065584897995,-0.16844958066940308,0.0,0.0
1349,337,44.301326751708984,46.700687408447266,133.27035522460938,108.03443908691406,110.7767562866211,0.0003454746038187295,0.055262695997953415,21.016803741455078,0.720646858215332,-0.22314637899398804,0.0,0.0
1350,337.25,44.51683044433594,45.95347213745117,128.33807373046875,108.01239776611328,110.5772476196289,0.00035954531631432474,0.055274736136198044,21.01680564880371,0.720646858215332,-0.2089156210422516,0.0,0.0
1351,337.5,44.656375885009766,46.128456115722656,131.55068969726562,108.02518463134766,110.22218322753906,0.00037220894591882825,0.05528557300567627,21.01680564880371,0.7406647801399231,-0.1792314052581787,0.0,0.0
1352,337.75,44.441322326660156,46.475711822509766,131.72702026367188,108.0220947265625,111.24293518066406,0.00038360620965249836,0.055324312299489975,21.01680564880371,0.7406647801399231,-0.26154690980911255,0.0,0.0
1353,338,43.873287200927734,46.46780014038086,130.13177490234375,108.0212173461914,110.9268798828125,0.00039386373828165233,0.05535918101668358,21.01680564880371,0.7406647801399231,-0.23629158735275269,0.0,0.0
1354,338.25,44.52655029296875,45.97060012817383,131.32858276367188,108.01856994628906,110.78959655761719,0.0004030955315101892,0.05539056286215782,21.01680564880371,0.7406647801399231,-0.2254856675863266,0.0,0.0
1355,338.5,44.47018814086914,46.24364471435547,130.98739624023438,108.01548767089844,111.35355377197266,0.0004197722882963717,0.05541880428791046,21.01680564880371,0.7406647801399231,-0.2709394097328186,0.0,0.0
1356,338.75,44.720157623291016,46.46213912963867,129.9210968017578,108.02738189697266,110.84292602539062,0.0004347813664935529,0.05544422194361687,21.017004013061523,0.73065584897995,-0.2290438860654831,0.0,0.0
1357,339,44.28159713745117,46.55058288574219,130.21038818359375,108.0287094116211,111.16145324707031,0.00044828953105024993,0.055452194064855576,21.017183303833008,0.73065584897995,-0.25447899103164673,0.0,0.0
1358,339.25,44.5311164855957,46.64847946166992,131.2285919189453,108.05206298828125,110.58317565917969,0.00046044689952395856,0.05545936897397041,21.017343521118164,0.73065584897995,-0.20612455904483795,0.0,0.0
1359,339.5,44.41931915283203,46.43736267089844,130.7164306640625,108.0392837524414,110.81971740722656,0.0004668820183724165,0.055465828627347946,21.017488479614258,0.720646858215332,-0.22619861364364624,0.0,0.0
1360,339.75,44.70022201538086,46.500057220458984,133.20013427734375,108.02518463134766,110.85428619384766,0.0004726736224256456,0.05547164008021355,21.01761817932129,0.720646858215332,-0.2301371693611145,0.0,0.0
1361,340,44.62038040161133,46.068782806396484,130.6660614013672,108.03575897216797,110.55304718017578,0.0004778860602527857,0.05547687038779259,21.01773452758789,0.7006288170814514,-0.2050418257713318,0.0,0.0
1362,340.25,43.559627532958984,46.573001861572266,129.1356964111328,108.03575897216797,111.1244125366211,0.0004825772484764457,0.05548157915472984,21.017839431762695,0.720646858215332,-0.2509313225746155,0.0,0.0
1363,340.5,44.33069610595703,45.98860168457031,129.45703125,108.04457092285156,111.02317810058594,0.00048100698040798306,0.05548581853508949,21.017934799194336,0.7106378078460693,-0.24209202826023102,0.0,0.0
1364,340.75,44.74048614501953,46.609954833984375,133.07723999023438,108.04016876220703,110.78712463378906,0.00047959372750483453,0.05548963323235512,21.018020629882812,0.7106378078460693,-0.2235071063041687,0.0,0.0
1365,341,44.544837951660156,45.974029541015625,129.46160888671875,108.04280853271484,111.5263900756836,0.0004783218028023839,0.05549306422472,21.018096923828125,0.7106378078460693,-0.28249460458755493,0.0,0.0
1366,341.25,44.64077377319336,46.54597091674805,130.09054565429688,108.0472183227539,111.4676284790039,0.00047717709094285965,0.055496152490377426,21.018165588378906,0.720646858215332,-0.27743956446647644,0.0,0.0
1367,341.5,44.440364837646484,46.305721282958984,128.86244201660156,108.05030059814453,111.19157409667969,0.00047936453483998775,0.05549893155694008,21.01822853088379,0.7106378078460693,-0.25511184334754944,0.0,0.0
1368,341.75,44.718345642089844,46.62937927246094,125.9207763671875,108.04413604736328,111.13774871826172,0.00048133323434740305,0.055501434952020645,21.01828384399414,0.73065584897995,-0.2513095438480377,0.0,0.0
1369,342,44.179466247558594,46.761512756347656,132.1055908203125,108.05999755859375,111.75701141357422,0.000483105075545609,0.05551093444228172,21.018335342407227,0.7406647801399231,-0.2994673252105713,0.0,0.0
1370,342.25,44.539180755615234,46.01445007324219,132.1918487548828,108.0458984375,111.11848449707031,0.00048469973262399435,0.05551948398351669,21.018381118774414,0.73065584897995,-0.24962101876735687,0.0,0.0
1371,342.5,44.70862579345703,46.43134307861328,131.2247772216797,108.07013702392578,111.26860809326172,0.0004996558418497443,0.055527180433273315,21.018421173095703,0.7406647801399231,-0.2596428096294403,0.0,0.0
1372,342.75,44.07810592651367,46.42462158203125,130.2653350830078,108.04766082763672,110.86712646484375,0.0005131163634359837,0.055534105747938156,21.018224716186523,0.7406647801399231,-0.2293161004781723,0.0,0.0
1373,343,45.40010070800781,46.422176361083984,130.00811767578125,108.06396484375,111.04688262939453,0.0005252308328635991,0.05554758757352829,21.018049240112305,0.7406647801399231,-0.24239464104175568,0.0,0.0
1374,343.25,45.05710983276367,46.33456802368164,134.28932189941406,108.05779266357422,111.40985107421875,0.0005361338262446225,0.05555972084403038,21.01789093017578,0.7606827616691589,-0.2719530463218689,0.0,0.0
1375,343.5,44.17234420776367,46.23979949951172,129.79135131835938,108.06220245361328,110.75700378417969,0.0005459465319290757,0.05557063966989517,21.01774787902832,0.7606827616691589,-0.21927127242088318,0.0,0.0
1376,343.75,44.560001373291016,46.403045654296875,130.85076904296875,108.06572723388672,111.0444107055664,0.0005708863027393818,0.055580466985702515,21.017620086669922,0.7606827616691589,-0.2420511394739151,0.0,0.0
1377,344,44.528846740722656,47.376834869384766,131.81326293945312,108.05955505371094,110.38959503173828,0.0005933320499025285,0.05559655651450157,21.01750373840332,0.7606827616691589,-0.18991029262542725,0.0,0.0
1378,344.25,44.52006530761719,46.47734069824219,130.98739624023438,108.05999755859375,110.93478393554688,0.000613533251453191,0.05561103671789169,21.017398834228516,0.7706916928291321,-0.2337305098772049,0.0,0.0
1379,344.5,44.129180908203125,46.507972717285156,130.43402099609375,108.07366180419922,111.52738189697266,0.0006317143561318517,0.05562406778335571,21.017305374145508,0.7706916928291321,-0.28003188967704773,0.0,0.0
1380,344.75,44.6193733215332,46.74402618408203,132.29946899414062,108.06704711914062,111.03651428222656,0.0006590390112251043,0.05563579499721527,21.017221450805664,0.7706916928291321,-0.24130965769290924,0.0,0.0
1381,345,44.44043731689453,46.53572082519531,133.9947052001953,108.0718994140625,110.19403076171875,0.0006836312240920961,0.055639106780290604,21.01714515686035,0.750673770904541,-0.17310872673988342,0.0,0.0
1382,345.25,44.71060562133789,46.431846618652344,130.22793579101562,108.07894897460938,109.90119171142578,0.0007057642214931548,0.05564208701252937,21.01707649230957,0.750673770904541,-0.14883971214294434,0.0,0.0
1383,345.5,44.65042495727539,46.01727294921875,129.16775512695312,108.07894897460938,110.4834213256836,0.0007256838725879788,0.055644769221544266,21.01701545715332,0.73065584897995,-0.1958758383989334,0.0,0.0
1384,345.75,44.705997467041016,46.292301177978516,134.49769592285156,108.07850646972656,110.53280639648438,0.0007436115993186831,0.05564718320965767,21.01696014404297,0.7406647801399231,-0.19989056885242462,0.0,0.0
1385,346,44.31707763671875,46.7698860168457,132.3269500732422,108.07894897460938,110.71057891845703,0.0007629715837538242,0.05564935505390167,21.016910552978516,0.720646858215332,-0.21415962278842926,0.0,0.0
1386,346.25,44.69447326660156,46.73746871948242,129.02655029296875,108.0912857055664,110.93478393554688,0.0007803955813869834,0.055651310831308365,21.017099380493164,0.720646858215332,-0.23115326464176178,0.0,0.0
1387,346.5,44.48133850097656,46.60622024536133,132.46128845214844,108.09305572509766,110.28884887695312,0.0007960771326906979,0.05565306916832924,21.017269134521484,0.7406647801399231,-0.17902296781539917,0.0,0.0
1388,346.75,44.829750061035156,46.994083404541016,129.5677032470703,108.079833984375,112.11701202392578,0.0008101905696094036,0.055654652416706085,21.01742172241211,0.7406647801399231,-0.32646307349205017,0.0,0.0
1389,347,44.294918060302734,46.80707931518555,128.32203674316406,108.08467864990234,111.37824249267578,0.0008228926453739405,0.055656079202890396,21.017559051513672,0.73065584897995,-0.2672123610973358,0.0,0.0
1390,347.25,44.70323181152344,46.812923431396484,129.45703125,108.08820343017578,110.52588653564453,0.0008259403984993696,0.05565736070275307,21.017683029174805,0.720646858215332,-0.19853457808494568,0.0,0.0
1391,347.5,44.69384765625,46.88064956665039,131.00877380371094,108.0965805053711,110.92984008789062,0.0008286833763122559,0.05565851554274559,21.017793655395508,0.720646858215332,-0.23032067716121674,0.0,0.0
1392,347.75,44.419761657714844,47.0428352355957,129.4249725341797,108.08335876464844,110.98021697998047,0.0008311520214192569,0.05565955489873886,21.017892837524414,0.720646858215332,-0.23545143008232117,0.0,0.0
1393,348,44.48188018798828,46.59635925292969,131.89569091796875,108.0965805053711,111.44342803955078,0.000833373807836324,0.055660489946603775,21.017982482910156,0.720646858215332,-0.2714404761791229,0.0,0.0
1394,348.25,44.5467643737793,47.033226013183594,129.61656188964844,108.11420440673828,110.22811126708984,0.0008224813500419259,0.05566133186221123,21.018062591552734,0.7106378078460693,-0.17237728834152222,0.0,0.0
1395,348.5,44.68321990966797,46.514225006103516,128.78001403808594,108.10494995117188,110.81428527832031,0.0008126781904138625,0.055633097887039185,21.01813507080078,0.73065584897995,-0.22035355865955353,0.0,0.0
1396,348.75,44.458343505859375,46.6529426574707,127.71218872070312,108.10231018066406,111.89183044433594,0.0008038553060032427,0.055607687681913376,21.018199920654297,0.7406647801399231,-0.3067149221897125,0.0,0.0
1397,349,44.58210372924805,46.654937744140625,130.4676055908203,108.10186767578125,110.75749969482422,0.0007959147333167493,0.05558481812477112,21.018259048461914,0.73065584897995,-0.21604420244693756,0.0,0.0
1398,349.25,44.411521911621094,46.963348388671875,128.42431640625,108.12742614746094,110.72687530517578,0.0007752412930130959,0.055564235895872116,21.018312454223633,0.7406647801399231,-0.21147827804088593,0.0,0.0
1399,349.5,44.544464111328125,46.820465087890625,128.89984130859375,108.12081909179688,110.67304992675781,0.000756635214202106,0.055545710027217865,21.018360137939453,0.750673770904541,-0.20769351720809937,0.0,0.0
1400,349.75,44.79670333862305,46.78617477416992,127.60150909423828,108.11993408203125,110.4616928100586,0.0007398897432722151,0.05552903935313225,21.018404006958008,0.750673770904541,-0.19074995815753937,0.0,0.0
1401,350,44.62531280517578,46.61357498168945,128.72581481933594,108.10759735107422,110.82662963867188,0.0007248188485391438,0.05551403388381004,21.018442153930664,0.750673770904541,-0.22112703323364258,0.0,0.0
1402,350.25,44.419456481933594,46.455474853515625,131.24081420898438,108.13359832763672,110.37181091308594,0.0007112550083547831,0.05550052970647812,21.018476486206055,0.7606827616691589,-0.18237854540348053,0.0,0.0
1403,350.5,44.191444396972656,46.64897918701172,129.82188415527344,108.12081909179688,110.98762512207031,0.0006990475812926888,0.05548837408423424,21.01850700378418,0.7406647801399231,-0.23296085000038147,0.0,0.0
1404,350.75,44.667964935302734,46.84739303588867,130.34243774414062,108.11949157714844,111.01725006103516,0.0006726127467118204,0.055506426841020584,21.018535614013672,0.73065584897995,-0.23544597625732422,0.0,0.0
1405,351,44.307247161865234,46.63259506225586,131.58351135253906,108.11729431152344,111.01922607421875,0.000648821413051337,0.055522676557302475,21.0185604095459,0.73065584897995,-0.23578540980815887,0.0,0.0
1406,351.25,44.700103759765625,46.44507598876953,128.40219116210938,108.1331558227539,110.9792251586914,0.0006274092011153698,0.05553729832172394,21.018583297729492,0.73065584897995,-0.23127144575119019,0.0,0.0
1407,351.5,44.761775970458984,46.29610824584961,127.44427490234375,108.12918853759766,111.18712615966797,0.0006081382161937654,0.055550459772348404,21.018604278564453,0.73065584897995,-0.2482585459947586,0.0,0.0
1408,351.75,44.51314926147461,46.39776611328125,129.8234100341797,108.12875366210938,111.37330627441406,0.0005785735556855798,0.05556230619549751,21.01862335205078,0.7406647801399231,-0.26318851113319397,0.0,0.0
1409,352,44.41890335083008,46.63730239868164,129.0784454345703,108.13404083251953,111.03799438476562,0.000551965378690511,0.05557296797633171,21.018407821655273,0.73065584897995,-0.2359112799167633,0.0,0.0
1410,352.25,44.98288345336914,46.52731704711914,130.25465393066406,108.14505767822266,111.18318176269531,0.0005280179902911186,0.05558256059885025,21.018213272094727,0.7406647801399231,-0.24663658440113068,0.0,0.0
1411,352.5,44.697750091552734,46.75112533569336,129.04562377929688,108.14373779296875,110.82762145996094,0.0005064653232693672,0.055591195821762085,21.018037796020508,0.73065584897995,-0.2182309776544571,0.0,0.0
1412,352.75,44.872318267822266,46.57999038696289,131.9773712158203,108.14241027832031,111.26416778564453,0.0004761403542943299,0.055598966777324677,21.017879486083984,0.720646858215332,-0.2533363103866577,0.0,0.0
1413,353,44.70726013183594,46.69095230102539,128.4373016357422,108.14197540283203,111.20539855957031,0.0004488478589337319,0.05560596287250519,21.017738342285156,0.7106378078460693,-0.24866883456707,0.0,0.0
1414,353.25,44.42058181762695,46.2133903503418,127.32672882080078,108.15563201904297,110.78070831298828,0.00042428463348187506,0.05561225861310959,21.017610549926758,0.720646858215332,-0.21348294615745544,0.0,0.0
1415,353.5,44.59668731689453,46.46786117553711,129.6249542236328,108.15518951416016,110.99749755859375,0.0004021777131129056,0.05561792477965355,21.01749610900879,0.720646858215332,-0.23092292249202728,0.0,0.0
1416,353.75,44.54810333251953,46.55575180053711,129.595947265625,108.15342712402344,111.15602111816406,0.0003777835809160024,0.055623024702072144,21.017393112182617,0.7406647801399231,-0.24377259612083435,0.0,0.0
1417,354,44.78218078613281,46.242340087890625,129.17919921875,108.15475463867188,110.546630859375,0.0003558288444764912,0.05562761425971985,21.01729965209961,0.7406647801399231,-0.19472548365592957,0.0,0.0
1418,354.25,44.80381393432617,46.569400787353516,129.65777587890625,108.16400909423828,110.39946746826172,0.0003360695845913142,0.05561724677681923,21.017215728759766,0.7406647801399231,-0.18210557103157043,0.0,0.0
1419,354.5,44.880924224853516,46.73834228515625,127.63433074951172,108.1591567993164,110.69379425048828,0.0003182862710673362,0.05560791864991188,21.017139434814453,0.7406647801399231,-0.20620599389076233,0.0,0.0
1420,354.75,44.432838439941406,46.66899871826172,127.86483764648438,108.16400909423828,111.4784927368164,0.000302281288895756,0.05559952184557915,21.017070770263672,0.750673770904541,-0.2686898708343506,0.0,0.0
1421,355,44.60026550292969,46.77833557128906,131.62779235839844,108.16400909423828,111.22318267822266,0.0002878767845686525,0.05559196695685387,21.017009735107422,0.73065584897995,-0.24827872216701508,0.0,0.0
1422,355.25,44.86930847167969,46.399051666259766,130.6378173828125,108.1759033203125,111.59404754638672,0.0002749127452261746,0.055585164576768875,21.01695442199707,0.7406647801399231,-0.27693378925323486,0.0,0.0
1423,355.5,45.024688720703125,46.90414047241211,132.3834228515625,108.17678833007812,110.65181732177734,0.0002632451069075614,0.05555730313062668,21.016904830932617,0.7406647801399231,-0.20137864351272583,0.0,0.0
1424,355.75,44.767757415771484,46.659420013427734,133.33065795898438,108.17237854003906,110.34317016601562,0.00025531428400427103,0.05553222820162773,21.016860961914062,0.7406647801399231,-0.17687612771987915,0.0,0.0
1425,356,44.45415496826172,46.851890563964844,127.71295166015625,108.17105865478516,110.78021240234375,0.00024817654048092663,0.05550966039299965,21.016820907592773,0.7706916928291321,-0.21217380464076996,0.0,0.0
1426,356.25,44.70613098144531,46.51042175292969,129.2021026611328,108.18824768066406,110.46810913085938,0.00024175258295144886,0.055489346385002136,21.01678466796875,0.750673770904541,-0.18564380705356598,0.0,0.0
1427,356.5,44.94156265258789,46.85819625854492,128.73878479003906,108.18163299560547,110.90959930419922,0.00023597101971972734,0.05549280717968941,21.016752243041992,0.73065584897995,-0.2216949313879013,0.0,0.0
1428,356.75,44.742671966552734,46.646240234375,129.9875030517578,108.16885375976562,110.84835815429688,0.00023076760408002883,0.05549592152237892,21.0167236328125,0.73065584897995,-0.21782968938350677,0.0,0.0
1429,357,44.673492431640625,46.350303649902344,127.55113220214844,108.18780517578125,110.55156707763672,0.00022608453582506627,0.05549872666597366,21.01669692993164,0.73065584897995,-0.19240351021289825,0.0,0.0
1430,357.25,45.017921447753906,46.30579376220703,129.22422790527344,108.19265747070312,111.0700912475586,0.000221869777305983,0.05550124868750572,21.016674041748047,0.73065584897995,-0.23365968465805054,0.0,0.0
1431,357.5,44.780120849609375,46.48495864868164,129.6913604736328,108.18956756591797,110.90564727783203,0.00022514602460432798,0.05552525818347931,21.016653060913086,0.7406647801399231,-0.22072452306747437,0.0,0.0
1432,357.75,44.638301849365234,46.65618896484375,128.3174591064453,108.18736267089844,110.86071014404297,0.0002280946500832215,0.05554686859250069,21.016633987426758,0.7406647801399231,-0.2172984480857849,0.0,0.0
1433,358,44.426422119140625,46.634437561035156,131.0194549560547,108.19397735595703,111.19453430175781,0.00023074841010384262,0.055566318333148956,21.016616821289062,0.7406647801399231,-0.24351955950260162,0.0,0.0
1434,358.25,44.67595291137695,46.821231842041016,130.07528686523438,108.19573974609375,111.26515197753906,0.000233136786846444,0.05558381974697113,21.0166015625,0.7406647801399231,-0.24902623891830444,0.0,0.0
1435,358.5,44.29452896118164,46.578369140625,131.6232147216797,108.19221496582031,111.4458999633789,0.00024364475393667817,0.05559232831001282,21.01658821105957,0.73065584897995,-0.2637656629085541,0.0,0.0
1436,358.75,44.40129852294922,46.66415786743164,132.14146423339844,108.19750213623047,110.74663543701172,0.00025310192722827196,0.055599987506866455,21.01657485961914,0.720646858215332,-0.20729921758174896,0.0,0.0
1437,359,44.571468353271484,46.64284133911133,129.79135131835938,108.2005844116211,111.23255920410156,0.0002616133715491742,0.05560687929391861,21.016563415527344,0.7406647801399231,-0.246019646525383,0.0,0.0
1438,359.25,44.401832580566406,46.25543212890625,136.3585662841797,108.2085189819336,110.28638458251953,0.00026927367434836924,0.05561308190226555,21.01655387878418,0.7406647801399231,-0.16931968927383423,0.0,0.0
1439,359.5,44.74109649658203,46.58236312866211,130.38365173339844,108.2085189819336,110.86465454101562,0.00028581623337231576,0.05561866611242294,21.016544342041016,0.750673770904541,-0.2158745974302292,0.0,0.0
1440,359.75,44.42460632324219,46.38198471069336,129.09677124023438,108.20631408691406,111.09774780273438,0.00030070453067310154,0.055601947009563446,21.016536712646484,0.7606827616691589,-0.23475244641304016,0.0,0.0
1441,360,44.30136489868164,46.41909408569336,130.4454803466797,108.21997833251953,110.73873138427734,0.00031410399242304265,0.05558690056204796,21.016529083251953,0.750673770904541,-0.2048148661851883,0.0,0.0
1442,360.25,44.4588623046875,46.30052947998047,132.652099609375,108.2243881225586,110.45526885986328,0.00032616351381875575,0.05557335913181305,21.016521453857422,0.7406647801399231,-0.18163606524467468,0.0,0.0
1443,360.5,44.45591354370117,46.531864166259766,129.96690368652344,108.23143768310547,111.02367401123047,0.0003370170888956636,0.05556116998195648,21.016515731811523,0.7406647801399231,-0.22674886882305145,0.0,0.0
1444,360.75,44.58444595336914,46.557865142822266,128.6006317138672,108.22394561767578,112.09873962402344,0.0003467852948233485,0.05555020272731781,21.016510009765625,0.750673770904541,-0.31315064430236816,0.0,0.0
1445,361,44.72884750366211,46.23499298095703,129.8829345703125,108.22835540771484,112.0133056640625,0.00036329939030110836,0.05556207522749901,21.016504287719727,0.750673770904541,-0.3060004711151123,0.0,0.0
1446,361.25,44.62932586669922,46.15484619140625,131.275146484375,108.24421691894531,111.52095794677734,0.0003781620762310922,0.055572759360075,21.016733169555664,0.750673770904541,-0.26548144221305847,0.0,0.0
1447,361.5,44.99761199951172,46.69468688964844,130.32334899902344,108.23099517822266,112.44145965576172,0.0003915384877473116,0.05558237433433533,21.016939163208008,0.750673770904541,-0.33974531292915344,0.0,0.0
1448,361.75,44.615684509277344,46.25542449951172,131.20034790039062,108.23628234863281,111.29083251953125,0.00040357725811190903,0.055591028183698654,21.01712417602539,0.7406647801399231,-0.24774567782878876,0.0,0.0
1449,362,44.346981048583984,46.8826789855957,127.6686782836914,108.24333953857422,110.51008605957031,0.0004111938760615885,0.05559156835079193,21.017290115356445,0.750673770904541,-0.1844942271709442,0.0,0.0
1450,362.25,44.583011627197266,47.06340408325195,131.2102813720703,108.25523376464844,110.44786071777344,0.00041804881766438484,0.05559205636382103,21.017438888549805,0.750673770904541,-0.1785021722316742,0.0,0.0
1451,362.5,44.673728942871094,46.66923141479492,129.0433349609375,108.25126647949219,111.33922576904297,0.0004242182767484337,0.05559249222278595,21.017574310302734,0.7406647801399231,-0.2503833770751953,0.0,0.0
1452,362.75,44.80324172973633,46.41902160644531,133.52223205566406,108.26405334472656,111.07206726074219,0.0004181905824225396,0.05559288710355759,21.0176944732666,0.7406647801399231,-0.22794584929943085,0.0,0.0
1453,363,44.75815200805664,46.7861442565918,128.26480102539062,108.25611877441406,111.58811950683594,0.0004127656575292349,0.05559324100613594,21.017803192138672,0.7406647801399231,-0.26986244320869446,0.0,0.0
1454,363.25,44.54521942138672,46.68918228149414,127.93429565429688,108.26140594482422,111.53429412841797,0.00040788319893181324,0.05559356138110161,21.017900466918945,0.750673770904541,-0.26513269543647766,0.0,0.0
1455,363.5,44.85270309448242,46.94575881958008,129.9081268310547,108.2503890991211,110.38416290283203,0.00040348898619413376,0.05559384822845459,21.017988204956055,0.750673770904541,-0.17376500368118286,0.0,0.0
1456,363.75,44.35908126831055,46.66202163696289,129.01890563964844,108.25699615478516,110.91947174072266,0.00040348898619413376,0.055594105273485184,21.017988204956055,0.7706916928291321,-0.216287761926651,0.0,0.0
1457,364,44.3576774597168,46.74065017700195,129.74630737304688,108.24553680419922,111.45133209228516,0.0003995342121925205,0.05559433624148369,21.018068313598633,0.750673770904541,-0.2598132789134979,0.0,0.0
1458,364.25,44.80467987060547,46.55685806274414,132.01019287109375,108.2688980102539,111.06268310546875,0.00039597490103915334,0.0555945448577404,21.01814079284668,0.7606827616691589,-0.22679512202739716,0.0,0.0
1459,364.5,44.61479187011719,46.87722396850586,130.8080291748047,108.26008605957031,110.43798828125,0.00037991226417943835,0.055594734847545624,21.018205642700195,0.7706916928291321,-0.17730750143527985,0.0,0.0
1460,364.75,44.76494216918945,46.57944107055664,126.03069305419922,108.26228332519531,110.94120025634766,0.0003654558677226305,0.05559490621089935,21.01826286315918,0.7706916928291321,-0.2175964117050171,0.0,0.0
1461,365,44.74514389038086,46.5833854675293,134.19850158691406,108.26184844970703,111.94367980957031,0.0003524451167322695,0.05559505894780159,21.018314361572266,0.7706916928291321,-0.29771095514297485,0.0,0.0
1462,365.25,44.604270935058594,47.049137115478516,129.63182067871094,108.29269409179688,110.97824096679688,0.00034073545248247683,0.05559519678354263,21.018362045288086,0.7706916928291321,-0.21806785464286804,0.0,0.0
1463,365.5,44.88970184326172,46.62989044189453,127.84346771240234,108.27727508544922,111.16243743896484,0.0003321251424495131,0.05559531971812248,21.018404006958008,0.750673770904541,-0.23409874737262726,0.0,0.0
1464,365.75,43.9234504699707,46.694210052490234,130.5469970703125,108.27903747558594,110.590087890625,0.00032437584013678133,0.055595431476831436,21.018442153930664,0.750673770904541,-0.18800088763237,0.0,0.0
1465,366,44.60009765625,46.80769729614258,132.63302612304688,108.27154541015625,110.6226806640625,0.00031740148551762104,0.055595532059669495,21.018476486206055,0.7406647801399231,-0.19124002754688263,0.0,0.0
1466,366.25,44.41804885864258,46.69120788574219,130.17909240722656,108.29048919677734,110.74909973144531,0.00031112454598769546,0.05559562146663666,21.01850700378418,0.73065584897995,-0.19984987378120422,0.0,0.0
1467,366.5,44.52736282348633,46.545310974121094,128.77618408203125,108.28652954101562,111.04688262939453,0.0003054753178730607,0.055595703423023224,21.018535614013672,0.7106378078460693,-0.224078968167305,0.0,0.0
1468,366.75,44.654685974121094,46.703609466552734,129.23721313476562,108.29666137695312,111.41083526611328,0.00030874944059178233,0.055595703423023224,21.0185604095459,0.720646858215332,-0.25237447023391724,0.0,0.0
1469,367,44.867515563964844,46.71299743652344,129.12730407714844,108.30459594726562,111.3263931274414,0.0003116961452178657,0.0556030236184597,21.018583297729492,0.720646858215332,-0.24497295916080475,0.0,0.0
1470,367.25,44.897762298583984,46.566802978515625,130.83016967773438,108.3028335571289,110.62909698486328,0.00031434817356057465,0.05560961365699768,21.018604278564453,0.7106378078460693,-0.18918399512767792,0.0,0.0
1471,367.5,44.60856628417969,46.77761459350586,134.7495880126953,108.30107116699219,111.24441528320312,0.00031673500780016184,0.05561554431915283,21.01862144470215,0.720646858215332,-0.23870515823364258,0.0,0.0
1472,367.75,44.482173919677734,46.98942947387695,125.86734771728516,108.30327606201172,111.48194885253906,0.0003271989116910845,0.05562088266015053,21.018638610839844,0.7006288170814514,-0.2575113773345947,0.0,0.0
1473,368,44.566192626953125,46.86574935913086,130.7446746826172,108.31605529785156,110.7441635131836,0.00033661641646176577,0.05564742535352707,21.018739700317383,0.720646858215332,-0.19735187292099,0.0,0.0
1474,368.25,44.84989547729492,46.77695846557617,130.95152282714844,108.31385040283203,110.88589477539062,0.00034509217948652804,0.055671315640211105,21.018831253051758,0.720646858215332,-0.20891834795475006,0.0,0.0
1475,368.5,44.78969192504883,46.57004928588867,130.73475646972656,108.33148193359375,110.98663330078125,0.00035272035165689886,0.05569281429052353,21.01891326904297,0.7406647801399231,-0.21555331349372864,0.0,0.0
1476,368.75,44.92797088623047,46.57769012451172,130.43096923828125,108.31561279296875,111.64836883544922,0.0003679514047689736,0.05571216344833374,21.01898765563965,0.750673770904541,-0.2697765529155731,0.0,0.0
1477,369,44.61240005493164,46.56795883178711,130.96450805664062,108.32618713378906,110.48934173583984,0.0003816593671217561,0.055715080350637436,21.019054412841797,0.7406647801399231,-0.17601178586483002,0.0,0.0
1478,369.25,44.84916687011719,47.0001106262207,129.20362854003906,108.32310485839844,110.82514953613281,0.0003939965390600264,0.05571770668029785,21.019113540649414,0.73065584897995,-0.20328007638454437,0.0,0.0
1479,369.5,44.6544075012207,46.79372787475586,128.74261474609375,108.3275146484375,111.05231475830078,0.00040509997052140534,0.055720072239637375,21.019166946411133,0.7106378078460693,-0.22114607691764832,0.0,0.0
1480,369.75,44.65473937988281,46.32260513305664,131.84837341308594,108.32486724853516,110.53527069091797,0.0004150930617470294,0.0557221993803978,21.019214630126953,0.720646858215332,-0.17981991171836853,0.0,0.0
1481,370,44.87702178955078,46.60990524291992,131.01487731933594,108.34381866455078,110.67749786376953,0.0004311682132538408,0.055724114179611206,21.019258499145508,0.7606827616691589,-0.18970973789691925,0.0,0.0
1482,370.25,44.58219528198242,46.50522232055664,133.7000732421875,108.34205627441406,110.63749694824219,0.0004456358728930354,0.05571175366640091,21.019296646118164,0.7706916928291321,-0.18663695454597473,0.0,0.0
1483,370.5,44.85307312011719,46.86470413208008,134.23208618164062,108.3363265991211,110.72441101074219,0.00045865675201639533,0.0557006299495697,21.019330978393555,0.7606827616691589,-0.19409802556037903,0.0,0.0
1484,370.75,44.627140045166016,46.45372009277344,128.6548309326172,108.33015441894531,110.54415893554688,0.00047037555486895144,0.055690616369247437,21.019363403320312,0.7606827616691589,-0.18010146915912628,0.0,0.0
1485,371,44.73072814941406,46.63728332519531,131.1934814453125,108.35616302490234,110.71700286865234,0.0004809224628843367,0.05568160489201546,21.019392013549805,0.750673770904541,-0.191872701048851,0.0,0.0
1486,371.25,44.721256256103516,46.47800064086914,130.6691131591797,108.35395812988281,111.30762481689453,0.0004904146771878004,0.055673494935035706,21.01941680908203,0.6806108951568604,-0.23941536247730255,0.0,0.0
1487,371.5,44.96772003173828,46.574462890625,129.372314453125,108.353515625,110.80687713623047,0.0005041093099862337,0.055680692195892334,21.019439697265625,0.7006288170814514,-0.1993131935596466,0.0,0.0
1488,371.75,44.88184356689453,47.176422119140625,127.43206024169922,108.36012268066406,111.29676055908203,0.0005164344911463559,0.05568717047572136,21.019460678100586,0.750673770904541,-0.2380402684211731,0.0,0.0
1489,372,45.036983489990234,46.61983871459961,130.41571044921875,108.35792541503906,110.84984588623047,0.0005275271832942963,0.05569300055503845,21.019479751586914,0.7006288170814514,-0.20240230858325958,0.0,0.0
1490,372.25,44.71530532836914,46.70185852050781,127.43588256835938,108.37114715576172,111.46367645263672,0.0005375106120482087,0.055698245763778687,21.01949691772461,0.7006288170814514,-0.25047507882118225,0.0,0.0
1491,372.5,44.87174606323242,46.7260856628418,131.607177734375,108.35968780517578,111.00688171386719,0.0005445639253593981,0.05570296570658684,21.019512176513672,0.720646858215332,-0.21485969424247742,0.0,0.0
1492,372.75,44.696956634521484,46.64350509643555,125.95894622802734,108.37467193603516,111.3263931274414,0.0005509118782356381,0.05570721626281738,21.0195255279541,0.7606827616691589,-0.23921477794647217,0.0,0.0
1493,373,44.59626770019531,46.8099250793457,130.99349975585938,108.3627700805664,111.48786926269531,0.0005566250765696168,0.0557110421359539,21.0195369720459,0.7706916928291321,-0.2530955672264099,0.0,0.0
1494,373.25,44.76042938232422,46.669898986816406,131.21104431152344,108.38040161132812,111.69528198242188,0.0005617669085040689,0.05571448430418968,21.019548416137695,0.7706916928291321,-0.2681927978992462,0.0,0.0
1495,373.5,45.072593688964844,46.79779052734375,132.1910858154297,108.3707046508789,111.28984832763672,0.0005631746607832611,0.055717580020427704,21.01955795288086,0.8107276558876038,-0.23661798238754272,0.0,0.0
1496,373.75,44.61451721191406,46.782100677490234,133.0345001220703,108.37643432617188,110.98959350585938,0.0005644416669383645,0.05569138005375862,21.019567489624023,0.7706916928291321,-0.21209773421287537,0.0,0.0
1497,374,44.59921646118164,46.70167541503906,132.2032928466797,108.39405822753906,110.43749237060547,0.0005655819550156593,0.05566779896616936,21.019575119018555,0.7606827616691589,-0.16625770926475525,0.0,0.0
1498,374.25,44.901405334472656,46.96622848510742,131.73388671875,108.39186096191406,110.38317108154297,0.0005666082142852247,0.05564657598733902,21.019582748413086,0.73065584897995,-0.1620587408542633,0.0,0.0
1499,374.5,44.66997528076172,46.951690673828125,129.00440979003906,108.3962631225586,111.26811981201172,0.0005643125041387975,0.055627476423978806,21.019588470458984,0.7406647801399231,-0.2327805608510971,0.0,0.0
1500,374.75,44.830078125,46.543678283691406,130.64239501953125,108.3883285522461,111.36737823486328,0.0005622463650070131,0.055610284209251404,21.019594192504883,0.7706916928291321,-0.24136963486671448,0.0,0.0
1501,375,45.1090087890625,46.59549331665039,129.80126953125,108.40287780761719,111.51750183105469,0.0005603868630714715,0.05556582659482956,21.01959991455078,0.8007187247276306,-0.2521670460700989,0.0,0.0
1502,375.25,44.62875747680664,47.24094009399414,127.38245391845703,108.39935302734375,111.49527740478516,0.0005587132764048874,0.05552581697702408,21.01960563659668,0.8007187247276306,-0.25068190693855286,0.0,0.0
1503,375.5,44.5060920715332,46.71247482299805,125.86811065673828,108.39978790283203,111.45379638671875,0.0005520579870790243,0.055489808320999146,21.019609451293945,0.7907097339630127,-0.24733377993106842,0.0,0.0
1504,375.75,44.45592498779297,46.52585983276367,129.3089599609375,108.40375518798828,112.17528533935547,0.0005460682441480458,0.05545739829540253,21.019380569458008,0.7907097339630127,-0.304448664188385,0.0,0.0
1505,376,44.78130340576172,46.36448287963867,130.8599395751953,108.42138671875,112.0804672241211,0.0005406774580478668,0.055449970066547394,21.019174575805664,0.8007187247276306,-0.29547327756881714,0.0,0.0
1506,376.25,44.385982513427734,46.991371154785156,129.41123962402344,108.41080474853516,111.74269104003906,0.0005358257913030684,0.055443283170461655,21.01898956298828,0.7907097339630127,-0.2694735527038574,0.0,0.0
1507,376.5,44.7625732421875,46.65566635131836,130.30349731445312,108.41521453857422,111.6004638671875,0.0005269545945338905,0.05543726310133934,21.018821716308594,0.7706916928291321,-0.25777411460876465,0.0,0.0
1508,376.75,44.7744255065918,46.63943099975586,130.139404296875,108.42094421386719,111.4246597290039,0.0005189704825170338,0.05543184652924538,21.0186710357666,0.7706916928291321,-0.24326927959918976,0.0,0.0
1509,377,44.822715759277344,46.686134338378906,128.95709228515625,108.42843627929688,111.35848999023438,0.0005117848049849272,0.0554342195391655,21.018535614013672,0.7606827616691589,-0.23736560344696045,0.0,0.0
1510,377.25,44.69953536987305,46.99009704589844,127.61830139160156,108.42623138427734,111.21626281738281,0.0005053177010267973,0.055436354130506516,21.018413543701172,0.7606827616691589,-0.22616976499557495,0.0,0.0
1511,377.5,44.28408432006836,46.81550979614258,132.16741943359375,108.42402648925781,111.80738067626953,0.000499497284181416,0.05543827638030052,21.0183048248291,0.750673770904541,-0.273540198802948,0.0,0.0
1512,377.75,45.07894515991211,46.72999954223633,129.56846618652344,108.42799377441406,111.79454040527344,0.0004942588857375085,0.05544000491499901,21.018205642700195,0.720646858215332,-0.272192120552063,0.0,0.0
1513,378,44.86701202392578,46.92160415649414,126.3428726196289,108.42799377441406,111.69034576416016,0.0004895443562418222,0.055448804050683975,21.018115997314453,0.720646858215332,-0.2638913691043854,0.0,0.0
1514,378.25,44.327171325683594,46.63766860961914,129.35780334472656,108.43548583984375,111.10614013671875,0.0004872314166277647,0.055456724017858505,21.018268585205078,0.7106378078460693,-0.21659110486507416,0.0,0.0
1515,378.5,44.78961944580078,46.733158111572266,130.00048828125,108.42402648925781,111.66021728515625,0.0004851497651543468,0.05546385049819946,21.01840591430664,0.7106378078460693,-0.26181522011756897,0.0,0.0
1516,378.75,44.753665924072266,46.75951385498047,127.14049530029297,108.4473876953125,111.32046508789062,0.00048327629338018596,0.055470265448093414,21.018529891967773,0.7106378078460693,-0.2327696681022644,0.0,0.0
1517,379,44.97853088378906,47.013675689697266,127.33055114746094,108.43724822998047,111.66071319580078,0.0004815901629626751,0.05547603964805603,21.01864242553711,0.7106378078460693,-0.2607693672180176,0.0,0.0
1518,379.25,45.10791015625,46.4090461730957,126.90616607666016,108.44518280029297,111.94861602783203,0.0004923035739921033,0.055495735257864,21.01874351501465,0.7106378078460693,-0.28304120898246765,0.0,0.0
1519,379.5,44.8311653137207,46.632144927978516,129.88905334472656,108.42975616455078,111.44490814208984,0.0005019456730224192,0.05551346018910408,21.01883316040039,0.7006288170814514,-0.24416305124759674,0.0,0.0
1520,379.75,44.93681716918945,46.8267822265625,129.2112579345703,108.43681335449219,111.40638732910156,0.0005106235621497035,0.055529411882162094,21.0189151763916,0.7006288170814514,-0.2405060976743698,0.0,0.0
1521,380,44.822330474853516,46.64122009277344,130.21878051757812,108.47383117675781,111.52688598632812,0.0005184336332604289,0.055543769150972366,21.01898765563965,0.6806108951568604,-0.24709102511405945,0.0,0.0
1522,380.25,44.89154052734375,46.79639434814453,130.46226501464844,108.455322265625,111.34515380859375,0.0005254627321846783,0.05555669218301773,21.019054412841797,0.6906198859214783,-0.23409274220466614,0.0,0.0
1523,380.5,44.464324951171875,46.71964645385742,129.5577850341797,108.45928955078125,110.80441284179688,0.0005401618545874953,0.055611807852983475,21.019113540649414,0.7006288170814514,-0.19042958319187164,0.0,0.0
1524,380.75,44.8619270324707,46.821685791015625,130.5149383544922,108.45135498046875,112.12541198730469,0.0005533911171369255,0.055661413818597794,21.019166946411133,0.7006288170814514,-0.29658243060112,0.0,0.0
1525,381,44.715206146240234,46.69445037841797,128.63803100585938,108.47647857666016,111.99009704589844,0.0005652974359691143,0.05570605769753456,21.019214630126953,0.73065584897995,-0.2837708592414856,0.0,0.0
1526,381.25,45.003013610839844,46.84693908691406,130.71719360351562,108.46633911132812,110.99156951904297,0.0005760131170973182,0.05574623867869377,21.019258499145508,0.7106378078460693,-0.20487460494041443,0.0,0.0
1527,381.5,44.895172119140625,47.075714111328125,129.27613830566406,108.46281433105469,111.54268646240234,0.0005850131274200976,0.05578240007162094,21.019296646118164,0.720646858215332,-0.24925652146339417,0.0,0.0
1528,381.75,44.266441345214844,47.02180862426758,128.66627502441406,108.47383117675781,111.81626892089844,0.000593113130889833,0.055814944207668304,21.019330978393555,0.720646858215332,-0.27015939354896545,0.0,0.0
1529,382,44.70286178588867,46.855567932128906,129.07081604003906,108.48308563232422,111.46861267089844,0.0006004031747579575,0.055829741060733795,21.019363403320312,0.7106378078460693,-0.24167929589748383,0.0,0.0
1530,382.25,44.65760803222656,47.02534103393555,131.94607543945312,108.47735595703125,111.45182037353516,0.0006069641676731408,0.0558430552482605,21.019392013549805,0.7106378078460693,-0.24080811440944672,0.0,0.0
1531,382.5,44.87895965576172,46.88019561767578,131.12020874023438,108.47603607177734,111.52342987060547,0.0006057840073481202,0.05585503950715065,21.01941680908203,0.720646858215332,-0.24663440883159637,0.0,0.0
1532,382.75,45.08829116821289,47.0165901184082,128.8723602294922,108.49454498291016,111.12737274169922,0.0006047218921594322,0.0558658242225647,21.019439697265625,0.720646858215332,-0.21344545483589172,0.0,0.0
1533,383,45.19374084472656,46.763153076171875,128.6616973876953,108.4822006225586,111.10366821289062,0.0006037659477442503,0.05586828291416168,21.019460678100586,0.720646858215332,-0.21255908906459808,0.0,0.0
1534,383.25,45.04336929321289,47.059181213378906,131.88653564453125,108.48043823242188,110.83749389648438,0.0006029056385159492,0.05587049573659897,21.019479751586914,0.720646858215332,-0.19135116040706635,0.0,0.0
1535,383.5,44.909629821777344,46.71957015991211,130.1294708251953,108.4901351928711,110.74959564208984,0.0006021313602104783,0.055872488766908646,21.01949691772461,0.720646858215332,-0.18349318206310272,0.0,0.0
1536,383.75,44.99070739746094,46.69233322143555,127.03286743164062,108.48088073730469,111.415283203125,0.0006014344980940223,0.055874280631542206,21.019512176513672,0.720646858215332,-0.2375999242067337,0.0,0.0
1537,384,44.99144744873047,46.715293884277344,128.80213928222656,108.49322509765625,111.3268814086914,0.0005860024248249829,0.055890392512083054,21.0195255279541,0.73065584897995,-0.22952082753181458,0.0,0.0
1538,384.25,44.72775650024414,46.850799560546875,127.9144515991211,108.48616790771484,111.36540222167969,0.0005721135530620813,0.05590489134192467,21.019285202026367,0.73065584897995,-0.23317980766296387,0.0,0.0
1539,384.5,44.6695556640625,45.567588806152344,130.640869140625,108.4905776977539,112.41034698486328,0.000559613574296236,0.05591794103384018,21.019067764282227,0.7406647801399231,-0.3159567713737488,0.0,0.0
1540,384.75,44.82822036743164,47.117103576660156,135.2632598876953,108.50776672363281,110.84391784667969,0.0005483635468408465,0.05592968687415123,21.01887321472168,0.750673770904541,-0.18962465226650238,0.0,0.0
1541,385,44.70621109008789,47.180545806884766,129.927978515625,108.49895477294922,111.07354736328125,0.0005382385570555925,0.055940255522727966,21.01869773864746,0.7406647801399231,-0.20877061784267426,0.0,0.0
1542,385.25,44.82278060913086,46.76925277709961,131.20799255371094,108.49146270751953,111.27898406982422,0.0005291260313242674,0.055957015603780746,21.018539428710938,0.73065584897995,-0.22583504021167755,0.0,0.0
1543,385.5,44.97984313964844,47.2669563293457,130.42868041992188,108.49983215332031,111.81380462646484,0.0005093457875773311,0.05597209930419922,21.018396377563477,0.720646858215332,-0.2678297162055969,0.0,0.0
1544,385.75,44.72425079345703,46.88880157470703,128.5319366455078,108.4993896484375,111.75849151611328,0.0004915436147712171,0.055985674262046814,21.018268585205078,0.7106378078460693,-0.26346123218536377,0.0,0.0
1545,386,45.16122055053711,47.00638961791992,129.45855712890625,108.50776672363281,111.69330596923828,0.0004755216359626502,0.05599789321422577,21.01815414428711,0.7106378078460693,-0.2575802206993103,0.0,0.0
1546,386.25,45.178443908691406,46.83979034423828,130.1455078125,108.49762725830078,111.16638946533203,0.0004755216359626502,0.05600889027118683,21.018051147460938,0.7106378078460693,-0.21631711721420288,0.0,0.0
1547,386.5,45.019439697265625,47.130123138427734,130.19740295410156,108.50071716308594,112.24590301513672,0.0004611018521245569,0.05601878836750984,21.018051147460938,0.720646858215332,-0.30209240317344666,0.0,0.0
1548,386.75,44.9404411315918,46.676231384277344,126.62146759033203,108.51084899902344,112.65924072265625,0.00044040862121619284,0.05601320043206215,21.01795768737793,0.73065584897995,-0.3339822590351105,0.0,0.0
1549,387,45.00761413574219,47.214664459228516,130.64697265625,108.51173400878906,111.14910125732422,0.000421784701757133,0.056008171290159225,21.017641067504883,0.73065584897995,-0.2137753665447235,0.0,0.0
1550,387.25,44.9478759765625,46.707374572753906,133.82907104492188,108.5060043334961,111.28984832763672,0.00040502316551283,0.056003645062446594,21.01735496520996,0.73065584897995,-0.22551068663597107,0.0,0.0
1551,387.5,45.11398696899414,47.19934844970703,129.07005310058594,108.51481628417969,111.6784896850586,0.0003899378061760217,0.05599956959486008,21.01709747314453,0.73065584897995,-0.2558211386203766,0.0,0.0
1552,387.75,45.00477600097656,46.92280578613281,128.47470092773438,108.52054595947266,111.11305236816406,0.00037636098568327725,0.05599590390920639,21.01686668395996,0.720646858215332,-0.21016506850719452,0.0,0.0
1553,388,45.24277877807617,46.791385650634766,132.96351623535156,108.5086441040039,110.85379028320312,0.00035840392229147255,0.055985353887081146,21.016658782958984,0.7106378078460693,-0.19034557044506073,0.0,0.0
1554,388.25,45.02334976196289,47.0080680847168,128.34722900390625,108.50335693359375,111.03502655029297,0.00034224256523884833,0.05597585812211037,21.01647186279297,0.73065584897995,-0.20532144606113434,0.0,0.0
1555,388.5,45.00818634033203,46.890647888183594,131.75143432617188,108.51129150390625,111.5115737915039,0.0003276973438914865,0.055967312306165695,21.01630401611328,0.7006288170814514,-0.2427954077720642,0.0,0.0
1556,388.75,44.89635467529297,46.66630554199219,131.61328125,108.49189758300781,111.69182586669922,0.0003015396650880575,0.05595962330698967,21.01615333557129,0.720646858215332,-0.2587644159793854,0.0,0.0
1557,389,45.293148040771484,47.329322814941406,132.41014099121094,108.51040649414062,110.83601379394531,0.0003015396650880575,0.055988945066928864,21.016016006469727,0.7106378078460693,-0.18877370655536652,0.0,0.0
1558,389.25,45.233680725097656,47.13211441040039,126.94815063476562,108.50115203857422,111.32096099853516,0.00028977938927710056,0.055988945066928864,21.015893936157227,0.7106378078460693,-0.22839713096618652,0.0,0.0
1559,389.5,44.89088821411133,46.952880859375,129.1700439453125,108.50908660888672,110.99651336669922,0.0002791951410472393,0.05601533502340317,21.015697479248047,0.7006288170814514,-0.20176345109939575,0.0,0.0
1560,389.75,45.13069152832031,46.83953857421875,129.59442138671875,108.52143096923828,110.81774139404297,0.0002696693118195981,0.05603908747434616,21.015520095825195,0.7106378078460693,-0.18640124797821045,0.0,0.0
1561,390,44.945167541503906,47.13751220703125,130.78207397460938,108.5152587890625,111.37725067138672,0.0002610960800666362,0.056060463190078735,21.01535987854004,0.7006288170814514,-0.2317403256893158,0.0,0.0
1562,390.25,45.362667083740234,47.34538650512695,129.08607482910156,108.51040649414062,110.6750259399414,0.00025530802668072283,0.0560869500041008,21.015216827392578,0.6906198859214783,-0.17583373188972473,0.0,0.0
1563,390.5,45.13056945800781,46.556243896484375,129.39138793945312,108.51217651367188,111.34564971923828,0.000250098790274933,0.05611078813672066,21.015087127685547,0.6906198859214783,-0.22946691513061523,0.0,0.0
1564,390.75,45.22148895263672,46.73749923706055,126.82373046875,108.51481628417969,110.9466323852539,0.00024541045422665775,0.0561322420835495,21.014970779418945,0.7006288170814514,-0.19729164242744446,0.0,0.0
1565,391,45.137367248535156,46.8061637878418,131.8941650390625,108.50776672363281,111.11750030517578,0.00024119096633512527,0.05615155026316643,21.01486587524414,0.7006288170814514,-0.21156956255435944,0.0,0.0
1566,391.25,44.94462203979492,46.87608337402344,131.61709594726562,108.50732421875,111.00836181640625,0.00024639206822030246,0.05616892874240875,21.014772415161133,0.6906198859214783,-0.20285826921463013,0.0,0.0
1567,391.5,45.44905090332031,47.07004165649414,129.55931091308594,108.50424194335938,110.77033233642578,0.00025107304099947214,0.056184157729148865,21.01468849182129,0.7006288170814514,-0.1840023696422577,0.0,0.0
1568,391.75,45.08167266845703,46.38877487182617,134.4320526123047,108.52143096923828,111.59898376464844,0.00025528593687340617,0.056197863072156906,21.014612197875977,0.720646858215332,-0.2489383965730667,0.0,0.0
1569,392,45.004676818847656,46.89752197265625,128.88075256347656,108.51570129394531,111.7086181640625,0.0002590775256976485,0.056210197508335114,21.014543533325195,0.73065584897995,-0.2581498920917511,0.0,0.0
1570,392.25,45.09442138671875,46.69804763793945,129.0051727294922,108.52275085449219,111.44194793701172,0.000262489978922531,0.05622129887342453,21.014482498168945,0.73065584897995,-0.23629486560821533,0.0,0.0
1571,392.5,45.022918701171875,47.175113677978516,129.396728515625,108.51789855957031,110.89971923828125,0.00026556116063147783,0.056231290102005005,21.014427185058594,0.73065584897995,-0.19327375292778015,0.0,0.0
1572,392.75,44.740108489990234,47.01872253417969,132.40785217285156,108.523193359375,111.7308349609375,0.00028633594047278166,0.0562475323677063,21.01437759399414,0.73065584897995,-0.2593052089214325,0.0,0.0
1573,393,44.947235107421875,47.15143585205078,128.42660522460938,108.52098846435547,110.81132507324219,0.0003050332306884229,0.05626215040683746,21.014331817626953,0.7106378078460693,-0.1859222948551178,0.0,0.0
1574,393.25,44.981014251708984,46.86200714111328,131.66900634765625,108.50688171386719,111.32096099853516,0.00032186080352403224,0.05627530813217163,21.014291763305664,0.7006288170814514,-0.2279273271560669,0.0,0.0
1575,393.5,45.031471252441406,46.66482925415039,127.76714324951172,108.51040649414062,111.94466400146484,0.00035310082603245974,0.05628715083003044,21.01425552368164,0.7006288170814514,-0.2773744463920593,0.0,0.0
1576,393.75,44.64974594116211,47.18489456176758,131.47283935546875,108.52803802490234,111.72737884521484,0.00038121684337966144,0.05630505457520485,21.014223098754883,0.7006288170814514,-0.2586327791213989,0.0,0.0
1577,394,45.045989990234375,46.67043685913086,129.78982543945312,108.52230834960938,111.5244140625,0.00040652125608175993,0.056321170181035995,21.014192581176758,0.7106378078460693,-0.24291646480560303,0.0,0.0
1578,394.25,45.03654479980469,46.97374725341797,126.49018096923828,108.5240707397461,111.0335464477539,0.00042929520714096725,0.05633567273616791,21.0141658782959,0.7106378078460693,-0.20350372791290283,0.0,0.0
1579,394.5,44.85513687133789,46.99570846557617,127.2893295288086,108.5086441040039,110.76144409179688,0.00044979178346693516,0.05634872615337372,21.014141082763672,0.7106378078460693,-0.18292663991451263,0.0,0.0
1580,394.75,45.28376388549805,46.261436462402344,127.35039520263672,108.52759552001953,111.60836791992188,0.0004856364394072443,0.05636047199368477,21.01412010192871,0.7106378078460693,-0.24918174743652344,0.0,0.0
1581,395,45.145469665527344,46.969905853271484,130.07681274414062,108.51966857910156,111.51898193359375,0.0005178966093808413,0.056371044367551804,21.01386833190918,0.720646858215332,-0.24269944429397583,0.0,0.0
1582,395.25,45.16075134277344,46.371334075927734,126.64512634277344,108.52010345458984,111.82762908935547,0.0005469307652674615,0.056380558758974075,21.013641357421875,0.720646858215332,-0.2672675848007202,0.0,0.0
1583,395.5,44.94411087036133,46.57460403442383,133.1726531982422,108.51746368408203,111.66910552978516,0.0005769296549260616,0.05638912320137024,21.013437271118164,0.7006288170814514,-0.254855751991272,0.0,0.0
1584,395.75,44.79538345336914,46.96565628051758,129.67303466796875,108.53641510009766,111.16737365722656,0.0006039286381565034,0.05639683082699776,21.01325225830078,0.7106378078460693,-0.21321392059326172,0.0,0.0
1585,396,44.962249755859375,46.859561920166016,129.32345581054688,108.52539825439453,111.4177474975586,0.000628227717243135,0.05640376731753349,21.013086318969727,0.6906198859214783,-0.23414449393749237,0.0,0.0
1586,396.25,45.130043029785156,47.071556091308594,126.26959228515625,108.5165786743164,112.10614776611328,0.0006500968593172729,0.05641726031899452,21.012937545776367,0.7006288170814514,-0.289700448513031,0.0,0.0
1587,396.5,45.22910690307617,47.383872985839844,129.26622009277344,108.5165786743164,111.54466247558594,0.000662043341435492,0.05642940476536751,21.01280403137207,0.720646858215332,-0.2450023889541626,0.0,0.0
1588,396.75,44.69019317626953,46.72572708129883,133.7832794189453,108.52716064453125,110.95700073242188,0.0006727951695211232,0.056440334767103195,21.012683868408203,0.7006288170814514,-0.19711101055145264,0.0,0.0
1589,397,44.67647933959961,46.62904357910156,130.0600128173828,108.52495574951172,111.06564331054688,0.0006824717856943607,0.056450169533491135,21.012575149536133,0.720646858215332,-0.20600399374961853,0.0,0.0
1590,397.25,45.00728225708008,46.88225173950195,131.77967834472656,108.52186584472656,111.1767578125,0.0006911807577125728,0.05645902082324028,21.01247787475586,0.720646858215332,-0.21515920758247375,0.0,0.0
1591,397.5,44.71229934692383,47.17024612426758,131.7117462158203,108.53024291992188,111.19503021240234,0.0006867767660878599,0.05646698921918869,21.01239013671875,0.720646858215332,-0.21593493223190308,0.0,0.0
1592,397.75,44.98773956298828,47.30734634399414,128.25563049316406,108.54081726074219,111.38663482666016,0.0006828131736256182,0.05647416040301323,21.012310028076172,0.720646858215332,-0.23039363324642181,0.0,0.0
1593,398,44.98912048339844,46.915992736816406,133.04212951660156,108.53905487060547,111.04243469238281,0.0006792459171265364,0.056480612605810165,21.01247215270996,0.720646858215332,-0.2029869258403778,0.0,0.0
1594,398.25,43.99836730957031,47.149932861328125,130.08596801757812,108.50997161865234,111.3807144165039,0.0006760354153811932,0.05647917091846466,21.012617111206055,0.73065584897995,-0.23245050013065338,0.0,0.0
1595,398.5,45.07337188720703,47.149818420410156,129.52801513671875,108.52362823486328,111.66664123535156,0.0006731459288857877,0.056477874517440796,21.01274871826172,0.7106378078460693,-0.25415360927581787,0.0,0.0
1596,398.75,45.346412658691406,46.963016510009766,126.32149505615234,108.53465270996094,112.15306091308594,0.0006705454434268177,0.05647670850157738,21.012866973876953,0.73065584897995,-0.29194214940071106,0.0,0.0
1597,399,44.92250442504883,46.8509635925293,127.84270477294922,108.51481628417969,112.19849395751953,0.000668204971589148,0.05648290738463402,21.01297378540039,0.73065584897995,-0.29717493057250977,0.0,0.0
1598,399.25,45.016448974609375,46.98329162597656,132.56967163085938,108.51173400878906,111.70219421386719,0.000668204971589148,0.056488487869501114,21.01297378540039,0.73065584897995,-0.2579631209373474,0.0,0.0
1599,399.5,45.313846588134766,46.58359146118164,127.26643371582031,108.52054595947266,111.89923095703125,0.0006377322715707123,0.05649350956082344,21.01306915283203,0.73065584897995,-0.2729290723800659,0.0,0.0
1600,399.75,45.171485900878906,46.93505096435547,129.92340087890625,108.53465270996094,111.15453338623047,0.0006103068590164185,0.056498028337955475,21.013154983520508,0.73065584897995,-0.21233031153678894,0.0,0.0
1601,400,44.7835807800293,46.925716400146484,128.98226928710938,108.52362823486328,111.41725158691406,0.0005856240168213844,0.056502096354961395,21.01323127746582,0.7406647801399231,-0.23425017297267914,0.0,0.0
1602,400.25,45.12440490722656,46.78426742553711,130.02720642089844,108.52143096923828,111.458740234375,0.0005634094122797251,0.05649125948548317,21.0132999420166,0.7406647801399231,-0.23774489760398865,0.0,0.0
1603,400.5,45.17559814453125,47.057716369628906,128.97463989257812,108.52143096923828,110.86959838867188,0.0005434163031168282,0.056481506675481796,21.013362884521484,0.7406647801399231,-0.19056619703769684,0.0,0.0
1604,400.75,45.23276901245117,46.49227523803711,129.25933837890625,108.5240707397461,111.25527954101562,0.0005183489411137998,0.05647272989153862,21.013505935668945,0.750673770904541,-0.22126300632953644,0.0,0.0
1605,401,44.91567611694336,46.76701736450195,130.67140197753906,108.52143096923828,110.60490417480469,0.0004957883502356708,0.05646482855081558,21.013633728027344,0.7606827616691589,-0.169287770986557,0.0,0.0
1606,401.25,44.905635833740234,46.75857925415039,125.1597900390625,108.50688171386719,111.48836517333984,0.0004754838009830564,0.05645771697163582,21.013750076293945,0.750673770904541,-0.2413042187690735,0.0,0.0
1607,401.5,45.05058288574219,47.07958984375,130.64773559570312,108.52362823486328,111.02959442138672,0.00045720970956608653,0.05642997846007347,21.013853073120117,0.7406647801399231,-0.2032230645418167,0.0,0.0
1608,401.75,45.11312484741211,46.727020263671875,130.14016723632812,108.52539825439453,111.08885955810547,0.0004459070914890617,0.05640501528978348,21.013946533203125,0.750673770904541,-0.20782819390296936,0.0,0.0
1609,402,45.16726303100586,47.551761627197266,127.77324676513672,108.5139389038086,111.3698501586914,0.00043573472066782415,0.056382548063993454,21.01403045654297,0.750673770904541,-0.23125675320625305,0.0,0.0
1610,402.25,45.156578063964844,46.82529830932617,126.07648468017578,108.5152587890625,111.849853515625,0.00042657958692871034,0.056382548063993454,21.01410675048828,0.750673770904541,-0.2694336175918579,0.0,0.0
1611,402.5,45.049095153808594,47.02183151245117,130.47447204589844,108.54170227050781,111.20194244384766,0.00042991971713490784,0.0563623271882534,21.014175415039062,0.7406647801399231,-0.21554841101169586,0.0,0.0
1612,402.75,45.21200942993164,47.04370880126953,132.14987182617188,108.523193359375,111.7826919555664,0.00043292585178278387,0.056344129145145416,21.014236450195312,0.73065584897995,-0.26343607902526855,0.0,0.0
1613,403,45.53017044067383,46.57140350341797,130.40272521972656,108.51834106445312,110.8399658203125,0.0004356313729658723,0.05632774904370308,21.014291763305664,0.73065584897995,-0.18843986093997955,0.0,0.0
1614,403.25,45.08539581298828,46.90985870361328,129.6822052001953,108.51789855957031,111.54219055175781,0.0004380663449410349,0.05629851296544075,21.014341354370117,0.7406647801399231,-0.2446969747543335,0.0,0.0
1615,403.5,45.46452713012695,47.045406341552734,128.5418701171875,108.51834106445312,111.00688171386719,0.0004524883406702429,0.056272201240062714,21.014385223388672,0.73065584897995,-0.20183563232421875,0.0,0.0
1616,403.75,44.77814865112305,47.10703659057617,130.06613159179688,108.5425796508789,111.63009643554688,0.0004654681251849979,0.05624851956963539,21.01442527770996,0.720646858215332,-0.2496854066848755,0.0,0.0
1617,404,44.9041633605957,46.99568176269531,131.3323974609375,108.51129150390625,111.2508316040039,0.0004771499370690435,0.05622720718383789,21.014461517333984,0.7106378078460693,-0.22195550799369812,0.0,0.0
1618,404.25,45.273773193359375,46.97947692871094,128.60215759277344,108.5139389038086,111.71405029296875,0.0004876635503023863,0.056222520768642426,21.014493942260742,0.720646858215332,-0.2587272524833679,0.0,0.0
1619,404.5,44.99233627319336,46.716121673583984,128.13046264648438,108.50776672363281,111.17823791503906,0.0005042100674472749,0.05621830374002457,21.014522552490234,0.73065584897995,-0.21643400192260742,0.0,0.0
1620,404.75,45.175872802734375,46.75864791870117,130.06918334960938,108.51966857910156,111.28244018554688,0.0005191019154153764,0.056214507669210434,21.014549255371094,0.73065584897995,-0.22379712760448456,0.0,0.0
1621,405,45.49068069458008,46.905517578125,129.03799438476562,108.51305389404297,111.17922973632812,0.0005325045785866678,0.056211091578006744,21.01457405090332,0.720646858215332,-0.21607953310012817,0.0,0.0
1622,405.25,44.97453689575195,47.162357330322266,129.16470336914062,108.51129150390625,111.42367553710938,0.0005445669521577656,0.05620801821351051,21.01459503173828,0.720646858215332,-0.23577560484409332,0.0,0.0
1623,405.5,45.37620544433594,47.026832580566406,124.76823425292969,108.51878356933594,110.65082550048828,0.0005554230883717537,0.056205250322818756,21.01461410522461,0.7406647801399231,-0.17320014536380768,0.0,0.0
1624,405.75,45.28242111206055,46.69607162475586,131.462158203125,108.51966857910156,111.11256408691406,0.0005651936517097056,0.056202758103609085,21.014631271362305,0.73065584897995,-0.21019767224788666,0.0,0.0
1625,406,45.18632125854492,47.30998992919922,132.48265075683594,108.51261138916016,112.0128173828125,0.000570766453165561,0.05620051547884941,21.014646530151367,0.720646858215332,-0.28261181712150574,0.0,0.0
1626,406.25,45.169429779052734,47.21757507324219,129.60586547851562,108.51305389404297,111.3525619506836,0.0005757819744758308,0.05619850009679794,21.014659881591797,0.73065584897995,-0.22994770109653473,0.0,0.0
1627,406.5,44.94755172729492,47.074581146240234,129.9623260498047,108.49762725830078,111.59503173828125,0.0005802959785796702,0.05619668588042259,21.014673233032227,0.73065584897995,-0.25057604908943176,0.0,0.0
1628,406.75,45.24602508544922,47.05692672729492,129.372314453125,108.51084899902344,111.38565063476562,0.0005843585822731256,0.05619505047798157,21.014684677124023,0.73065584897995,-0.23277348279953003,0.0,0.0
1629,407,45.24797058105469,46.92101287841797,128.4533233642578,108.52716064453125,111.31206512451172,0.0005880148964934051,0.056193578988313675,21.014694213867188,0.7106378078460693,-0.2255520522594452,0.0,0.0
1630,407.25,45.16129684448242,47.10274124145508,132.35443115234375,108.5139389038086,111.03009033203125,0.0005913056083954871,0.056185007095336914,21.01470375061035,0.7106378078460693,-0.2040574848651886,0.0,0.0
1631,407.5,45.52985763549805,47.03070068359375,131.05075073242188,108.52010345458984,111.50416564941406,0.0005858968361280859,0.0561772920191288,21.014711380004883,0.720646858215332,-0.24148085713386536,0.0,0.0
1632,407.75,45.4194450378418,46.909976959228516,129.98216247558594,108.5161361694336,111.30960083007812,0.0005810289876535535,0.056170348078012466,21.014617919921875,0.7106378078460693,-0.22625957429409027,0.0,0.0
1633,408,45.130279541015625,46.93984603881836,129.0876007080078,108.51746368408203,111.0266342163086,0.0005766478716395795,0.05616409704089165,21.01453399658203,0.7006288170814514,-0.2034912407398224,0.0,0.0
1634,408.25,45.39432144165039,47.446617126464844,130.80421447753906,108.53112030029297,111.27601623535156,0.0005727048846893013,0.05616572126746178,21.01445770263672,0.7006288170814514,-0.22234390676021576,0.0,0.0
1635,408.5,45.060787200927734,46.84535217285156,132.9734344482422,108.52848052978516,110.46662902832031,0.0005691561964340508,0.05616718530654907,21.014389038085938,0.720646858215332,-0.15757335722446442,0.0,0.0
1636,408.75,44.81610870361328,46.89599609375,129.62037658691406,108.51261138916016,111.55256652832031,0.0005646747886203229,0.05616850033402443,21.014328002929688,0.720646858215332,-0.24595855176448822,0.0,0.0
1637,409,45.079002380371094,46.67377853393555,128.01902770996094,108.50997161865234,111.96540832519531,0.0005606415215879679,0.05616968497633934,21.014272689819336,0.720646858215332,-0.279059499502182,0.0,0.0
1638,409.25,45.30262756347656,46.983062744140625,130.43630981445312,108.52010345458984,111.90318298339844,0.0005570115754380822,0.0561707504093647,21.014223098754883,0.720646858215332,-0.2732797861099243,0.0,0.0
1639,409.5,45.625144958496094,47.048797607421875,131.4156036376953,108.51746368408203,111.62911224365234,0.000553744612261653,0.056171711534261703,21.014179229736328,0.73065584897995,-0.2516670525074005,0.0,0.0
1640,409.75,44.7132682800293,46.99477005004883,127.72515869140625,108.50379943847656,111.15058898925781,0.0005565987667068839,0.05617257580161095,21.01413917541504,0.73065584897995,-0.21454551815986633,0.0,0.0
1641,410,45.125370025634766,46.92318344116211,128.49606323242188,108.50908660888672,111.81626892089844,0.0005591675289906561,0.056173354387283325,21.014102935791016,0.720646858215332,-0.26726704835891724,0.0,0.0
1642,410.25,45.124149322509766,47.18867111206055,131.72930908203125,108.5060043334961,111.49725341796875,0.0005614794208668172,0.056174054741859436,21.014070510864258,0.720646858215332,-0.2420855015516281,0.0,0.0
1643,410.5,44.991146087646484,47.005558013916016,130.72865295410156,108.53641510009766,111.38861083984375,0.00056356011191383,0.056174684315919876,21.014041900634766,0.720646858215332,-0.23091258108615875,0.0,0.0
1644,410.75,44.795166015625,47.04690170288086,128.45103454589844,108.51437377929688,110.9288558959961,0.0005654327105730772,0.05617525056004524,21.014015197753906,0.73065584897995,-0.19590188562870026,0.0,0.0
1645,411,44.95863342285156,47.2176513671875,129.06700134277344,108.50776672363281,110.95503234863281,0.0005684057250618935,0.05617576092481613,21.013992309570312,0.720646858215332,-0.19854433834552765,0.0,0.0
1646,411.25,44.8145866394043,47.04114532470703,128.08619689941406,108.50776672363281,111.24589538574219,0.0005710814148187637,0.05617621913552284,21.01397132873535,0.720646858215332,-0.2218499630689621,0.0,0.0
1647,411.5,44.969940185546875,47.123722076416016,131.95294189453125,108.5240707397461,111.5436782836914,0.0005734895239584148,0.05617663264274597,21.013952255249023,0.73065584897995,-0.2443092167377472,0.0,0.0
1648,411.75,44.87800979614258,47.20524978637695,132.295654296875,108.51834106445312,111.91108703613281,0.0005756568280048668,0.05617700517177582,21.013935089111328,0.720646858215332,-0.2740529477596283,0.0,0.0
1649,412,45.18865203857422,46.87356948852539,129.20896911621094,108.50468444824219,111.29972076416016,0.0005718129687011242,0.05617734044790268,21.013919830322266,0.7106378078460693,-0.2264086902141571,0.0,0.0
1650,412.25,45.379703521728516,47.24384689331055,133.33981323242188,108.51349639892578,112.16046905517578,0.0005683534545823932,0.056177642196416855,21.013906478881836,0.7106378078460693,-0.2942655384540558,0.0,0.0
1651,412.5,44.911739349365234,47.41535949707031,130.80421447753906,108.51702117919922,111.44244384765625,0.0005652399268001318,0.05617791414260864,21.013893127441406,0.7006288170814514,-0.23680488765239716,0.0,0.0
1652,412.75,45.0242805480957,47.16017532348633,130.0409393310547,108.5139389038086,111.69676208496094,0.0005624377517960966,0.05617815628647804,21.01388168334961,0.7106378078460693,-0.2573491930961609,0.0,0.0
1653,413,45.25753402709961,46.73199462890625,130.1455078125,108.5086441040039,111.6656494140625,0.0005599157884716988,0.05617837607860565,21.013872146606445,0.720646858215332,-0.2553040385246277,0.0,0.0
1654,413.25,45.03141403198242,46.95534133911133,129.89439392089844,108.51217651367188,111.5115737915039,0.000557646038942039,0.05617857351899147,21.01386260986328,0.7106378078460693,-0.24272233247756958,0.0,0.0
1655,413.5,45.53449249267578,46.9182243347168,126.92143249511719,108.52143096923828,111.55355072021484,0.0005382292438298464,0.056178752332925797,21.01385498046875,0.720646858215332,-0.2453138381242752,0.0,0.0
1656,413.75,44.871360778808594,46.84872055053711,128.9937286376953,108.51437377929688,110.69132232666016,0.0005207541398704052,0.05617891252040863,21.014080047607422,0.73065584897995,-0.17681929469108582,0.0,0.0
1657,414,45.02384948730469,47.187904357910156,132.29946899414062,108.5139389038086,111.10811614990234,0.0005050265463069081,0.05617905408143997,21.0142822265625,0.720646858215332,-0.21031123399734497,0.0,0.0
1658,414.25,45.164310455322266,46.99763870239258,128.69833374023438,108.53905487060547,110.55403900146484,0.000490871723741293,0.05617918446660042,21.01446533203125,0.73065584897995,-0.16374750435352325,0.0,0.0
1659,414.5,44.712005615234375,47.253055572509766,126.71153259277344,108.51878356933594,110.6858901977539,0.0004633453208953142,0.05617929995059967,21.014629364013672,0.73065584897995,-0.17602042853832245,0.0,0.0
1660,414.75,45.3098030090332,47.23776626586914,135.69680786132812,108.52098846435547,110.71650695800781,0.00043857155833393335,0.05617215484380722,21.0147762298584,0.7406647801399231,-0.1783018857240677,0.0,0.0
1661,415,45.216487884521484,46.920780181884766,126.86190032958984,108.51878356933594,110.56045532226562,0.0004162751720286906,0.056165724992752075,21.014909744262695,0.720646858215332,-0.16592685878276825,0.0,0.0
1662,415.25,45.08175277709961,47.137516021728516,132.5673828125,108.52275085449219,110.70613861083984,0.0003962084010709077,0.056159939616918564,21.015029907226562,0.720646858215332,-0.17732375860214233,0.0,0.0
1663,415.5,45.463890075683594,46.637184143066406,132.85971069335938,108.51834106445312,110.87008666992188,0.0003652989980764687,0.056154731661081314,21.01513671875,0.6906198859214783,-0.19085893034934998,0.0,0.0
1664,415.75,44.668739318847656,47.174285888671875,132.0498809814453,108.52539825439453,110.763916015625,0.00033748053829185665,0.05616454407572746,21.015233993530273,0.6906198859214783,-0.18175086379051208,0.0,0.0
1665,416,45.24361801147461,46.946327209472656,128.26174926757812,108.52275085449219,111.27750396728516,0.00031244390993379056,0.05617337301373482,21.015321731567383,0.7006288170814514,-0.22314965724945068,0.0,0.0
1666,416.25,44.98600387573242,47.046382904052734,126.75579833984375,108.52583312988281,110.95256042480469,0.000289910938590765,0.05618131905794144,21.015399932861328,0.6906198859214783,-0.19686363637447357,0.0,0.0
1667,416.5,45.12329864501953,47.213096618652344,130.40960693359375,108.53508758544922,110.7530517578125,0.00026256791898049414,0.056188471615314484,21.015470504760742,0.6906198859214783,-0.18008306622505188,0.0,0.0
1668,416.75,45.12709045410156,47.107215881347656,132.30404663085938,108.5245132446289,110.87305450439453,0.00023795921879354864,0.056194908916950226,21.015533447265625,0.7106378078460693,-0.19059059023857117,0.0,0.0
1669,417,45.03516387939453,46.96946716308594,133.06045532226562,108.53156280517578,111.69478607177734,0.00021581137843895704,0.056200701743364334,21.01559066772461,0.720646858215332,-0.25574633479118347,0.0,0.0
1670,417.25,45.412071228027344,47.071659088134766,129.31353759765625,108.541259765625,111.29231262207031,0.00019587832503020763,0.05624216049909592,21.015642166137695,0.7106378078460693,-0.22281613945960999,0.0,0.0
1671,417.5,45.190818786621094,46.98112487792969,129.05172729492188,108.54522705078125,111.57330322265625,0.0001792224356904626,0.05627947300672531,21.015687942504883,0.720646858215332,-0.24493804574012756,0.0,0.0
1672,417.75,44.8718147277832,46.95756912231445,134.04888916015625,108.5320053100586,110.79255676269531,0.00016423212946392596,0.056313056498765945,21.015729904174805,0.7006288170814514,-0.18351052701473236,0.0,0.0
1673,418,45.041038513183594,46.91901779174805,129.18072509765625,108.52010345458984,111.13330078125,0.00015074085968080908,0.05634327977895737,21.01576805114746,0.7006288170814514,-0.21182332932949066,0.0,0.0
1674,418.25,44.7144775390625,47.02283477783203,128.57164001464844,108.52848052978516,111.4567642211914,0.00013859871251042932,0.056370481848716736,21.01580238342285,0.6806108951568604,-0.23700867593288422,0.0,0.0
1675,418.5,45.03327941894531,46.93350601196289,131.2346954345703,108.53289031982422,111.77083587646484,0.00013666161976289004,0.05639496445655823,21.015832901000977,0.6906198859214783,-0.26169663667678833,0.0,0.0
1676,418.75,44.923091888427734,47.06212615966797,131.4995574951172,108.52671813964844,111.27009582519531,0.00013491822755895555,0.05641699954867363,21.015859603881836,0.720646858215332,-0.22223131358623505,0.0,0.0
1677,419,44.99845504760742,47.06475067138672,128.30296325683594,108.52671813964844,110.50860595703125,0.00013334918185137212,0.05643682926893234,21.015884399414062,0.720646858215332,-0.16110020875930786,0.0,0.0
1678,419.25,45.334712982177734,47.289329528808594,130.11192321777344,108.52892303466797,110.99897766113281,0.00013193703489378095,0.056425679475069046,21.015907287597656,0.7106378078460693,-0.20033390820026398,0.0,0.0
1679,419.5,45.13876724243164,47.24928283691406,128.75711059570312,108.52848052978516,111.2330551147461,0.00013066609972156584,0.05641564354300499,21.015926361083984,0.7106378078460693,-0.21912279725074768,0.0,0.0
1680,419.75,44.86907196044922,47.091182708740234,129.83485412597656,108.541259765625,111.72540283203125,0.0001295222609769553,0.05640661343932152,21.01594352722168,0.7006288170814514,-0.25739070773124695,0.0,0.0
1681,420,44.851924896240234,46.860389709472656,125.52082061767578,108.541259765625,112.00886535644531,0.00014460460806731135,0.056398484855890274,21.015958786010742,0.6906198859214783,-0.27994757890701294,0.0,0.0
1682,420.25,45.09193801879883,47.623390197753906,130.06689453125,108.53861236572266,112.20787811279297,0.00015817872190382332,0.0563984178006649,21.015974044799805,0.6906198859214783,-0.2959675192832947,0.0,0.0
1683,420.5,45.26279830932617,47.334590911865234,132.23611450195312,108.5324478149414,111.19107818603516,0.000170395418535918,0.056398358196020126,21.015987396240234,0.6806108951568604,-0.21543751657009125,0.0,0.0
1684,420.75,44.926368713378906,47.16767120361328,130.77825927734375,108.52892303466797,111.06070709228516,0.00018139045278076082,0.05639830231666565,21.01599884033203,0.6906198859214783,-0.20528289675712585,0.0,0.0
1685,421,45.1815299987793,46.7495002746582,127.85263061523438,108.52892303466797,111.13577270507812,0.0001912859734147787,0.05639825388789177,21.016010284423828,0.7006288170814514,-0.2112978994846344,0.0,0.0
1686,421.25,45.34622573852539,47.16299819946289,133.34820556640625,108.53905487060547,110.64934539794922,0.00020855150069110096,0.05639096349477768,21.016019821166992,0.6906198859214783,-0.1714182049036026,0.0,0.0
1687,421.5,44.91423416137695,47.088844299316406,128.12893676757812,108.54522705078125,111.18070983886719,0.00022409047232940793,0.05638439953327179,21.015941619873047,0.7106378078460693,-0.21355904638767242,0.0,0.0
1688,421.75,45.412513732910156,46.97279357910156,131.4217071533203,108.52848052978516,110.6424331665039,0.0002380755468038842,0.05637849494814873,21.015871047973633,0.7106378078460693,-0.17172923684120178,0.0,0.0
1689,422,45.23124694824219,47.108951568603516,126.86418914794922,108.53729248046875,111.33528137207031,0.0002506621240172535,0.05637317895889282,21.01580810546875,0.7106378078460693,-0.22657795250415802,0.0,0.0
1690,422.25,45.29562759399414,47.244388580322266,135.06787109375,108.53905487060547,111.87256622314453,0.0002819625078700483,0.0563683956861496,21.015466690063477,0.7106378078460693,-0.2692892551422119,0.0,0.0
1691,422.5,45.250545501708984,47.10894775390625,129.41734313964844,108.53421020507812,111.70565032958984,0.0002819625078700483,0.05633468180894852,21.015466690063477,0.7106378078460693,-0.2563951015472412,0.0,0.0
1692,422.75,45.37820053100586,47.242366790771484,132.52386474609375,108.52848052978516,111.24935150146484,0.0002953063521999866,0.056304339319467545,21.01521110534668,0.720646858215332,-0.2204269915819168,0.0,0.0
1693,423,45.3471565246582,47.098716735839844,127.7289810180664,108.5403823852539,111.95256805419922,0.0003073158150073141,0.05627703294157982,21.01498031616211,0.720646858215332,-0.275544136762619,0.0,0.0
1694,423.25,45.3680419921875,47.266300201416016,130.44776916503906,108.5584487915039,111.78910827636719,0.00032005415414460003,0.056252457201480865,21.014774322509766,0.7106378078460693,-0.26105567812919617,0.0,0.0
1695,423.5,45.15975570678711,47.338409423828125,127.7411880493164,108.54830932617188,111.32540130615234,0.0003315186477266252,0.0562303401529789,21.01458740234375,0.7006288170814514,-0.22488433122634888,0.0,0.0
1696,423.75,45.4113655090332,47.05465316772461,130.06613159179688,108.54654693603516,111.14466094970703,0.0003418367123231292,0.05621043220162392,21.014419555664062,0.7006288170814514,-0.21056440472602844,0.0,0.0
1697,424,44.8242073059082,47.116058349609375,130.69430541992188,108.54478454589844,111.41231536865234,0.00035112295881845057,0.05619251728057861,21.01426887512207,0.7006288170814514,-0.23212046921253204,0.0,0.0
1698,424.25,44.67776107788086,47.0603141784668,130.48898315429688,108.5580062866211,111.10663604736328,0.00036012427881360054,0.05617639422416687,21.01413345336914,0.720646858215332,-0.20657853782176971,0.0,0.0
1699,424.5,44.84958267211914,47.15028381347656,130.3790740966797,108.5478744506836,111.19750213623047,0.0003682254464365542,0.05616188049316406,21.01401138305664,0.7006288170814514,-0.21468685567378998,0.0,0.0
1700,424.75,45.01036071777344,46.92397689819336,126.5604019165039,108.54478454589844,111.4612045288086,0.00037551650893874466,0.056148819625377655,21.013900756835938,0.7006288170814514,-0.23602624237537384,0.0,0.0
1701,425,45.1926383972168,47.19339370727539,129.31353759765625,108.56197357177734,112.01232147216797,0.00038207846228033304,0.05618055909872055,21.01380157470703,0.6906198859214783,-0.2785234749317169,0.0,0.0
1702,425.25,45.45927047729492,46.629608154296875,131.99644470214844,108.55889129638672,111.59207153320312,0.0003828371991403401,0.05623483285307884,21.01371192932129,0.7106378078460693,-0.24531492590904236,0.0,0.0
1703,425.5,45.39869689941406,47.18872833251953,128.40142822265625,108.56065368652344,112.45331573486328,0.00038352006231434643,0.05623483285307884,21.01363182067871,0.7106378078460693,-0.31361064314842224,0.0,0.0
1704,425.75,45.40288162231445,46.91722869873047,128.17015075683594,108.55359649658203,112.28985595703125,0.0003841346187982708,0.05625797063112259,21.013559341430664,0.720646858215332,-0.3012399673461914,0.0,0.0
1705,426,45.314453125,47.25281524658203,130.3760223388672,108.55976867675781,111.98763275146484,0.00038468773709610105,0.056271545588970184,21.01349449157715,0.720646858215332,-0.27674221992492676,0.0,0.0
1706,426.25,45.27729415893555,46.852561950683594,132.5994415283203,108.57078552246094,111.55305480957031,0.000385185529012233,0.05628376454114914,21.01343536376953,0.720646858215332,-0.24122680723667145,0.0,0.0
1707,426.5,45.42802810668945,47.00458526611328,133.24440002441406,108.56770324707031,112.19207763671875,0.000385633553378284,0.0562947615981102,21.013383865356445,0.720646858215332,-0.2923281490802765,0.0,0.0
1708,426.75,45.06627655029297,47.05093765258789,127.53433990478516,108.56549835205078,112.50812530517578,0.0003731761244125664,0.0562901571393013,21.013336181640625,0.720646858215332,-0.31755125522613525,0.0,0.0
1709,427,44.88585662841797,46.940460205078125,129.20362854003906,108.57035064697266,111.44244384765625,0.0003619644558057189,0.05628601461648941,21.013294219970703,0.7006288170814514,-0.23243089020252228,0.0,0.0
1710,427.25,45.31578063964844,47.094032287597656,127.72744750976562,108.57343292236328,110.78514862060547,0.0003518739540595561,0.05628228560090065,21.013256072998047,0.6906198859214783,-0.17951779067516327,0.0,0.0
1711,427.5,44.7479133605957,47.24739456176758,132.1368865966797,108.56241607666016,111.04737854003906,0.0003427924821153283,0.056278929114341736,21.013221740722656,0.6906198859214783,-0.20146764814853668,0.0,0.0
1712,427.75,44.87024688720703,46.87152099609375,133.29859924316406,108.56285858154297,111.73725891113281,0.00032626447500661016,0.05628315731883049,21.01319122314453,0.7006288170814514,-0.25656384229660034,0.0,0.0
1713,428,45.11395263671875,47.08370590209961,130.21420288085938,108.57035064697266,110.74317169189453,0.0003113892744295299,0.05628696456551552,21.01316261291504,0.6906198859214783,-0.17639711499214172,0.0,0.0
1714,428.25,45.150882720947266,46.432701110839844,130.03636169433594,108.57695770263672,112.65035247802734,0.0002980015706270933,0.0562903918325901,21.013137817382812,0.6906198859214783,-0.32785797119140625,0.0,0.0
1715,428.5,44.81562805175781,46.980003356933594,133.83212280273438,108.57254791259766,111.78762817382812,0.0002859526430256665,0.05629347637295723,21.01311492919922,0.6906198859214783,-0.2597815692424774,0.0,0.0
1716,428.75,44.83686447143555,47.07234573364258,131.5003204345703,108.58003997802734,111.54219055175781,0.00026611503562889993,0.056296251714229584,21.013093948364258,0.6906198859214783,-0.23960068821907043,0.0,0.0
1717,429,45.02295684814453,46.976505279541016,129.4188690185547,108.57475280761719,111.33330535888672,0.00024826120352372527,0.05632774904370308,21.01307487487793,0.6906198859214783,-0.2233477085828781,0.0,0.0
1718,429.25,44.895267486572266,47.28921890258789,130.13177490234375,108.59370422363281,110.71947479248047,0.00023219274589791894,0.056356094777584076,21.013057708740234,0.6906198859214783,-0.17257747054100037,0.0,0.0
1719,429.5,45.30647277832031,47.0936279296875,132.839111328125,108.59017944335938,110.6009521484375,0.00021773113985545933,0.05638160556554794,21.013042449951172,0.7006288170814514,-0.16333189606666565,0.0,0.0
1720,429.75,45.138797760009766,47.03437423706055,130.9293975830078,108.5840072631836,111.87849426269531,0.0002047156885964796,0.056404564529657364,21.013029098510742,0.7006288170814514,-0.2660751938819885,0.0,0.0
1721,430,45.274620056152344,46.82170104980469,135.80519104003906,108.58357238769531,111.5130615234375,0.00019300177518744022,0.05642522871494293,21.013017654418945,0.7006288170814514,-0.23698633909225464,0.0,0.0
1722,430.25,45.15885543823242,47.524147033691406,130.0378875732422,108.61221313476562,111.77528381347656,0.0001824592618504539,0.05645832419395447,21.01300621032715,0.7106378078460693,-0.25554701685905457,0.0,0.0
1723,430.5,45.096439361572266,47.16102981567383,130.2935791015625,108.5998764038086,110.98465728759766,0.00015815735969226807,0.05648811161518097,21.01314926147461,0.7006288170814514,-0.19336703419685364,0.0,0.0
1724,430.75,44.829750061035156,46.94661331176758,130.3737335205078,108.58665466308594,111.4133071899414,0.00013628565648104995,0.0565149188041687,21.013277053833008,0.6906198859214783,-0.2287667840719223,0.0,0.0
1725,431,44.9781494140625,47.065162658691406,129.46694946289062,108.59679412841797,111.4478759765625,0.00011660111340461299,0.05653904750943184,21.01339340209961,0.6806108951568604,-0.23069694638252258,0.0,0.0
1726,431.25,45.352596282958984,46.656429290771484,131.5690155029297,108.6104507446289,111.67207336425781,9.888502972899005e-05,0.056560762226581573,21.01349639892578,0.7006288170814514,-0.24746744334697723,0.0,0.0
1727,431.5,45.03297805786133,47.038368225097656,133.07418823242188,108.59855651855469,111.48441314697266,8.037279621930793e-05,0.05656580626964569,21.01358985900879,0.6906198859214783,-0.23347067832946777,0.0,0.0
1728,431.75,45.04652404785156,46.97038269042969,130.302734375,108.60868835449219,110.94367218017578,6.37117846054025e-05,0.056570347398519516,21.01375961303711,0.7006288170814514,-0.18935689330101013,0.0,0.0
1729,432,45.095481872558594,47.22089385986328,128.4411163330078,108.61927032470703,111.43799591064453,4.871687269769609e-05,0.05657443404197693,21.013914108276367,0.7006288170814514,-0.2280655950307846,0.0,0.0
1730,432.25,45.13094711303711,46.79526901245117,131.2766876220703,108.62763977050781,111.72342681884766,3.522145198076032e-05,0.05657811090350151,21.01405143737793,0.7006288170814514,-0.25015145540237427,0.0,0.0
1731,432.5,45.111331939697266,47.08844757080078,130.2271728515625,108.60604858398438,111.70565032958984,2.307557406311389e-05,0.056581418961286545,21.014175415039062,0.6906198859214783,-0.2505045533180237,0.0,0.0
1732,432.75,45.103580474853516,46.92359161376953,129.53717041015625,108.61265563964844,111.4681167602539,2.5626259230193682e-05,0.056584399193525314,21.0142879486084,0.7006288170814514,-0.23101332783699036,0.0,0.0
1733,433,44.94823455810547,47.23536682128906,128.8258056640625,108.60957336425781,111.32540130615234,2.7921874789171852e-05,0.05658749118447304,21.014389038085938,0.7006288170814514,-0.21986135840415955,0.0,0.0
1734,433.25,44.96615219116211,47.193931579589844,130.852294921875,108.6258773803711,111.41972351074219,2.9987930247443728e-05,0.05659027397632599,21.014480590820312,0.7006288170814514,-0.22606417536735535,0.0,0.0
1735,433.5,44.92729568481445,46.96841812133789,132.724609375,108.61354064941406,112.00047302246094,3.1847379432292655e-05,0.056592777371406555,21.014562606811523,0.6906198859214783,-0.27335473895072937,0.0,0.0
1736,433.75,45.05298614501953,46.85527038574219,128.69528198242188,108.60472106933594,111.27700805664062,3.352088242536411e-05,0.056595031172037125,21.01463508605957,0.7106378078460693,-0.21638832986354828,0.0,0.0
1737,434,45.333988189697266,47.12996292114258,134.53892517089844,108.61530303955078,111.90565490722656,6.137202581157908e-05,0.056604307144880295,21.01470184326172,0.7006288170814514,-0.26567062735557556,0.0,0.0
1738,434.25,45.237403869628906,47.05574417114258,131.7079315185547,108.6342544555664,111.86466979980469,8.643805631436408e-05,0.05661265552043915,21.014760971069336,0.7006288170814514,-0.2608568072319031,0.0,0.0
1739,434.5,45.240047454833984,46.83012390136719,130.68360900878906,108.62852478027344,111.6414566040039,0.00010899748303927481,0.056620169430971146,21.014814376831055,0.7006288170814514,-0.24354517459869385,0.0,0.0
1740,434.75,44.978572845458984,46.914363861083984,126.80388641357422,108.61970520019531,111.54219055175781,0.00012930097000207752,0.05662693455815315,21.014862060546875,0.6906198859214783,-0.23634934425354004,0.0,0.0
1741,435,45.02484893798828,46.66114807128906,128.7097930908203,108.62808227539062,111.85626983642578,0.00016558692732360214,0.05663302168250084,21.01490592956543,0.6906198859214783,-0.2606939673423767,0.0,0.0
1742,435.25,44.46188735961914,46.63570785522461,130.42791748046875,108.63160705566406,111.2938003540039,0.00019824429182335734,0.056595005095005035,21.014944076538086,0.7006288170814514,-0.21552829444408417,0.0,0.0
1743,435.5,45.16071701049805,47.275638580322266,133.1383056640625,108.63072204589844,112.3189926147461,0.00022763591550756246,0.05656078830361366,21.014978408813477,0.7006288170814514,-0.29722702503204346,0.0,0.0
1744,435.75,44.98508071899414,46.891212463378906,128.79832458496094,108.62895965576172,111.5115737915039,0.0002540883724577725,0.05652999505400658,21.015010833740234,0.7006288170814514,-0.23314712941646576,0.0,0.0
1745,436,44.8941535949707,47.182926177978516,132.64447021484375,108.6342544555664,110.97527313232422,0.0002862639958038926,0.05650227889418602,21.015039443969727,0.7006288170814514,-0.18979701399803162,0.0,0.0
1746,436.25,45.05424880981445,46.757205963134766,129.34254455566406,108.64350891113281,111.25675964355469,0.000315222074277699,0.05647733435034752,21.015064239501953,0.7106378078460693,-0.21158966422080994,0.0,0.0
1747,436.5,45.22625732421875,47.447689056396484,130.34625244140625,108.63249206542969,111.33132934570312,0.00034128432162106037,0.056440386921167374,21.015087127685547,0.7106378078460693,-0.2184571921825409,0.0,0.0
1748,436.75,45.058406829833984,46.936279296875,131.2759246826172,108.63292694091797,111.55157470703125,0.0003647403500508517,0.0564071349799633,21.015108108520508,0.7006288170814514,-0.23601479828357697,0.0,0.0
1749,437,44.97604751586914,47.190494537353516,128.48614501953125,108.6338119506836,111.73725891113281,0.0003845632600132376,0.05637720599770546,21.015127182006836,0.7006288170814514,-0.250747948884964,0.0,0.0
1750,437.25,45.066287994384766,46.91303253173828,129.07005310058594,108.63777923583984,111.27157592773438,0.0004024038789793849,0.05635027214884758,21.01514434814453,0.7006288170814514,-0.21324437856674194,0.0,0.0
1751,437.5,44.90380096435547,47.073917388916016,129.2578125,108.64086151123047,111.43898010253906,0.0004184604331385344,0.05632603168487549,21.015159606933594,0.7106378078460693,-0.22637495398521423,0.0,0.0
1752,437.75,44.703731536865234,47.23135757446289,128.06100463867188,108.63909912109375,111.5589828491211,0.00043291132897138596,0.05629696696996689,21.015172958374023,0.720646858215332,-0.23610034584999084,0.0,0.0
1753,438,44.80306625366211,47.07415008544922,132.33229064941406,108.64262390136719,111.6024398803711,0.0004324008768890053,0.05627080798149109,21.01518440246582,0.720646858215332,-0.23927855491638184,0.0,0.0
1754,438.25,45.255836486816406,47.212066650390625,129.72036743164062,108.64041900634766,111.02565002441406,0.00043194147292524576,0.05624726414680481,21.015195846557617,0.7106378078460693,-0.1933317929506302,0.0,0.0
1755,438.5,45.06804656982422,47.30903244018555,127.52594757080078,108.63557434082031,110.92589569091797,0.00043152799480594695,0.05622607469558716,21.015438079833984,0.7006288170814514,-0.18572671711444855,0.0,0.0
1756,438.75,44.96761703491211,46.924190521240234,129.0746307373047,108.63954162597656,110.78662872314453,0.00043115587322972715,0.05620700493454933,21.015657424926758,0.6906198859214783,-0.17421843111515045,0.0,0.0
1757,439,44.95746994018555,47.0697021484375,129.04180908203125,108.6351318359375,111.69083404541016,0.0004308209754526615,0.05618984252214432,21.015853881835938,0.6906198859214783,-0.24694043397903442,0.0,0.0
1758,439.25,45.13272476196289,47.19873046875,128.6525421142578,108.63865661621094,111.29182434082031,0.0004112274618819356,0.056174397468566895,21.01603126525879,0.6906198859214783,-0.21479228138923645,0.0,0.0
1759,439.5,45.2568473815918,47.35236740112305,132.15139770507812,108.64967346191406,111.90318298339844,0.0003935932763852179,0.056160494685173035,21.016189575195312,0.7006288170814514,-0.2626573145389557,0.0,0.0
1760,439.75,45.210506439208984,46.96226501464844,130.31495666503906,108.64482879638672,111.88096618652344,0.00037772252107970417,0.05614073574542999,21.016332626342773,0.720646858215332,-0.26128682494163513,0.0,0.0
1761,440,45.228153228759766,47.00498580932617,127.87323760986328,108.64923858642578,111.5979995727539,0.00036343885585665703,0.056122951209545135,21.016462326049805,0.7106378078460693,-0.2383819818496704,0.0,0.0
1762,440.25,45.61251449584961,47.34297561645508,131.67587280273438,108.64527130126953,111.5130615234375,0.00035058354842476547,0.05610694736242294,21.016578674316406,0.7106378078460693,-0.23192928731441498,0.0,0.0
1763,440.5,45.38737106323242,47.29734420776367,125.26436614990234,108.62808227539062,111.02120208740234,0.00033901375718414783,0.05609254166483879,21.01668357849121,0.73065584897995,-0.19398631155490875,0.0,0.0
1764,440.75,45.06791305541992,47.15632247924805,128.28616333007812,108.63733673095703,111.05824279785156,0.0003151081327814609,0.05607232823967934,21.01677703857422,0.73065584897995,-0.196197509765625,0.0,0.0
1765,441,45.06625747680664,47.176841735839844,129.96385192871094,108.64041900634766,111.21675872802734,0.0002935930679086596,0.05605413764715195,21.016860961914062,0.720646858215332,-0.20864185690879822,0.0,0.0
1766,441.25,45.10686492919922,47.390838623046875,129.47535705566406,108.6443862915039,111.66466522216797,0.00027422953280620277,0.05603776499629021,21.016937255859375,0.720646858215332,-0.24409598112106323,0.0,0.0
1767,441.5,45.303768157958984,46.68325424194336,131.23240661621094,108.6523208618164,111.6888656616211,0.00025680233375169337,0.05602302774786949,21.017005920410156,0.73065584897995,-0.2453749179840088,0.0,0.0
1768,441.75,45.1191291809082,46.97624588012695,128.34188842773438,108.6417465209961,111.676025390625,0.00024111785751301795,0.056038759648799896,21.017066955566406,0.720646858215332,-0.24521784484386444,0.0,0.0
1769,442,45.28927993774414,47.10310363769531,129.4066619873047,108.65540313720703,111.2073745727539,0.0002334258460905403,0.05605291947722435,21.017122268676758,0.73065584897995,-0.20666271448135376,0.0,0.0
1770,442.25,45.29423522949219,47.04133605957031,131.33773803710938,108.64879608154297,111.11650848388672,0.00022650303435511887,0.05606566369533539,21.01717185974121,0.720646858215332,-0.1999274641275406,0.0,0.0
1771,442.5,45.22661209106445,47.2613410949707,128.8258056640625,108.64747619628906,111.11650848388672,0.00022027250088285655,0.056077130138874054,21.0172176361084,0.7106378078460693,-0.2000354528427124,0.0,0.0
1772,442.75,45.4268913269043,47.3427848815918,130.00048828125,108.63954162597656,110.90169525146484,0.00021466502221301198,0.05608745291829109,21.017257690429688,0.720646858215332,-0.18345960974693298,0.0,0.0
1773,443,44.896453857421875,47.0295295715332,129.46847534179688,108.64527130126953,111.33231353759766,0.00022054403962101787,0.05608224496245384,21.01729393005371,0.7006288170814514,-0.21748876571655273,0.0,0.0
1774,443.25,44.7048454284668,47.34360885620117,131.09043884277344,108.64350891113281,111.53923034667969,0.00022583514510188252,0.05607755854725838,21.01732635498047,0.7106378078460693,-0.23416246473789215,0.0,0.0
1775,443.5,44.98753356933594,47.02273178100586,128.88229370117188,108.64791107177734,110.95552062988281,0.00023059714294504374,0.05607334151864052,21.017356872558594,0.7106378078460693,-0.18709321320056915,0.0,0.0
1776,443.75,44.98881149291992,47.01214599609375,130.18138122558594,108.64747619628906,111.4133071899414,0.0002348829439142719,0.056069545447826385,21.017383575439453,0.7106378078460693,-0.22378188371658325,0.0,0.0
1777,444,45.3594970703125,46.97905731201172,129.76463317871094,108.65143585205078,111.2310791015625,0.00024581298930570483,0.056066129356622696,21.01740837097168,0.7106378078460693,-0.20888520777225494,0.0,0.0
1778,444.25,44.6198616027832,47.030670166015625,130.9248046875,108.65364074707031,111.69725799560547,0.0002556500257924199,0.05605580657720566,21.01742935180664,0.7006288170814514,-0.24593564867973328,0.0,0.0
1779,444.5,44.991790771484375,47.3841667175293,128.4151611328125,108.64923858642578,112.3041763305664,0.00026450338191352785,0.056046515703201294,21.01744842529297,0.720646858215332,-0.29453539848327637,0.0,0.0
1780,444.75,45.33854293823242,47.110877990722656,129.80813598632812,108.64747619628906,111.23651123046875,0.00027247139951214194,0.05603815242648125,21.017465591430664,0.720646858215332,-0.20964409410953522,0.0,0.0
1781,445,45.22066879272461,46.82418441772461,127.08248138427734,108.65937042236328,111.9046630859375,0.0002796426124405116,0.056030627340078354,21.017480850219727,0.7406647801399231,-0.2619807720184326,0.0,0.0
1782,445.25,45.08734130859375,47.22018814086914,131.74533081054688,108.65849304199219,112.02071380615234,0.0002854537160601467,0.05602385476231575,21.017494201660156,0.7406647801399231,-0.27127963304519653,0.0,0.0
1783,445.5,45.04616928100586,46.75205993652344,132.4597625732422,108.64791107177734,111.91947937011719,0.0002906837034970522,0.05600326135754585,21.017507553100586,0.7406647801399231,-0.2640979588031769,0.0,0.0
1784,445.75,45.37331771850586,46.96774673461914,128.44798278808594,108.65011596679688,111.54318237304688,0.0002953906951006502,0.055984728038311005,21.017518997192383,0.7406647801399231,-0.23393641412258148,0.0,0.0
1785,446,45.2785758972168,47.10435485839844,129.07081604003906,108.65892791748047,111.68145751953125,0.00030151044484227896,0.05596804618835449,21.01753807067871,0.7406647801399231,-0.24424321949481964,0.0,0.0
1786,446.25,45.22564697265625,47.23223114013672,130.1745147705078,108.6598129272461,111.04490661621094,0.00030151044484227896,0.05595303326845169,21.01753807067871,0.750673770904541,-0.19328677654266357,0.0,0.0
1787,446.5,44.78064727783203,46.869544982910156,130.3134307861328,108.6439437866211,111.69281005859375,0.0003032055392395705,0.055917780846357346,21.017545700073242,0.7406647801399231,-0.24637584388256073,0.0,0.0
1788,446.75,45.082252502441406,46.61167907714844,129.53411865234375,108.65320587158203,111.7071304321289,0.000304731132928282,0.055886052548885345,21.017553329467773,0.7406647801399231,-0.24675823748111725,0.0,0.0
1789,447,45.338619232177734,47.33029556274414,129.24179077148438,108.66289520263672,111.56639099121094,0.00030610416433773935,0.055857498198747635,21.017560958862305,0.750673770904541,-0.23474155366420746,0.0,0.0
1790,447.25,44.76362228393555,46.85826110839844,129.45779418945312,108.6602554321289,111.76985168457031,0.00031102425418794155,0.055831797420978546,21.0175724029541,0.750673770904541,-0.25117748975753784,0.0,0.0
1791,447.5,45.30290603637695,47.158302307128906,129.53411865234375,108.65408325195312,111.6434326171875,0.00031102425418794155,0.055808667093515396,21.017578125,0.7606827616691589,-0.2416084259748459,0.0,0.0
1792,447.75,44.91155242919922,46.92165756225586,128.8723602294922,108.64923858642578,111.198486328125,0.00031434017000719905,0.0557950995862484,21.017578125,0.7606827616691589,-0.20645634829998016,0.0,0.0
1793,448,45.09458923339844,46.91469955444336,128.43959045410156,108.6598129272461,111.66960144042969,0.000317324505886063,0.05578288808465004,21.017581939697266,0.7606827616691589,-0.24322564899921417,0.0,0.0
1794,448.25,44.96439743041992,47.466461181640625,130.75689697265625,108.64482879638672,111.14120483398438,0.00032001041108742356,0.05577189847826958,21.01758575439453,0.7606827616691589,-0.2022307962179184,0.0,0.0
1795,448.5,45.29463195800781,47.075931549072266,131.13394165039062,108.64482879638672,111.40392303466797,0.0003269299922976643,0.05576200783252716,21.017589569091797,0.7706916928291321,-0.2232486754655838,0.0,0.0
1796,448.75,44.98973846435547,47.014530181884766,128.2983856201172,108.64703369140625,111.6197280883789,0.00033315762993879616,0.055760353803634644,21.017593383789062,0.7606827616691589,-0.2402956783771515,0.0,0.0
1797,449,45.318172454833984,47.265419006347656,128.50294494628906,108.65937042236328,111.48392486572266,0.00033876250381581485,0.05575752258300781,21.017597198486328,0.750673770904541,-0.22844776511192322,0.0,0.0
1798,449.25,45.22646713256836,47.090843200683594,128.99449157714844,108.64923858642578,112.35504150390625,0.00034380689612589777,0.05575752258300781,21.01759910583496,0.7406647801399231,-0.2985663115978241,0.0,0.0
1799,449.5,45.5629997253418,47.08902359008789,128.35714721679688,108.65011596679688,112.70565795898438,0.0003483468317426741,0.05575631558895111,21.017601013183594,0.750673770904541,-0.32623136043548584,0.0,0.0
1800,449.75,45.22026443481445,46.92012405395508,129.36314392089844,108.6518783569336,111.54713439941406,0.00035243277670815587,0.05575523152947426,21.017602920532227,0.750673770904541,-0.23410744965076447,0.0,0.0
1801,450,45.28529739379883,47.34375,130.34243774414062,108.66465759277344,111.52293395996094,0.00035611013299785554,0.05576875060796738,21.01760482788086,0.7606827616691589,-0.23112931847572327,0.0,0.0
1802,450.25,45.019569396972656,47.12713623046875,129.77760314941406,108.6439437866211,111.155029296875,0.0003594197623897344,0.05579186603426933,21.017606735229492,0.750673770904541,-0.20341035723686218,0.0,0.0
1803,450.5,45.10248947143555,47.22496795654297,129.7066192626953,108.64791107177734,111.49626922607422,0.00036239842302165926,0.055801719427108765,21.017608642578125,0.7606827616691589,-0.23037239909172058,0.0,0.0
1804,450.75,45.128944396972656,46.68350601196289,133.50010681152344,108.64703369140625,112.35948181152344,0.00036379293305799365,0.055801719427108765,21.017610549926758,0.7606827616691589,-0.2990991175174713,0.0,0.0
1805,451,44.73098373413086,47.1519889831543,131.60641479492188,108.67435455322266,111.72491455078125,0.00036504800664260983,0.055832333862781525,21.01761245727539,0.7406647801399231,-0.24644292891025543,0.0,0.0
1806,451.25,44.85093688964844,46.938026428222656,133.51231384277344,108.64923858642578,110.9268798828125,0.0003661775845102966,0.05585988610982895,21.017614364624023,0.73065584897995,-0.184686541557312,0.0,0.0
1807,451.5,44.94572067260742,46.94986343383789,129.5928955078125,108.64659118652344,111.19898223876953,0.0003671941813081503,0.05588468164205551,21.017614364624023,0.7406647801399231,-0.2067132294178009,0.0,0.0
1808,451.75,44.950801849365234,47.212825775146484,135.5800323486328,108.6523208618164,111.82269287109375,0.00036875225487165153,0.0559069998562336,21.017614364624023,0.7406647801399231,-0.2560352087020874,0.0,0.0
1809,452,44.9564208984375,47.41257095336914,131.37513732910156,108.6681900024414,111.20145416259766,0.0003701545065268874,0.0559270866215229,21.017614364624023,0.7606827616691589,-0.20514118671417236,0.0,0.0
1810,452.25,45.181705474853516,47.36774444580078,131.65296936035156,108.6778793334961,111.5984878540039,0.00037141653592698276,0.05594516173005104,21.017614364624023,0.750673770904541,-0.23607474565505981,0.0,0.0
1811,452.5,45.17277908325195,47.17657470703125,130.085205078125,108.65628814697266,111.66120910644531,0.0003725523711182177,0.055961430072784424,21.017614364624023,0.7706916928291321,-0.2428455650806427,0.0,0.0
1812,452.75,45.194862365722656,47.265289306640625,131.80410766601562,108.65716552734375,111.02761840820312,0.00037357461405918,0.05597607418894768,21.017614364624023,0.7706916928291321,-0.19211778044700623,0.0,0.0
1813,453,45.22751998901367,47.01187515258789,131.88272094726562,108.66554260253906,110.87206268310547,0.0003744946443475783,0.05598925054073334,21.017614364624023,0.750673770904541,-0.17895042896270752,0.0,0.0
1814,453.25,44.948646545410156,47.05356216430664,129.8768310546875,108.66422271728516,110.4730453491211,0.0003753226774279028,0.05597936734557152,21.017614364624023,0.750673770904541,-0.14696335792541504,0.0,0.0
1815,453.5,45.218196868896484,46.87359619140625,129.396728515625,108.67435455322266,111.12145233154297,0.0003722087712958455,0.05597047135233879,21.017614364624023,0.720646858215332,-0.19822967052459717,0.0,0.0
1816,453.75,45.34223556518555,46.844783782958984,128.83648681640625,108.66465759277344,110.82465362548828,0.0003694062470458448,0.055962465703487396,21.017629623413086,0.720646858215332,-0.1752157062292099,0.0,0.0
1817,454,44.879966735839844,47.586666107177734,126.37645721435547,108.66598510742188,111.43997192382812,0.00036688396357931197,0.05595526099205017,21.01764488220215,0.73065584897995,-0.22439566254615784,0.0,0.0
1818,454.25,45.101749420166016,47.237545013427734,128.42431640625,108.66554260253906,110.96540069580078,0.00036461392301134765,0.055927034467458725,21.017658233642578,0.720646858215332,-0.1864413470029831,0.0,0.0
1819,454.5,45.32671356201172,47.066463470458984,129.5142822265625,108.6598129272461,111.07107543945312,0.00036257089232094586,0.055901627987623215,21.017669677734375,0.73065584897995,-0.1953844428062439,0.0,0.0
1820,454.75,45.206966400146484,47.10398864746094,130.57217407226562,108.6611328125,111.63948059082031,0.0003607321414165199,0.055878762155771255,21.017681121826172,0.73065584897995,-0.24071598052978516,0.0,0.0
1821,455,45.14531326293945,46.77560806274414,130.96755981445312,108.6690673828125,111.23700714111328,0.0003500758612062782,0.05585818365216255,21.017690658569336,0.73065584897995,-0.20791511237621307,0.0,0.0
1822,455.25,45.40142822265625,46.687469482421875,132.85360717773438,108.65892791748047,111.32935333251953,0.00034048521774820983,0.0558396652340889,21.017698287963867,0.720646858215332,-0.21613281965255737,0.0,0.0
1823,455.5,45.240604400634766,47.020477294921875,130.55767822265625,108.65805053710938,110.97280883789062,0.0003318536328151822,0.05582299828529358,21.0177059173584,0.73065584897995,-0.1876491755247116,0.0,0.0
1824,455.75,44.86576843261719,47.08051681518555,127.87628936767578,108.66246032714844,111.42219543457031,0.0003240852092858404,0.05580799654126167,21.01771354675293,0.720646858215332,-0.2232644408941269,0.0,0.0
1825,456,44.934635162353516,47.088497161865234,130.33250427246094,108.67435455322266,110.86119842529297,0.00031002413015812635,0.05579449608922005,21.017719268798828,0.720646858215332,-0.17735621333122253,0.0,0.0
1826,456.25,45.1226806640625,46.66107940673828,133.72068786621094,108.66246032714844,110.91897583007812,0.0002973691443912685,0.055782344192266464,21.017724990844727,0.7006288170814514,-0.1829688847064972,0.0,0.0
1827,456.5,45.34962844848633,47.265708923339844,129.59365844726562,108.6690673828125,112.2977523803711,0.0002859796804841608,0.05577140673995018,21.017730712890625,0.720646858215332,-0.29240161180496216,0.0,0.0
1828,456.75,45.266761779785156,47.02882385253906,127.57174682617188,108.6681900024414,111.51502990722656,0.00027572913677431643,0.055761564522981644,21.01773452758789,0.720646858215332,-0.23020851612091064,0.0,0.0
1829,457,45.16633224487305,46.811424255371094,130.52256774902344,108.67876434326172,111.21626281738281,0.00026007898850366473,0.0557527057826519,21.017738342285156,0.720646858215332,-0.20546045899391174,0.0,0.0
1830,457.25,45.30779266357422,46.90230178833008,130.09512329101562,108.65716552734375,111.676025390625,0.00024599386961199343,0.05574473366141319,21.017742156982422,0.720646858215332,-0.24395473301410675,0.0,0.0
1831,457.5,44.947547912597656,47.01393127441406,128.27243041992188,108.65892791748047,111.64441680908203,0.00023331725969910622,0.05577379837632179,21.017745971679688,0.73065584897995,-0.24129004776477814,0.0,0.0
1832,457.75,45.5558967590332,46.93075180053711,128.23426818847656,108.66862487792969,111.85330963134766,0.00022190831077750772,0.05579995736479759,21.017749786376953,0.720646858215332,-0.25713616609573364,0.0,0.0
1833,458,45.286888122558594,46.46628952026367,133.57337951660156,108.67435455322266,111.92688751220703,0.00020393336308188736,0.05582350119948387,21.017751693725586,0.7106378078460693,-0.26252123713493347,0.0,0.0
1834,458.25,44.63478088378906,47.60871505737305,126.78709411621094,108.67523956298828,111.7431869506836,0.00018775589705910534,0.05584469065070152,21.01775360107422,0.720646858215332,-0.24782587587833405,0.0,0.0
1835,458.5,44.95307922363281,47.02094650268555,128.9273223876953,108.66246032714844,112.14022064208984,0.00017319618200417608,0.05586376041173935,21.01775550842285,0.720646858215332,-0.2804464101791382,0.0,0.0
1836,458.75,45.33221435546875,47.1090202331543,127.02752685546875,108.66862487792969,111.66466522216797,0.00016009244427550584,0.055873673409223557,21.017757415771484,0.73065584897995,-0.24211002886295319,0.0,0.0
1837,459,45.15610122680664,47.10508346557617,130.1951141357422,108.66554260253906,111.46070861816406,0.00013995313202030957,0.05588259547948837,21.017759323120117,0.720646858215332,-0.22608813643455505,0.0,0.0
1838,459.25,45.298091888427734,47.14460372924805,127.23971557617188,108.65364074707031,111.89034271240234,0.00012182775390101597,0.05589062720537186,21.01776123046875,0.73065584897995,-0.2613108456134796,0.0,0.0
1839,459.5,44.89255142211914,46.88344955444336,127.13514709472656,108.65716552734375,111.46565246582031,0.00010551491141086444,0.05589785426855087,21.017763137817383,0.7106378078460693,-0.22716906666755676,0.0,0.0
1840,459.75,45.0914192199707,47.23317337036133,130.43020629882812,108.66378021240234,112.20244598388672,9.083335316972807e-05,0.05590435862541199,21.017765045166016,0.7006288170814514,-0.2852768301963806,0.0,0.0
1841,460,45.256080627441406,46.890682220458984,133.75045776367188,108.67347717285156,112.09676361083984,7.890401320764795e-05,0.05591021105647087,21.01776695251465,0.6906198859214783,-0.27609360218048096,0.0,0.0
1842,460.25,44.9959831237793,46.62646484375,128.46859741210938,108.6677474975586,111.42811584472656,6.816761015215889e-05,0.055915478616952896,21.01776695251465,0.7006288170814514,-0.2233041673898697,0.0,0.0
1843,460.5,45.27732467651367,46.987483978271484,129.1501922607422,108.6703872680664,111.8301010131836,5.850484376423992e-05,0.055898476392030716,21.01776695251465,0.6906198859214783,-0.2551445960998535,0.0,0.0
1844,460.75,45.03077697753906,46.8672981262207,125.05369567871094,108.6690673828125,112.74713897705078,4.9808353651314974e-05,0.055883172899484634,21.01776695251465,0.6906198859214783,-0.3279542922973633,0.0,0.0
1845,461,45.29780960083008,47.181358337402344,128.41439819335938,108.65540313720703,111.6854019165039,4.1981515096267685e-05,0.05586940050125122,21.01776695251465,0.6806108951568604,-0.2448464184999466,0.0,0.0
1846,461.25,45.026493072509766,46.95637893676758,129.305908203125,108.65320587158203,112.01676940917969,5.034876085119322e-05,0.05585700646042824,21.01776695251465,0.6806108951568604,-0.2713994085788727,0.0,0.0
1847,461.5,45.03418731689453,47.029300689697266,130.81947326660156,108.65540313720703,112.06664276123047,5.787928239442408e-05,0.055838603526353836,21.01776695251465,0.6906198859214783,-0.2751818299293518,0.0,0.0
1848,461.75,45.375675201416016,46.796669006347656,127.73584747314453,108.65011596679688,112.25775909423828,6.465674960054457e-05,0.055822040885686874,21.01776695251465,0.7006288170814514,-0.29078367352485657,0.0,0.0
1849,462,45.180850982666016,47.18315124511719,129.47154235839844,108.66069793701172,111.79306030273438,7.075646863086149e-05,0.05580713599920273,21.01776695251465,0.6906198859214783,-0.25298964977264404,0.0,0.0
1850,462.25,45.402950286865234,46.60894012451172,125.7208023071289,108.64967346191406,112.00688934326172,7.624622230650857e-05,0.05579372122883797,21.01776695251465,0.6906198859214783,-0.2709032893180847,0.0,0.0
1851,462.5,45.220237731933594,47.16614532470703,134.26414489746094,108.65496826171875,111.68836975097656,8.11869977042079e-05,0.05578164756298065,21.01776695251465,0.7106378078460693,-0.24511855840682983,0.0,0.0
1852,462.75,45.370140075683594,47.01643753051758,129.27537536621094,108.67259216308594,112.63158416748047,0.00010877305612666532,0.05577078089118004,21.01776695251465,0.7106378078460693,-0.31853723526000977,0.0,0.0
1853,463,45.25905227661133,47.268611907958984,132.3208465576172,108.66289520263672,111.84540557861328,0.00013360050797928125,0.055761002004146576,21.01776695251465,0.7106378078460693,-0.2569767236709595,0.0,0.0
1854,463.25,45.0374870300293,46.663448333740234,126.78709411621094,108.65673065185547,111.82417297363281,0.00015594522119499743,0.05575219914317131,21.01776695251465,0.7006288170814514,-0.25579166412353516,0.0,0.0
1855,463.5,45.1216926574707,47.242584228515625,129.7982177734375,108.65276336669922,111.62120819091797,0.00017605545872356743,0.05574427917599678,21.01776695251465,0.7006288170814514,-0.23994463682174683,0.0,0.0
1856,463.75,45.08662414550781,47.20462417602539,128.3708953857422,108.65496826171875,112.13380432128906,0.00020766597299370915,0.05575164407491684,21.01776695251465,0.7006288170814514,-0.2805509865283966,0.0,0.0
1857,464,45.29791259765625,47.417057037353516,131.4484100341797,108.64967346191406,112.19108581542969,0.00023611543292645365,0.0557582713663578,21.01776695251465,0.7006288170814514,-0.28553107380867004,0.0,0.0
1858,464.25,45.238983154296875,47.410064697265625,131.98805236816406,108.64570617675781,112.48738861083984,0.00026171994977630675,0.05576423555612564,21.01776695251465,0.6806108951568604,-0.3093355596065521,0.0,0.0
1859,464.5,45.19839096069336,47.194705963134766,131.82318115234375,108.63998413085938,111.56293487548828,0.000284764013485983,0.055769603699445724,21.01776695251465,0.6906198859214783,-0.23634281754493713,0.0,0.0
1860,464.75,45.37319564819336,47.52034378051758,128.1777801513672,108.66641998291016,111.35601806640625,0.0003177358885295689,0.05577443540096283,21.01776695251465,0.6906198859214783,-0.2176513373851776,0.0,0.0
1861,465,45.679237365722656,47.339962005615234,130.13406372070312,108.65143585205078,111.83651733398438,0.000347410561516881,0.05578603222966194,21.01776695251465,0.6806108951568604,-0.25720828771591187,0.0,0.0
1862,465.25,45.40966033935547,47.367088317871094,129.47000122070312,108.63998413085938,111.502685546875,0.00037411777884699404,0.05579647049307823,21.01776695251465,0.6806108951568604,-0.2315339297056198,0.0,0.0
1863,465.5,45.12501907348633,47.03395080566406,131.54611206054688,108.64306640625,112.14812469482422,0.00039815425407141447,0.05580586567521095,21.01776695251465,0.7106378078460693,-0.2826627492904663,0.0,0.0
1864,465.75,45.21663284301758,47.112083435058594,130.44395446777344,108.6443862915039,111.14762115478516,0.0004352496762294322,0.05581431835889816,21.01776695251465,0.7106378078460693,-0.20278121531009674,0.0,0.0
1865,466,45.01782989501953,47.28705978393555,129.0723419189453,108.64262390136719,111.7757797241211,0.00046863555326126516,0.05582192912697792,21.01776695251465,0.7006288170814514,-0.2530939280986786,0.0,0.0
1866,466.25,44.91181182861328,47.289405822753906,129.927978515625,108.64791107177734,111.28194427490234,0.0004986828425899148,0.0558360256254673,21.01776695251465,0.7006288170814514,-0.21324382722377777,0.0,0.0
1867,466.5,45.295677185058594,46.956844329833984,131.1873779296875,108.63777923583984,111.11058807373047,0.0005257254233583808,0.05584871396422386,21.01776695251465,0.6906198859214783,-0.2003556489944458,0.0,0.0
1868,466.75,45.35015869140625,47.52992630004883,127.40229797363281,108.64350891113281,112.10466766357422,0.000567474402487278,0.05586013197898865,21.01776695251465,0.6906198859214783,-0.27917665243148804,0.0,0.0
1869,467,44.91172409057617,47.20930099487305,132.37197875976562,108.64923858642578,111.5110855102539,0.0006050484953448176,0.055870410054922104,21.017534255981445,0.7106378078460693,-0.23144623637199402,0.0,0.0
1870,467.25,45.2598991394043,47.100460052490234,127.96864318847656,108.63733673095703,111.02565002441406,0.0006388651672750711,0.05592314898967743,21.01732635498047,0.7006288170814514,-0.19358447194099426,0.0,0.0
1871,467.5,45.02337646484375,47.37705612182617,128.7532958984375,108.63821411132812,111.3915786743164,0.0006693001487292349,0.05597061663866043,21.01713752746582,0.720646858215332,-0.22280418872833252,0.0,0.0
1872,467.75,45.562599182128906,47.44719314575195,126.88327026367188,108.64262390136719,112.2760238647461,0.0006966916844248772,0.056013334542512894,21.0169677734375,0.7406647801399231,-0.292845755815506,0.0,0.0
1873,468,44.81814193725586,47.132164001464844,128.27700805664062,108.63160705566406,112.01380157470703,0.0007213440258055925,0.05605178326368332,21.016815185546875,0.7406647801399231,-0.2729334533214569,0.0,0.0
1874,468.25,45.18424606323242,47.090126037597656,130.7645263671875,108.63072204589844,111.99948120117188,0.0007570832967758179,0.05608638748526573,21.016677856445312,0.720646858215332,-0.27186769247055054,0.0,0.0
1875,468.5,44.85765838623047,47.37613296508789,127.39848327636719,108.6258773803711,111.96540832519531,0.0007892486173659563,0.056110281497240067,21.01655387878418,0.73065584897995,-0.2695561647415161,0.0,0.0
1876,468.75,45.472660064697266,47.179561614990234,129.26162719726562,108.6439437866211,111.34960174560547,0.0008181973826140165,0.05613178759813309,21.016443252563477,0.720646858215332,-0.21897979080677032,0.0,0.0
1877,469,45.203147888183594,46.73249435424805,128.5281219482422,108.63336944580078,112.17676544189453,0.0008442513062618673,0.056151144206523895,21.01634407043457,0.73065584897995,-0.2857305109500885,0.0,0.0
1878,469.25,45.02632141113281,47.27775955200195,128.25563049316406,108.625,111.59059143066406,0.000869636656716466,0.05618306249380112,21.016254425048828,0.73065584897995,-0.23977729678153992,0.0,0.0
1879,469.5,45.422279357910156,47.1233024597168,132.61622619628906,108.62984466552734,110.93132781982422,0.0008924835128709674,0.05621178820729256,21.01617431640625,0.73065584897995,-0.18663263320922852,0.0,0.0
1880,469.75,45.65080261230469,47.34709167480469,128.75482177734375,108.62455749511719,111.59651184082031,0.0009130456601269543,0.05623764172196388,21.016101837158203,0.73065584897995,-0.24028588831424713,0.0,0.0
1881,470,45.27897262573242,47.22917556762695,129.38909912109375,108.61618041992188,110.9288558959961,0.000931551621761173,0.056260909885168076,21.016036987304688,0.73065584897995,-0.18755380809307098,0.0,0.0
1882,470.25,45.360755920410156,46.93143081665039,129.3433074951172,108.60472106933594,111.77330780029297,0.0009423969895578921,0.05628184974193573,21.01597785949707,0.73065584897995,-0.2560035288333893,0.0,0.0
1883,470.5,45.1567268371582,47.09822463989258,131.68197631835938,108.62676239013672,111.2938003540039,0.0009521578322164714,0.05630069598555565,21.01592445373535,0.720646858215332,-0.21592514216899872,0.0,0.0
1884,470.75,45.104740142822266,47.351593017578125,130.31190490722656,108.6263198852539,110.91551971435547,0.0009609425906091928,0.05633940547704697,21.01587677001953,0.7106378078460693,-0.1856524795293808,0.0,0.0
1885,471,45.05300521850586,47.37265396118164,130.429443359375,108.625,111.30712890625,0.0009688488789834082,0.05637424439191818,21.015832901000977,0.7006288170814514,-0.21713589131832123,0.0,0.0
1886,471.25,45.474971771240234,47.25447463989258,130.9095458984375,108.61486053466797,111.6345443725586,0.0009669301798567176,0.056405600160360336,21.01579475402832,0.7106378078460693,-0.2441139668226242,0.0,0.0
1887,471.5,45.648441314697266,47.40406799316406,127.20689392089844,108.61486053466797,111.10466003417969,0.0009652033331803977,0.056433819234371185,21.015527725219727,0.720646858215332,-0.20175911486148834,0.0,0.0
1888,471.75,45.4023323059082,47.1463737487793,129.5554962158203,108.63116455078125,112.02071380615234,0.0009636491886340082,0.05650272220373154,21.015287399291992,0.720646858215332,-0.2735188901424408,0.0,0.0
1889,472,45.4307861328125,47.57051467895508,133.27874755859375,108.62235260009766,111.79158020019531,0.0009622504585422575,0.05656473711133003,21.01506996154785,0.7006288170814514,-0.2560139000415802,0.0,0.0
1890,472.25,45.18598556518555,47.02961349487305,130.85763549804688,108.6104507446289,111.42910766601562,0.000960991601459682,0.05662054941058159,21.014875411987305,0.7106378078460693,-0.22807811200618744,0.0,0.0
1891,472.5,45.1973991394043,47.55078125,128.0213165283203,108.61750030517578,111.3525619506836,0.0009540984756313264,0.05667078122496605,21.014699935913086,0.720646858215332,-0.2213832288980484,0.0,0.0
1892,472.75,45.289669036865234,47.367305755615234,131.546875,108.62059020996094,112.06022644042969,0.0009478946449235082,0.0567304901778698,21.014541625976562,0.720646858215332,-0.2775249779224396,0.0,0.0
1893,473,45.14277648925781,47.38216781616211,128.12283325195312,108.609130859375,112.01380157470703,0.0009423111914657056,0.05678423121571541,21.0143985748291,0.7106378078460693,-0.2747752368450165,0.0,0.0
1894,473.25,45.29799270629883,47.119232177734375,129.10821533203125,108.6078109741211,112.26862335205078,0.0009372860658913851,0.05683259665966034,21.014270782470703,0.7006288170814514,-0.2951118052005768,0.0,0.0
1895,473.5,44.95033645629883,47.20781707763672,128.6700897216797,108.61354064941406,111.29033660888672,0.0009327634470537305,0.05687612667679787,21.014156341552734,0.6906198859214783,-0.2167319357395172,0.0,0.0
1896,473.75,45.363136291503906,47.6065673828125,127.33360290527344,108.62808227539062,111.51898193359375,0.0009241790394298732,0.0569225549697876,21.014053344726562,0.7006288170814514,-0.23381057381629944,0.0,0.0
1897,474,44.8309440612793,47.45912551879883,132.7093505859375,108.609130859375,110.71552276611328,0.0009164530783891678,0.056964341551065445,21.013641357421875,0.720646858215332,-0.17099520564079285,0.0,0.0
1898,474.25,45.49150466918945,47.18206024169922,133.00701904296875,108.60957336425781,110.46613311767578,0.0009094997076317668,0.05700194835662842,21.013269424438477,0.7106378078460693,-0.15088428556919098,0.0,0.0
1899,474.5,45.25569534301758,47.08292770385742,129.80050659179688,108.61441802978516,111.32441711425781,0.0009032416855916381,0.057035792618989944,21.012935638427734,0.7106378078460693,-0.21938547492027283,0.0,0.0
1900,474.75,45.129940032958984,47.23299026489258,130.574462890625,108.61573791503906,112.01133728027344,0.0008976094541139901,0.05706625431776047,21.01263427734375,0.720646858215332,-0.2740381360054016,0.0,0.0
1901,475,45.49087142944336,47.32966995239258,127.96330261230469,108.60472106933594,111.61824035644531,0.0008886723662726581,0.05710817128419876,21.01236343383789,0.73065584897995,-0.24364498257637024,0.0,0.0
1902,475.25,45.29654312133789,46.994781494140625,131.43467712402344,108.61309814453125,111.3263931274414,0.0008806289406493306,0.057145897299051285,21.01211929321289,0.73065584897995,-0.2196519523859024,0.0,0.0
1903,475.5,45.20234298706055,47.2579460144043,130.68360900878906,108.62146759033203,111.63157653808594,0.0008733898866921663,0.057179853320121765,21.011899948120117,0.720646858215332,-0.2433357983827591,0.0,0.0
1904,475.75,45.71329116821289,47.51321792602539,127.21453094482422,108.61882781982422,111.69083404541016,0.0008668747614137828,0.05721041187644005,21.011703491210938,0.720646858215332,-0.24827653169631958,0.0,0.0
1905,476,45.87565231323242,47.14789581298828,129.02960205078125,108.61486053466797,111.58318328857422,0.0008610110962763429,0.05723791569471359,21.011526107788086,0.7106378078460693,-0.24001768231391907,0.0,0.0
1906,476.25,45.070133209228516,47.242958068847656,131.3140869140625,108.60295867919922,110.93478393554688,0.0008557338151149452,0.05725500360131264,21.01136589050293,0.7106378078460693,-0.18911299109458923,0.0,0.0
1907,476.5,45.3676643371582,47.28659439086914,130.2752685546875,108.61662292480469,112.13282012939453,0.000850984244607389,0.05727038159966469,21.01122283935547,0.73065584897995,-0.28361472487449646,0.0,0.0
1908,476.75,45.37245178222656,47.504878997802734,132.29031372070312,108.61221313476562,111.53627014160156,0.0008512228378094733,0.05728422477841377,21.011093139648438,0.73065584897995,-0.23649100959300995,0.0,0.0
1909,477,45.32427978515625,46.78973388671875,126.49629211425781,108.6100082397461,112.12294006347656,0.0008514375658705831,0.05729668214917183,21.010961532592773,0.7406647801399231,-0.2833726406097412,0.0,0.0
1910,477.25,45.198978424072266,47.08861541748047,129.01356506347656,108.62895965576172,111.65972900390625,0.0008516308153048158,0.0573078952729702,21.01084327697754,0.7406647801399231,-0.24496640264987946,0.0,0.0
1911,477.5,45.359619140625,47.23855209350586,129.52725219726562,108.61397552490234,112.17726135253906,0.0008518047397956252,0.05731798708438873,21.0107364654541,0.7406647801399231,-0.2873595952987671,0.0,0.0
1912,477.75,45.06844711303711,47.05610656738281,128.95021057128906,108.61662292480469,110.85231018066406,0.0008571203798055649,0.05732706934213638,21.010639190673828,0.73065584897995,-0.18137288093566895,0.0,0.0
1913,478,45.22444534301758,47.01758575439453,131.39193725585938,108.61221313476562,111.60343170166016,0.0008619044092483819,0.05733524262905121,21.01055335998535,0.7106378078460693,-0.2418494075536728,0.0,0.0
1914,478.25,45.51296615600586,47.27470397949219,128.7532958984375,108.61221313476562,111.18268585205078,0.000866210088133812,0.05734260007739067,21.010475158691406,0.7006288170814514,-0.2082257866859436,0.0,0.0
1915,478.5,45.57697677612305,47.059913635253906,127.54045104980469,108.63249206542969,111.51454162597656,0.0008700851467438042,0.05734921991825104,21.010404586791992,0.7106378078460693,-0.23309484124183655,0.0,0.0
1916,478.75,45.499412536621094,47.37824249267578,130.68972778320312,108.61441802978516,111.8157730102539,0.0008767977706156671,0.05735517665743828,21.01034164428711,0.7106378078460693,-0.2585901618003845,0.0,0.0
1917,479,45.44485092163086,47.193328857421875,133.45277404785156,108.60736846923828,111.63404846191406,0.0008828391437418759,0.057360537350177765,21.010517120361328,0.7106378078460693,-0.24468879401683807,0.0,0.0
1918,479.25,45.27017593383789,47.301971435546875,130.18443298339844,108.62191009521484,111.21923065185547,0.0008882763795554638,0.057321853935718536,21.01067543029785,0.720646858215332,-0.21035632491111755,0.0,0.0
1919,479.5,45.34392547607422,47.3978271484375,129.72036743164062,108.61750030517578,112.14170837402344,0.0008956391829997301,0.05728704109787941,21.01094627380371,0.7106378078460693,-0.2842485308647156,0.0,0.0
1920,479.75,45.4097785949707,46.841121673583984,131.04083251953125,108.61265563964844,111.39453887939453,0.0008956391829997301,0.05725570768117905,21.01094627380371,0.73065584897995,-0.22513572871685028,0.0,0.0
1921,480,45.26459884643555,46.9925651550293,129.57456970214844,108.61354064941406,111.6656494140625,0.0008978615514934063,0.05722750723361969,21.011062622070312,0.720646858215332,-0.24670204520225525,0.0,0.0
1922,480.25,45.43489456176758,47.39531326293945,128.15489196777344,108.60692596435547,111.2982406616211,0.0008998616831377149,0.05721663311123848,21.011167526245117,0.7106378078460693,-0.21790635585784912,0.0,0.0
1923,480.5,45.28976058959961,46.77745056152344,125.31244659423828,108.61089324951172,111.15453338623047,0.0009016617550514638,0.05720684304833412,21.011260986328125,0.7106378078460693,-0.20607948303222656,0.0,0.0
1924,480.75,45.462100982666016,46.841487884521484,130.6317138671875,108.61265563964844,111.23009490966797,0.0008981224382296205,0.05719803273677826,21.01134490966797,0.720646858215332,-0.21198415756225586,0.0,0.0
1925,481,45.16635513305664,46.78765106201172,132.0613250732422,108.609130859375,111.47108459472656,0.000894937023986131,0.05719010531902313,21.01142120361328,0.720646858215332,-0.23153936862945557,0.0,0.0
1926,481.25,45.43915557861328,47.17580032348633,132.60020446777344,108.6078109741211,111.61380004882812,0.0008920701802708209,0.05716846510767937,21.011489868164062,0.7106378078460693,-0.24303750693798065,0.0,0.0
1927,481.5,45.39532470703125,47.00893783569336,128.85633850097656,108.60648345947266,111.97281646728516,0.0008894900092855096,0.05714898928999901,21.011550903320312,0.720646858215332,-0.2717347741127014,0.0,0.0
1928,481.75,45.5542106628418,47.85520553588867,130.5340118408203,108.61486053466797,111.06959533691406,0.0008871678146533668,0.057131461799144745,21.011606216430664,0.720646858215332,-0.19894911348819733,0.0,0.0
1929,482,45.09221649169922,47.29010009765625,132.69943237304688,108.5998764038086,111.068115234375,0.0008850778685882688,0.05711568519473076,21.011655807495117,0.720646858215332,-0.20005878806114197,0.0,0.0
1930,482.25,45.323638916015625,47.1123046875,138.07058715820312,108.609130859375,111.69429779052734,0.0008670819224789739,0.057094234973192215,21.011701583862305,0.720646858215332,-0.24934707581996918,0.0,0.0
1931,482.5,45.36496353149414,47.64107894897461,131.1614227294922,108.61177825927734,111.60491180419922,0.0008508855826221406,0.05705755576491356,21.011741638183594,0.720646858215332,-0.2420031577348709,0.0,0.0
1932,482.75,45.311241149902344,47.282222747802734,131.61328125,108.62191009521484,111.34071350097656,0.0008363088709302247,0.05705755576491356,21.011777877807617,0.7106378078460693,-0.22007454931735992,0.0,0.0
1933,483,45.391876220703125,47.4086799621582,130.20809936523438,108.60604858398438,111.01675415039062,0.0008231898536905646,0.057041920721530914,21.011810302734375,0.7106378078460693,-0.19543541967868805,0.0,0.0
1934,483.25,45.73845291137695,47.488037109375,128.63345336914062,108.60428619384766,111.61725616455078,0.0008113827207125723,0.057027850300073624,21.011838912963867,0.7106378078460693,-0.24360190331935883,0.0,0.0
1935,483.5,45.58363723754883,47.2015266418457,132.9558868408203,108.6258773803711,112.06565856933594,0.0008007563301362097,0.057007934898138046,21.011865615844727,0.7106378078460693,-0.27752330899238586,0.0,0.0
1936,483.75,45.62296676635742,47.178565979003906,129.42344665527344,108.6011962890625,112.60244750976562,0.0007743561873212457,0.05699000880122185,21.011890411376953,0.720646858215332,-0.3220844566822052,0.0,0.0
1937,484,45.444061279296875,47.604496002197266,128.16404724121094,108.59943389892578,112.17182922363281,0.0007505960529670119,0.05697387829422951,21.011911392211914,0.73065584897995,-0.288120299577713,0.0,0.0
1938,484.25,45.546417236328125,47.367393493652344,127.78775024414062,108.60736846923828,111.99652099609375,0.000729211897123605,0.0569593608379364,21.011930465698242,0.720646858215332,-0.2735462188720703,0.0,0.0
1939,484.5,45.569313049316406,47.52509307861328,129.9714813232422,108.61397552490234,111.27157592773438,0.0007099661743268371,0.056902796030044556,21.011947631835938,0.73065584897995,-0.2151956409215927,0.0,0.0
1940,484.75,45.16483688354492,47.35832977294922,130.36074829101562,108.60163879394531,111.65084075927734,0.0006862085429020226,0.056851889938116074,21.011962890625,0.73065584897995,-0.24649693071842194,0.0,0.0
1941,485,45.39487075805664,46.818817138671875,129.76158142089844,108.61309814453125,111.25577545166016,0.0006648266571573913,0.05680607259273529,21.01238250732422,0.73065584897995,-0.2140030860900879,0.0,0.0
1942,485.25,45.68217086791992,47.25252151489258,131.12173461914062,108.60648345947266,111.28096008300781,0.0006455829716287553,0.056764837354421616,21.012760162353516,0.73065584897995,-0.21656012535095215,0.0,0.0
1943,485.5,45.5688362121582,47.36903762817383,127.54121398925781,108.60736846923828,110.88935089111328,0.0006282636313699186,0.05672772601246834,21.013099670410156,0.720646858215332,-0.18510529398918152,0.0,0.0
1944,485.75,45.94111251831055,47.629695892333984,129.56541442871094,108.60957336425781,111.37922668457031,0.0006126762600615621,0.05669432505965233,21.013404846191406,0.720646858215332,-0.22416439652442932,0.0,0.0
1945,486,45.59101486206055,47.816402435302734,130.29815673828125,108.6003189086914,111.23009490966797,0.0005986475734971464,0.05666426569223404,21.01367950439453,0.720646858215332,-0.2129954695701599,0.0,0.0
1946,486.25,45.55714416503906,47.376407623291016,129.2646942138672,108.61486053466797,111.79454040527344,0.0005860218079760671,0.0566299632191658,21.013927459716797,0.720646858215332,-0.25686368346214294,0.0,0.0
1947,486.5,45.5146598815918,47.72389602661133,131.57054138183594,108.61573791503906,111.09477996826172,0.0005746585666202009,0.05659908801317215,21.014150619506836,0.7106378078460693,-0.20089560747146606,0.0,0.0
1948,486.75,45.82000732421875,47.13528823852539,133.04136657714844,108.60957336425781,111.12984466552734,0.0005644316552206874,0.05657130107283592,21.01435089111328,0.7106378078460693,-0.20421002805233002,0.0,0.0
1949,487,45.87135696411133,47.41185760498047,130.08291625976562,108.60208129882812,111.64688873291016,0.0005552274524234235,0.05654629319906235,21.0145320892334,0.6906198859214783,-0.24614565074443817,0.0,0.0
1950,487.25,45.03541946411133,47.48548126220703,129.54405212402344,108.6025161743164,111.62071228027344,0.0005469436873681843,0.05651010945439339,21.014694213867188,0.7006288170814514,-0.2440229058265686,0.0,0.0
1951,487.5,45.561767578125,47.39457702636719,135.2281494140625,108.61486053466797,111.42071533203125,0.0005394882755354047,0.05647754296660423,21.014841079711914,0.7106378078460693,-0.22704660892486572,0.0,0.0
1952,487.75,45.7021598815918,47.18058776855469,129.17233276367188,108.609130859375,111.3179931640625,0.0005327783874236047,0.05644823610782623,21.014972686767578,0.7106378078460693,-0.21930499374866486,0.0,0.0
1953,488,45.517852783203125,47.30181884765625,130.7507781982422,108.6011962890625,111.5352783203125,0.0005267395172268152,0.056421857327222824,21.015090942382812,0.720646858215332,-0.23731492459774017,0.0,0.0
1954,488.25,45.28773498535156,47.59213638305664,130.80955505371094,108.60295867919922,111.3486099243164,0.0005213045515120029,0.05640536546707153,21.01519775390625,0.7106378078460693,-0.222259059548378,0.0,0.0
1955,488.5,45.597991943359375,47.50188064575195,129.01280212402344,108.609130859375,111.53132629394531,0.0005164130707271397,0.05639052391052246,21.01529312133789,0.7106378078460693,-0.23634880781173706,0.0,0.0
1956,488.75,45.228450775146484,47.445552825927734,132.81773376464844,108.5998764038086,110.79255676269531,0.0005120107089169323,0.056377165019512177,21.015378952026367,0.7106378078460693,-0.17794570326805115,0.0,0.0
1957,489,45.70711135864258,47.338191986083984,132.56890869140625,108.6078109741211,111.01083374023438,0.0005080486298538744,0.05636514350771904,21.015457153320312,0.7106378078460693,-0.19481605291366577,0.0,0.0
1958,489.25,45.61882400512695,47.82341384887695,132.4032745361328,108.60692596435547,111.58219146728516,0.0005115632666274905,0.05635432153940201,21.015527725219727,0.7106378078460693,-0.24058841168880463,0.0,0.0
1959,489.5,45.702999114990234,47.342987060546875,128.212890625,108.6100082397461,111.14663696289062,0.0005147264455445111,0.05633733421564102,21.01559066772461,0.720646858215332,-0.2055196315050125,0.0,0.0
1960,489.75,45.609718322753906,47.48692321777344,131.2850799560547,108.59635162353516,111.654296875,0.0005175733240321279,0.056322045624256134,21.015647888183594,0.7106378078460693,-0.24720612168312073,0.0,0.0
1961,490,45.45457077026367,47.626869201660156,126.0390853881836,108.6025161743164,111.50318145751953,0.0005201355088502169,0.056308288127183914,21.01569938659668,0.7106378078460693,-0.2346445769071579,0.0,0.0
1962,490.25,45.946414947509766,47.211181640625,129.6875457763672,108.60340118408203,111.23404693603516,0.000527592608705163,0.05629590526223183,21.015745162963867,0.7106378078460693,-0.21305903792381287,0.0,0.0
1963,490.5,45.609130859375,47.0936164855957,131.0774688720703,108.61397552490234,111.86614990234375,0.0005343040102161467,0.05628475919365883,21.01578712463379,0.720646858215332,-0.2626360058784485,0.0,0.0
1964,490.75,45.77146911621094,47.20982360839844,129.4257354736328,108.61309814453125,111.93281555175781,0.0005403442773967981,0.05627473071217537,21.015823364257812,0.7106378078460693,-0.26801177859306335,0.0,0.0
1965,491,45.67483139038086,47.169620513916016,131.17288208007812,108.60208129882812,111.67552947998047,0.0005457804654724896,0.056265704333782196,21.01585578918457,0.7106378078460693,-0.2484292984008789,0.0,0.0
1966,491.25,45.340518951416016,46.99872970581055,132.6429443359375,108.60516357421875,111.42960357666016,0.0005558252451010048,0.05625757947564125,21.015886306762695,0.720646858215332,-0.22855119407176971,0.0,0.0
1967,491.5,45.82069778442383,47.282711029052734,131.68807983398438,108.61882781982422,110.99453735351562,0.0005648655351251364,0.05625026673078537,21.015913009643555,0.73065584897995,-0.19260628521442413,0.0,0.0
1968,491.75,45.880245208740234,47.83113479614258,128.85633850097656,108.60648345947266,111.26712799072266,0.0005730018019676208,0.05624368414282799,21.01593780517578,0.720646858215332,-0.2154538333415985,0.0,0.0
1969,492,45.919227600097656,47.633018493652344,128.05032348632812,108.6100082397461,111.30071258544922,0.0005803244421258569,0.05623776093125343,21.015958786010742,0.720646858215332,-0.2178514152765274,0.0,0.0
1970,492.25,45.5658073425293,47.55270767211914,130.23634338378906,108.60868835449219,110.93428802490234,0.0005888476734980941,0.056232430040836334,21.01597785949707,0.720646858215332,-0.18860407173633575,0.0,0.0
1971,492.5,45.49395751953125,47.230533599853516,129.05401611328125,108.61309814453125,112.05973052978516,0.0005965185700915754,0.056227631866931915,21.0162296295166,0.7006288170814514,-0.27809974551200867,0.0,0.0
1972,492.75,44.996009826660156,47.76470947265625,131.0889129638672,108.61089324951172,111.84194946289062,0.000603422406129539,0.056223314255476,21.016454696655273,0.7106378078460693,-0.2609628140926361,0.0,0.0
1973,493,45.459346771240234,47.08629608154297,129.0563201904297,108.60692596435547,111.41281127929688,0.000609635841101408,0.0562194287776947,21.016658782958984,0.720646858215332,-0.2270651012659073,0.0,0.0
1974,493.25,45.418365478515625,47.49439239501953,127.26719665527344,108.61397552490234,111.79849243164062,0.0006189723499119282,0.056215930730104446,21.017005920410156,0.720646858215332,-0.2572508454322815,0.0,0.0
1975,493.5,45.724449157714844,47.27846908569336,132.23764038085938,108.6100082397461,111.84442138671875,0.0006223423406481743,0.056212782859802246,21.017154693603516,0.7106378078460693,-0.2612321674823761,0.0,0.0
1976,493.75,45.75905990600586,47.14701843261719,127.1794204711914,108.62059020996094,111.34960174560547,0.0006223423406481743,0.056209951639175415,21.017288208007812,0.7106378078460693,-0.22089314460754395,0.0,0.0
1977,494,45.29813766479492,47.47663116455078,128.5014190673828,108.61221313476562,111.3634262084961,0.0006253753090277314,0.05622190237045288,21.017288208007812,0.7006288170814514,-0.22268502414226532,0.0,0.0
1978,494.25,45.52058029174805,47.303070068359375,131.7209014892578,108.62103271484375,112.63553619384766,0.0006281049572862685,0.05623265728354454,21.01740837097168,0.7106378078460693,-0.32307422161102295,0.0,0.0
1979,494.5,45.372928619384766,46.87101745605469,129.61961364746094,108.6183853149414,112.36688995361328,0.0006231587030924857,0.056242335587739944,21.017614364624023,0.720646858215332,-0.3020336925983429,0.0,0.0
1980,494.75,45.534942626953125,47.36334228515625,130.4065399169922,108.61089324951172,111.82565307617188,0.0006231587030924857,0.05625104531645775,21.017614364624023,0.7006288170814514,-0.2596657872200012,0.0,0.0
1981,495,45.43972396850586,47.02223587036133,134.63966369628906,108.6183853149414,111.3698501586914,0.0006164960796013474,0.05621539428830147,21.01738166809082,0.7106378078460693,-0.22269263863563538,0.0,0.0
1982,495.25,45.69691848754883,47.5621452331543,126.04824829101562,108.62146759033203,111.16293334960938,0.0006051029777154326,0.056183308362960815,21.016986846923828,0.720646858215332,-0.2058856189250946,0.0,0.0
1983,495.5,45.97561264038086,47.45225524902344,128.3838653564453,108.63468933105469,111.26860809326172,0.0006002458976581693,0.05615442991256714,21.016817092895508,0.7006288170814514,-0.21326012909412384,0.0,0.0
1984,495.75,45.4690055847168,47.300479888916016,130.49966430664062,108.61486053466797,111.04095458984375,0.0006002458976581693,0.05612843856215477,21.016817092895508,0.6906198859214783,-0.19665317237377167,0.0,0.0
1985,496,45.828697204589844,47.16769027709961,127.20536804199219,108.61089324951172,111.56391906738281,0.0005830019945278764,0.05611954256892204,21.016664505004883,0.6906198859214783,-0.23880545794963837,0.0,0.0
1986,496.25,45.690284729003906,47.57476043701172,127.58013916015625,108.63116455078125,111.78170013427734,0.000567482493352145,0.05610433220863342,21.016759872436523,0.6906198859214783,-0.2545046806335449,0.0,0.0
1987,496.5,45.51556396484375,47.472923278808594,131.88653564453125,108.62543487548828,111.54170227050781,0.0005409441073425114,0.0560978464782238,21.016923904418945,0.7006288170814514,-0.23584099113941193,0.0,0.0
1988,496.75,45.5926628112793,47.3409423828125,130.9759521484375,108.62411499023438,111.46713256835938,0.0005409441073425114,0.0560978464782238,21.016923904418945,0.6906198859214783,-0.22999562323093414,0.0,0.0
1989,497,44.96879577636719,47.73455047607422,130.78207397460938,108.62191009521484,111.06515502929688,0.0005238409503363073,0.05609200894832611,21.01699447631836,0.6806108951568604,-0.19801537692546844,0.0,0.0
1990,497.25,45.168087005615234,47.683109283447266,127.6366195678711,108.61970520019531,111.66071319580078,0.0005084481090307236,0.05610809102654457,21.017057418823242,0.6806108951568604,-0.24580363929271698,0.0,0.0
1991,497.5,45.76732635498047,47.54500198364258,127.1649169921875,108.6263198852539,110.89330291748047,0.0004945945693179965,0.056135594844818115,21.017114639282227,0.6706019043922424,-0.1838691085577011,0.0,0.0
1992,497.75,45.63795471191406,47.4202766418457,124.6216812133789,108.63998413085938,111.9130630493164,0.00048212637193500996,0.056135594844818115,21.017166137695312,0.6806108951568604,-0.26423734426498413,0.0,0.0
1993,498,45.26837158203125,47.432037353515625,131.88348388671875,108.62411499023438,111.87899017333984,0.0004702615551650524,0.056147318333387375,21.0172119140625,0.6906198859214783,-0.2628272771835327,0.0,0.0
1994,498.25,45.228477478027344,46.82306671142578,133.04672241210938,108.64570617675781,111.27355194091797,0.00045958321425132453,0.05618186667561531,21.017253875732422,0.6906198859214783,-0.2127530872821808,0.0,0.0
1995,498.5,45.499088287353516,47.43418884277344,129.09371948242188,108.64218139648438,111.24095916748047,0.00044997272198088467,0.056203462183475494,21.017290115356445,0.6906198859214783,-0.21043400466442108,0.0,0.0
1996,498.75,45.46055603027344,47.42090606689453,129.33949279785156,108.6263198852539,111.58614349365234,0.0004413232672959566,0.056203462183475494,21.017322540283203,0.7006288170814514,-0.23931452631950378,0.0,0.0
1997,499,45.25807571411133,47.651405334472656,126.10320281982422,108.64041900634766,111.65577697753906,0.0004335387493483722,0.05622289702296257,21.017120361328125,0.6906198859214783,-0.24371260404586792,0.0,0.0
1998,499.25,45.135009765625,47.17287826538086,128.53269958496094,108.6611328125,111.32244110107422,0.00042653270065784454,0.05624038726091385,21.016937255859375,0.6906198859214783,-0.21539947390556335,0.0,0.0
1999,499.5,45.52443313598633,47.36614227294922,129.5738067626953,108.64967346191406,111.8266372680664,0.00042022723937407136,0.056255802512168884,21.016773223876953,0.7106378078460693,-0.25656601786613464,0.0,0.0
2000,499.75,44.92506408691406,47.364952087402344,130.75765991210938,108.64350891113281,111.52886199951172,0.000424846017267555,0.056255802512168884,21.016626358032227,0.720646858215332,-0.23333504796028137,0.0,0.0
2001,500,45.84531021118164,47.679161071777344,126.43141174316406,108.6351318359375,111.3481216430664,0.0004290029173716903,0.056255508214235306,21.016706466674805,0.720646858215332,-0.2195834368467331,0.0,0.0
2002,500.25,45.56172180175781,47.66415786743164,131.19577026367188,108.64967346191406,111.61231994628906,0.000432744127465412,0.056255239993333817,21.01677703857422,0.720646858215332,-0.23948894441127777,0.0,0.0
2003,500.5,45.301334381103516,47.501949310302734,131.43544006347656,108.65716552734375,112.51898956298828,0.0004393292765598744,0.056255001574754715,21.016841888427734,0.7006288170814514,-0.310897558927536,0.0,0.0
2004,500.75,45.083717346191406,47.36768341064453,132.2796173095703,108.6443862915039,111.6567611694336,0.0004393292765598744,0.056276533752679825,21.016841888427734,0.7006288170814514,-0.24346612393856049,0.0,0.0
2005,501,45.69867706298828,47.3504638671875,129.05172729492188,108.66510009765625,111.27552795410156,0.00044525592238642275,0.056295912712812424,21.017131805419922,0.7006288170814514,-0.2113223373889923,0.0,0.0
2006,501.25,45.36133575439453,47.45518493652344,127.44580078125,108.65760803222656,111.99652099609375,0.000455390487331897,0.05631335452198982,21.017627716064453,0.7006288170814514,-0.2694292366504669,0.0,0.0
2007,501.5,45.46687698364258,47.40790939331055,131.3201904296875,108.65849304199219,112.35701751708984,0.000455390487331897,0.05632904917001724,21.017627716064453,0.7106378078460693,-0.2979649603366852,0.0,0.0
2008,501.75,45.14963912963867,47.55644989013672,132.32923889160156,108.66289520263672,111.73330688476562,0.00045971100917086005,0.05634317547082901,21.017839431762695,0.7006288170814514,-0.24805010855197906,0.0,0.0
2009,502,45.35191345214844,47.25754928588867,128.50904846191406,108.66995239257812,111.35108184814453,0.00046295596985146403,0.05635588988661766,21.018030166625977,0.6806108951568604,-0.21696734428405762,0.0,0.0
2010,502.25,45.69600296020508,46.97435760498047,127.50991821289062,108.66422271728516,111.25577545166016,0.00046587642282247543,0.056389082223176956,21.017969131469727,0.6806108951568604,-0.2098141312599182,0.0,0.0
2011,502.5,45.47643280029297,47.3137321472168,129.2578125,108.65716552734375,111.53034210205078,0.0004685048188548535,0.05641895532608032,21.017913818359375,0.6806108951568604,-0.2323339581489563,0.0,0.0
2012,502.75,45.525394439697266,47.132938385009766,128.7532958984375,108.67611694335938,112.38615417480469,0.0004708703781943768,0.05644584074616432,21.017864227294922,0.6605929732322693,-0.2988291382789612,0.0,0.0
2013,503,45.14125061035156,47.109439849853516,132.5444793701172,108.66554260253906,111.94268798828125,0.0004729993815999478,0.05647003650665283,21.017820358276367,0.6706019043922424,-0.2644991874694824,0.0,0.0
2014,503.25,45.43928909301758,47.47966003417969,130.22869873046875,108.67964172363281,111.13675689697266,0.0004792141553480178,0.05649181455373764,21.017744064331055,0.6706019043922424,-0.19902236759662628,0.0,0.0
2015,503.5,45.64165496826172,47.55727005004883,131.6232147216797,108.6690673828125,111.40787506103516,0.0004792141553480178,0.05651141330599785,21.017744064331055,0.6706019043922424,-0.22157904505729675,0.0,0.0
2016,503.75,45.45782470703125,47.36922836303711,130.9622039794922,108.6703872680664,111.1352767944336,0.0004830829566344619,0.05651141330599785,21.017711639404297,0.6706019043922424,-0.19966211915016174,0.0,0.0
2017,504,45.33797073364258,47.53110885620117,129.08990478515625,108.6677474975586,110.95305633544922,0.0004865648807026446,0.056529052555561066,21.017683029174805,0.6605929732322693,-0.1852705329656601,0.0,0.0
2018,504.25,45.25407791137695,47.42068099975586,130.1050567626953,108.69110107421875,112.08738708496094,0.0004896986065432429,0.05655921250581741,21.017656326293945,0.6706019043922424,-0.2739051580429077,0.0,0.0
2019,504.5,45.50672912597656,47.69957733154297,128.87770080566406,108.66510009765625,111.93133544921875,0.0004925190005451441,0.05655921250581741,21.01763343811035,0.6706019043922424,-0.2636328339576721,0.0,0.0
2020,504.75,45.303993225097656,47.3134651184082,129.8203582763672,108.67611694335938,111.99059295654297,0.0005053592612966895,0.056572072207927704,21.01761245727539,0.6806108951568604,-0.2674420177936554,0.0,0.0
2021,505,45.37882995605469,47.55116653442383,129.05555725097656,108.67655944824219,111.90318298339844,0.0005169155192561448,0.056583646684885025,21.017593383789062,0.6806108951568604,-0.2604546546936035,0.0,0.0
2022,505.25,45.60438919067383,47.37929153442383,130.28671264648438,108.68933868408203,112.31997680664062,0.0005273161805234849,0.056594062596559525,21.017576217651367,0.7006288170814514,-0.2925030589103699,0.0,0.0
2023,505.5,45.08771896362305,47.34794998168945,127.62059020996094,108.6858139038086,111.40885925292969,0.0005366767290979624,0.056603435426950455,21.017560958862305,0.7006288170814514,-0.2202855795621872,0.0,0.0
2024,505.75,45.379425048828125,47.009361267089844,132.77880859375,108.68846130371094,111.00836181640625,0.0005547644686885178,0.05661912262439728,21.017547607421875,0.7006288170814514,-0.18800956010818481,0.0,0.0
2025,506,45.703765869140625,47.18809127807617,129.9974365234375,108.69815826416016,111.70367431640625,0.0005710434052161872,0.05663324147462845,21.017534255981445,0.7006288170814514,-0.24280032515525818,0.0,0.0
2026,506.25,45.07120132446289,47.448570251464844,132.61622619628906,108.70124053955078,111.7520751953125,0.0005856944480910897,0.05665738508105278,21.01752281188965,0.7106378078460693,-0.24640421569347382,0.0,0.0
2027,506.5,45.644657135009766,47.48025131225586,129.73944091796875,108.7016830444336,111.65084075927734,0.0005988804041408002,0.05665738508105278,21.017513275146484,0.720646858215332,-0.23830020427703857,0.0,0.0
2028,506.75,45.4622802734375,47.21810531616211,130.69125366210938,108.69066619873047,111.84342956542969,0.0006146144005469978,0.05666767805814743,21.01750373840332,0.7006288170814514,-0.2545444965362549,0.0,0.0
2029,507,44.93098068237305,47.43156433105469,129.92568969726562,108.69903564453125,111.6458969116211,0.0006287749856710434,0.056676942855119705,21.01749610900879,0.6906198859214783,-0.2381231039762497,0.0,0.0
2030,507.25,45.219112396240234,47.88505554199219,129.59518432617188,108.71798706054688,111.56046295166016,0.0006415195530280471,0.05667077749967575,21.017488479614258,0.7006288170814514,-0.22975657880306244,0.0,0.0
2031,507.5,45.32738494873047,47.20639419555664,128.8731231689453,108.69992065429688,111.7431869506836,0.0006529896636493504,0.05666523054242134,21.017480850219727,0.6906198859214783,-0.24580472707748413,0.0,0.0
2032,507.75,45.38836669921875,47.93842697143555,130.0264434814453,108.69771575927734,111.74861907958984,0.0006613793084397912,0.0566602386534214,21.017475128173828,0.7006288170814514,-0.2464178502559662,0.0,0.0
2033,508,45.814796447753906,47.21012878417969,130.51417541503906,108.71138000488281,110.81428527832031,0.0006689300062134862,0.05665574595332146,21.01746940612793,0.6906198859214783,-0.17055600881576538,0.0,0.0
2034,508.25,45.480281829833984,47.23310470581055,130.64697265625,108.71930694580078,111.14021301269531,0.0006757256342098117,0.056637201458215714,21.01746368408203,0.7006288170814514,-0.19605104625225067,0.0,0.0
2035,508.5,46.07499313354492,47.517459869384766,127.92742919921875,108.70784759521484,111.73478698730469,0.0006818416877649724,0.056620512157678604,21.017459869384766,0.7006288170814514,-0.24448591470718384,0.0,0.0
2036,508.75,45.331356048583984,46.99251174926758,130.8813018798828,108.7118148803711,111.63355255126953,0.000678970362059772,0.056605491787195206,21.0174560546875,0.7006288170814514,-0.23609216511249542,0.0,0.0
2037,509,45.522769927978516,47.59414291381836,130.16458129882812,108.71490478515625,111.45626831054688,0.0006763861747458577,0.05659197270870209,21.017452239990234,0.7006288170814514,-0.2216905802488327,0.0,0.0
2038,509.25,46.06272888183594,47.21620178222656,126.50010681152344,108.72371673583984,111.79701232910156,0.0006740604294463992,0.056565310806035995,21.01744842529297,0.7106378078460693,-0.24814286828041077,0.0,0.0
2039,509.5,45.481624603271484,47.28780746459961,131.28126525878906,108.71666717529297,111.58466339111328,0.00067196722375229,0.056541312485933304,21.017444610595703,0.7006288170814514,-0.23179534077644348,0.0,0.0
2040,509.75,44.95127868652344,47.22509002685547,129.68678283691406,108.72415924072266,110.90465545654297,0.0006700833328068256,0.05651971325278282,21.01744270324707,0.7006288170814514,-0.17676624655723572,0.0,0.0
2041,510,45.63467025756836,47.39922332763672,130.56912231445312,108.72460174560547,111.6656494140625,0.0006574401049874723,0.05650027468800545,21.017440795898438,0.6906198859214783,-0.2376042902469635,0.0,0.0
2042,510.25,45.7487907409668,47.65987777709961,131.3232421875,108.73473358154297,112.08787536621094,0.0006460612057708204,0.05649003013968468,21.017438888549805,0.6706019043922424,-0.27037107944488525,0.0,0.0
2043,510.5,45.28071212768555,47.478477478027344,128.56552124023438,108.72988891601562,112.21281433105469,0.0006358202081173658,0.056480810046195984,21.017436981201172,0.6806108951568604,-0.280685156583786,0.0,0.0
2044,510.75,45.175907135009766,46.99733352661133,126.28180694580078,108.73076629638672,111.676513671875,0.0006358202081173658,0.05647251009941101,21.017436981201172,0.6806108951568604,-0.23796559870243073,0.0,0.0
2045,511,45.469520568847656,47.75586700439453,130.24778747558594,108.74663543701172,112.38911437988281,0.0006266033160500228,0.056465040892362595,21.01743507385254,0.6806108951568604,-0.2932894229888916,0.0,0.0
2046,511.25,45.630985260009766,47.745121002197266,128.75253295898438,108.744873046875,111.21379852294922,0.0006157332099974155,0.056494567543268204,21.017433166503906,0.6806108951568604,-0.19984987378120422,0.0,0.0
2047,511.5,45.79991912841797,47.41459274291992,126.87715911865234,108.74266815185547,111.72491455078125,0.0006059501320123672,0.05652114376425743,21.017431259155273,0.6906198859214783,-0.24084843695163727,0.0,0.0
2048,511.75,45.87344741821289,47.63760757446289,133.39859008789062,108.74663543701172,111.30762481689453,0.0005971453501842916,0.056545060127973557,21.01742935180664,0.7006288170814514,-0.20721286535263062,0.0,0.0
2049,512,45.788902282714844,47.75475311279297,131.17898559570312,108.7550048828125,112.26911163330078,0.0005892210174351931,0.05656658485531807,21.017427444458008,0.7006288170814514,-0.28309381008148193,0.0,0.0
2050,512.25,45.300804138183594,47.46731948852539,130.9538116455078,108.76602172851562,112.9382553100586,0.0005814455798827112,0.05658595636487007,21.017427444458008,0.7006288170814514,-0.33509236574172974,0.0,0.0
2051,512.5,45.909786224365234,47.644351959228516,131.75906372070312,108.75985717773438,113.37825775146484,0.0005744476802647114,0.0566323958337307,21.017427444458008,0.6906198859214783,-0.37021172046661377,0.0,0.0
2052,512.75,45.92144775390625,47.55369567871094,125.92153930664062,108.75852966308594,112.43948364257812,0.0005681495531462133,0.05667418986558914,21.017427444458008,0.7106378078460693,-0.296304315328598,0.0,0.0
2053,513,45.634552001953125,47.32643508911133,131.64915466308594,108.7642593383789,112.17232513427734,0.0005624812329187989,0.05671180412173271,21.017427444458008,0.7006288170814514,-0.2746586799621582,0.0,0.0
2054,513.25,45.62162399291992,47.617225646972656,130.79124450683594,108.76779174804688,111.60540771484375,0.0005554491654038429,0.056745659559965134,21.017427444458008,0.7106378078460693,-0.22926492989063263,0.0,0.0
2055,513.5,45.28425216674805,47.511573791503906,132.19871520996094,108.7642593383789,111.45182037353516,0.0005491203046403825,0.056776128709316254,21.017192840576172,0.720646858215332,-0.21729521453380585,0.0,0.0
2056,513.75,45.65426254272461,47.54318618774414,131.45452880859375,108.7796859741211,111.8197250366211,0.0005434243357740343,0.056776128709316254,21.016983032226562,0.73065584897995,-0.24537000060081482,0.0,0.0
2057,514,45.58034133911133,47.450164794921875,127.97628021240234,108.7796859741211,111.72491455078125,0.0005382979288697243,0.056818053126335144,21.016794204711914,0.7406647801399231,-0.23781846463680267,0.0,0.0
2058,514.25,45.23078918457031,47.63311004638672,124.86211395263672,108.77880859375,111.4913330078125,0.0005336842150427401,0.056855782866477966,21.016624450683594,0.7406647801399231,-0.2192598432302475,0.0,0.0
2059,514.5,45.15610885620117,47.37481689453125,128.9418182373047,108.76911163330078,112.17528533935547,0.0005250271642580628,0.05688973888754845,21.01647186279297,0.73065584897995,-0.2744967043399811,0.0,0.0
2060,514.75,45.16792297363281,47.262149810791016,130.87062072753906,108.79422760009766,111.77281188964844,0.0005172357778064907,0.05692030116915703,21.016334533691406,0.7406647801399231,-0.24044449627399445,0.0,0.0
2061,515,45.60025405883789,47.504112243652344,129.22117614746094,108.79511260986328,112.1777572631836,0.0005102235591039062,0.056940555572509766,21.016210556030273,0.750673770904541,-0.27256521582603455,0.0,0.0
2062,515.25,45.91651153564453,47.56364440917969,128.5601806640625,108.7880630493164,111.285400390625,0.0005039125680923462,0.05695878714323044,21.016098022460938,0.7406647801399231,-0.20204460620880127,0.0,0.0
2063,515.5,45.85506820678711,47.43707275390625,128.2380828857422,108.79335021972656,111.1026840209961,0.00049823266454041,0.056975193321704865,21.0159969329834,0.7406647801399231,-0.18698373436927795,0.0,0.0
2064,515.75,45.78522872924805,47.71848678588867,126.3772201538086,108.79511260986328,111.74515533447266,0.0004911900614388287,0.05698996037244797,21.015905380249023,0.73065584897995,-0.2381688803434372,0.0,0.0
2065,516,45.28544616699219,47.514320373535156,128.218994140625,108.8056869506836,111.01626586914062,0.00048485174193046987,0.057032257318496704,21.015823364257812,0.720646858215332,-0.1790473461151123,0.0,0.0
2066,516.25,45.814369201660156,47.374202728271484,129.33338928222656,108.796875,110.73527526855469,0.0004791472456417978,0.05707032233476639,21.015750885009766,0.720646858215332,-0.15720826387405396,0.0,0.0
2067,516.5,45.51770782470703,47.5520133972168,134.306884765625,108.79422760009766,111.6523208618164,0.00047401318443007767,0.057104580104351044,21.015684127807617,0.73065584897995,-0.23084287345409393,0.0,0.0
2068,516.75,45.01488494873047,47.46207046508789,133.56268310546875,108.80128479003906,111.84688568115234,0.0004693925438914448,0.05713541433215141,21.015625,0.720646858215332,-0.2457643747329712,0.0,0.0
2069,517,46.03249740600586,47.89571762084961,129.29827880859375,108.81009674072266,111.20491027832031,0.00047038201591931283,0.05715591460466385,21.01557159423828,0.7106378078460693,-0.19380083680152893,0.0,0.0
2070,517.25,45.618431091308594,47.92377471923828,127.47404479980469,108.79643249511719,112.1777572631836,0.00047127253492362797,0.05717436224222183,21.01552391052246,0.7106378078460693,-0.27245691418647766,0.0,0.0
2071,517.5,45.36835479736328,47.580604553222656,129.25323486328125,108.8061294555664,112.55899047851562,0.00047207402531057596,0.05719096586108208,21.015480041503906,0.7006288170814514,-0.30186572670936584,0.0,0.0
2072,517.75,45.14589309692383,47.33055877685547,130.56912231445312,108.80657196044922,112.31059265136719,0.0004727953637484461,0.057205911725759506,21.01544189453125,0.6906198859214783,-0.2821626663208008,0.0,0.0
2073,518,45.6052360534668,47.363914489746094,132.63302612304688,108.81803131103516,112.5254135131836,0.0004792376421391964,0.057219360023736954,21.01540756225586,0.7106378078460693,-0.29823601245880127,0.0,0.0
2074,518.25,45.84170913696289,47.45042419433594,131.05303955078125,108.82067108154297,112.3693618774414,0.00048503567813895643,0.05720971152186394,21.0153751373291,0.7106378078460693,-0.2856658399105072,0.0,0.0
2075,518.5,45.20723342895508,47.754791259765625,127.5007553100586,108.83698272705078,111.30317687988281,0.0004902539076283574,0.05720102787017822,21.01534652709961,0.7106378078460693,-0.19946405291557312,0.0,0.0
2076,518.75,46.11467742919922,47.527488708496094,130.68820190429688,108.81890869140625,111.94417572021484,0.0004949503345414996,0.05719321221113205,21.015321731567383,0.720646858215332,-0.2520627975463867,0.0,0.0
2077,519,45.31732940673828,47.51504135131836,130.13177490234375,108.83918762207031,111.60343170166016,0.0005023960256949067,0.05718617886304855,21.01529884338379,0.73065584897995,-0.2232660949230194,0.0,0.0
2078,519.25,45.335594177246094,47.68737030029297,130.73170471191406,108.83918762207031,111.49972534179688,0.0005090971244499087,0.05717984586954117,21.015277862548828,0.750673770904541,-0.21499015390872955,0.0,0.0
2079,519.5,45.521873474121094,47.5355339050293,133.123046875,108.82640075683594,111.77725982666016,0.0005151281366124749,0.057166896760463715,21.0152587890625,0.7606827616691589,-0.23816615343093872,0.0,0.0
2080,519.75,45.696983337402344,47.334007263183594,130.2531280517578,108.82640075683594,111.91454315185547,0.0005205560009926558,0.05715524032711983,21.015241622924805,0.7606827616691589,-0.24909281730651855,0.0,0.0
2081,520,45.326961517333984,47.772064208984375,130.8751983642578,108.848876953125,111.2291030883789,0.0005254410789348185,0.05714474990963936,21.015226364135742,0.7606827616691589,-0.19256506860256195,0.0,0.0
2082,520.25,45.38582229614258,47.36855697631836,130.2119140625,108.84358978271484,111.65972900390625,0.0005317694158293307,0.057135310024023056,21.015213012695312,0.7406647801399231,-0.22739550471305847,0.0,0.0
2083,520.5,45.31364440917969,47.272789001464844,129.80508422851562,108.84447479248047,111.50565338134766,0.0005374649190343916,0.057126812636852264,21.015201568603516,0.73065584897995,-0.21503092348575592,0.0,0.0
2084,520.75,45.54695129394531,47.447959899902344,129.37918090820312,108.85636901855469,112.27799987792969,0.0005425908602774143,0.05710466206073761,21.01519012451172,0.7106378078460693,-0.27550584077835083,0.0,0.0
2085,521,45.545570373535156,47.54587173461914,131.61251831054688,108.86033630371094,111.20391845703125,0.000547204224858433,0.05708472803235054,21.015180587768555,0.720646858215332,-0.18961216509342194,0.0,0.0
2086,521.25,45.20109558105469,47.59904479980469,129.5203857421875,108.8634262084961,112.22713470458984,0.0005577966221608222,0.05706678703427315,21.01517105102539,0.7106378078460693,-0.2708945572376251,0.0,0.0
2087,521.5,45.99041748046875,47.532264709472656,128.00527954101562,108.86033630371094,112.07257080078125,0.0005673298146575689,0.057050637900829315,21.01516342163086,0.7106378078460693,-0.25887858867645264,0.0,0.0
2088,521.75,45.52399826049805,47.01005935668945,125.25520324707031,108.8634262084961,111.95207214355469,0.0005759096820838749,0.057036105543375015,21.015155792236328,0.7106378078460693,-0.24904970824718475,0.0,0.0
2089,522,45.77505874633789,47.5527458190918,129.0143280029297,108.8740005493164,111.4918212890625,0.0005836315685883164,0.057023026049137115,21.01515007019043,0.720646858215332,-0.21151196956634521,0.0,0.0
2090,522.25,45.25349044799805,47.377193450927734,129.76234436035156,108.87973022460938,111.8370132446289,0.0005905812722630799,0.057011254131793976,21.01514434814453,0.720646858215332,-0.23856236040592194,0.0,0.0
2091,522.5,45.43758010864258,47.11347579956055,125.97726440429688,108.87091827392578,112.54615020751953,0.0005968359764665365,0.05700065940618515,21.015138626098633,0.720646858215332,-0.2955511808395386,0.0,0.0
2092,522.75,45.264869689941406,47.618247985839844,127.20842742919922,108.88237762451172,112.70121765136719,0.0006179308984428644,0.057012878358364105,21.015132904052734,0.720646858215332,-0.3068709373474121,0.0,0.0
2093,523,45.21730041503906,47.82706832885742,128.68307495117188,108.8907470703125,111.83651733398438,0.0006369163165800273,0.057023875415325165,21.01516342163086,0.7106378078460693,-0.23762226104736328,0.0,0.0
2094,523.25,45.76020812988281,47.86387252807617,130.7988739013672,108.8907470703125,111.36787414550781,0.0006540032336488366,0.05703377351164818,21.01519203186035,0.720646858215332,-0.2002405822277069,0.0,0.0
2095,523.5,45.851688385009766,47.85151672363281,130.70574951171875,108.89603424072266,111.87651824951172,0.000669381464831531,0.0570426806807518,21.015216827392578,0.7106378078460693,-0.2403736412525177,0.0,0.0
2096,523.75,45.54175567626953,47.9287223815918,129.940185546875,108.90132141113281,111.69725799560547,0.0006832218496128917,0.05703619495034218,21.015239715576172,0.73065584897995,-0.2256663292646408,0.0,0.0
2097,524,45.919349670410156,46.99740219116211,128.25717163085938,108.91410827636719,111.30960083007812,0.0006956781726330519,0.05703035742044449,21.015260696411133,0.73065584897995,-0.1936717927455902,0.0,0.0
2098,524.25,45.884239196777344,47.84550094604492,129.21583557128906,108.90837860107422,111.9259033203125,0.0007081783842295408,0.05702510476112366,21.01527976989746,0.720646858215332,-0.24329325556755066,0.0,0.0
2099,524.5,45.69585418701172,47.205421447753906,130.01193237304688,108.90441131591797,111.4394760131836,0.0007194285863079131,0.05702037736773491,21.015296936035156,0.7406647801399231,-0.20484526455402374,0.0,0.0
2100,524.75,45.63981628417969,47.71108627319336,131.0866241455078,108.91631317138672,111.73380279541016,0.0007295538089238107,0.057016123086214066,21.01531219482422,0.73065584897995,-0.2273530513048172,0.0,0.0
2101,525,45.56117630004883,47.40436935424805,130.296630859375,108.9260025024414,111.654296875,0.0007386665092781186,0.05701229348778725,21.01532554626465,0.73065584897995,-0.22022466361522675,0.0,0.0
2102,525.25,45.670928955078125,47.743614196777344,129.56922912597656,108.92292022705078,111.60145568847656,0.0007378438021987677,0.05699434503912926,21.015336990356445,0.7406647801399231,-0.21626220643520355,0.0,0.0
2103,525.5,45.61560821533203,47.56245803833008,131.12783813476562,108.92864990234375,111.96392822265625,0.0007371034007519484,0.056978192180395126,21.015348434448242,0.73065584897995,-0.24466043710708618,0.0,0.0
2104,525.75,45.88222885131836,47.40790557861328,131.59878540039062,108.93658447265625,111.92244720458984,0.000736437039449811,0.05696365609765053,21.015357971191406,0.720646858215332,-0.24071326851844788,0.0,0.0
2105,526,45.84813690185547,47.474632263183594,126.92295837402344,108.94098663330078,112.16787719726562,0.0007358372677117586,0.05695057287812233,21.01536750793457,0.73065584897995,-0.25985315442085266,0.0,0.0
2106,526.25,45.86800003051758,47.801143646240234,131.25225830078125,108.93085479736328,112.10269165039062,0.000735297508072108,0.05693879723548889,21.0153751373291,0.73065584897995,-0.25550606846809387,0.0,0.0
2107,526.5,45.04003143310547,47.33306121826172,128.75482177734375,108.94539642333984,112.33133697509766,0.0007270806236192584,0.05692819878458977,21.015382766723633,0.7406647801399231,-0.2724558115005493,0.0,0.0
2108,526.75,45.31073760986328,47.59438705444336,129.50970458984375,108.94010925292969,111.57478332519531,0.0007196853985078633,0.056918662041425705,21.01538848876953,0.720646858215332,-0.21272972226142883,0.0,0.0
2109,527,45.897216796875,47.60958480834961,131.19500732421875,108.94539642333984,111.46466064453125,0.0007130297017283738,0.05691007897257805,21.01539421081543,0.73065584897995,-0.20350752770900726,0.0,0.0
2110,527.25,45.723175048828125,47.45354080200195,128.5098114013672,108.94892120361328,110.72737121582031,0.0007070395513437688,0.05690235272049904,21.015399932861328,0.7106378078460693,-0.14414095878601074,0.0,0.0
2111,527.5,45.79220199584961,48.012840270996094,131.5659637451172,108.97095489501953,111.75157928466797,0.0006977838347665966,0.05689540132880211,21.015403747558594,0.7106378078460693,-0.22430424392223358,0.0,0.0
2112,527.75,45.73784255981445,47.62229537963867,128.52964782714844,108.97183990478516,112.31108856201172,0.0006894537364132702,0.0568963922560215,21.01540756225586,0.7106378078460693,-0.26869040727615356,0.0,0.0
2113,528,45.8749885559082,47.227291107177734,132.03460693359375,108.98638153076172,111.84738159179688,0.0006819566478952765,0.05689728260040283,21.015411376953125,0.720646858215332,-0.2306724190711975,0.0,0.0
2114,528.25,45.56266403198242,47.64738464355469,131.04998779296875,108.98902893066406,112.05330657958984,0.0006752092740498483,0.0568980872631073,21.01541519165039,0.7106378078460693,-0.2468308061361313,0.0,0.0
2115,528.5,45.565364837646484,47.786373138427734,130.483642578125,108.98506164550781,111.1895980834961,0.0006684926920570433,0.0568988099694252,21.015419006347656,0.7106378078460693,-0.17827211320400238,0.0,0.0
2116,528.75,45.697288513183594,47.41286087036133,131.28660583496094,108.9912338256836,111.4483642578125,0.0006624477682635188,0.05689946189522743,21.01542091369629,0.720646858215332,-0.19846133887767792,0.0,0.0
2117,529,45.578590393066406,47.719581604003906,130.8049774169922,108.99607849121094,112.09825134277344,0.0006570073310285807,0.05690004676580429,21.015422821044922,0.7106378078460693,-0.2498251050710678,0.0,0.0
2118,529.25,45.684898376464844,47.40196990966797,129.4097137451172,108.99652099609375,111.61627197265625,0.0006521109608002007,0.056900572031736374,21.015424728393555,0.7006288170814514,-0.21143101155757904,0.0,0.0
2119,529.5,45.25018310546875,47.368003845214844,128.7120819091797,108.99739837646484,110.71305084228516,0.000653501192573458,0.05690104514360428,21.015426635742188,0.7106378078460693,-0.1390291303396225,0.0,0.0
2120,529.75,45.61479949951172,47.99275207519531,134.8404083251953,109.00665283203125,112.1560287475586,0.0006547524244524539,0.0569014735519886,21.015195846557617,0.7006288170814514,-0.25354814529418945,0.0,0.0
2121,530,45.554107666015625,47.28914260864258,126.48026275634766,109.0093002319336,112.52294158935547,0.0006558785098604858,0.05688735842704773,21.01498794555664,0.7006288170814514,-0.2824069559574127,0.0,0.0
2122,530.25,45.728546142578125,47.605587005615234,130.3309783935547,109.00445556640625,111.57923126220703,0.0006568919634446502,0.056874655187129974,21.014801025390625,0.6906198859214783,-0.20782819390296936,0.0,0.0
2123,530.5,45.51502227783203,47.44276428222656,129.6531982421875,109.01326751708984,111.70318603515625,0.0006578040774911642,0.056863222271203995,21.014633178710938,0.7006288170814514,-0.2169923484325409,0.0,0.0
2124,530.75,45.16740036010742,47.66910171508789,130.97366333007812,109.0172348022461,112.82763671875,0.0006586249801330268,0.05685293301939964,21.014482498168945,0.7006288170814514,-0.3058318793773651,0.0,0.0
2125,531,45.53485870361328,47.65666198730469,130.33555603027344,109.03045654296875,112.41577911376953,0.0006761197582818568,0.056865423917770386,21.014345169067383,0.6906198859214783,-0.2721976041793823,0.0,0.0
2126,531.25,45.5948486328125,47.30313491821289,129.4219207763672,109.02384185791016,111.71207427978516,0.0006918650469742715,0.056876663118600845,21.014223098754883,0.6906198859214783,-0.21683739125728607,0.0,0.0
2127,531.5,45.1525764465332,47.212730407714844,130.00735473632812,109.0273666381836,112.69331359863281,0.000706035818438977,0.05688678100705147,21.01411247253418,0.6906198859214783,-0.2944004535675049,0.0,0.0
2128,531.75,45.52016830444336,47.31005859375,135.30601501464844,109.03266143798828,112.53874969482422,0.0007187895243987441,0.05689588561654091,21.014013290405273,0.6906198859214783,-0.28175029158592224,0.0,0.0
2129,532,45.73862838745117,47.683780670166016,129.59136962890625,109.04103088378906,111.65084075927734,0.000740586721803993,0.056904081255197525,21.01392364501953,0.6806108951568604,-0.21055300533771515,0.0,0.0
2130,532.25,45.468719482421875,47.369781494140625,128.2983856201172,109.04631805419922,112.1565170288086,0.0007602042169310153,0.05692595988512039,21.013843536376953,0.6906198859214783,-0.2503484785556793,0.0,0.0
2131,532.5,45.26400375366211,47.289878845214844,131.54153442382812,109.04015350341797,111.5372543334961,0.0007778599392622709,0.05694565176963806,21.01400375366211,0.7006288170814514,-0.2015637308359146,0.0,0.0
2132,532.75,45.840248107910156,47.63711166381836,132.6169891357422,109.05337524414062,111.38910675048828,0.0007937501068226993,0.056963372975587845,21.014148712158203,0.7006288170814514,-0.18865230679512024,0.0,0.0
2133,533,45.648555755615234,47.39973831176758,129.80508422851562,109.0617446899414,111.66910552978516,0.0008080512634478509,0.05697932094335556,21.014278411865234,0.6906198859214783,-0.21031828224658966,0.0,0.0
2134,533.25,45.23050308227539,47.54387283325195,130.369140625,109.05690002441406,111.8483657836914,0.0008286651573143899,0.056993674486875534,21.014394760131836,0.7006288170814514,-0.22499261796474457,0.0,0.0
2135,533.5,45.44818878173828,47.470821380615234,133.65733337402344,109.0613021850586,111.79898834228516,0.0008472176850773394,0.056977588683366776,21.014266967773438,0.7006288170814514,-0.22070221602916718,0.0,0.0
2136,533.75,45.663692474365234,47.605953216552734,130.4759979248047,109.06791687011719,111.7392349243164,0.0008639149600639939,0.05696311220526695,21.01415252685547,0.7106378078460693,-0.21540328860282898,0.0,0.0
2137,534,45.484928131103516,47.356346130371094,128.6700897216797,109.07496643066406,111.88985443115234,0.0008789424900896847,0.05695008486509323,21.014049530029297,0.7106378078460693,-0.22681963443756104,0.0,0.0
2138,534.25,45.47770309448242,47.19647216796875,131.76365661621094,109.0771713256836,112.0325698852539,0.000893757794983685,0.05693835765123367,21.01395606994629,0.720646858215332,-0.23798686265945435,0.0,0.0
2139,534.5,45.2242546081543,47.505027770996094,129.85317993164062,109.07188415527344,112.40738677978516,0.0009070915402844548,0.05692780390381813,21.013872146606445,0.7106378078460693,-0.26815125346183777,0.0,0.0
2140,534.75,45.50880813598633,47.458702087402344,127.79461669921875,109.08466339111328,111.92540740966797,0.0009190919226966798,0.05691830441355705,21.013795852661133,0.6906198859214783,-0.22885605692863464,0.0,0.0
2141,535,45.61267852783203,47.550559997558594,130.49127197265625,109.09171295166016,112.29972839355469,0.0009298922959715128,0.05690975487232208,21.01372718811035,0.6806108951568604,-0.25800296664237976,0.0,0.0
2142,535.25,45.86677169799805,47.65614700317383,131.99339294433594,109.12344360351562,111.78515625,0.0009338051895610988,0.05690206214785576,21.0136661529541,0.6806108951568604,-0.21453030407428741,0.0,0.0
2143,535.5,45.34639358520508,47.37653350830078,129.2799530029297,109.0952377319336,112.22565460205078,0.0009373267530463636,0.05689513683319092,21.01361083984375,0.6906198859214783,-0.2518416941165924,0.0,0.0
2144,535.75,45.61559295654297,47.58754348754883,131.1614227294922,109.1115493774414,111.99256896972656,0.0009404961601831019,0.0568961538374424,21.013561248779297,0.7106378078460693,-0.23200228810310364,0.0,0.0
2145,536,45.39514923095703,47.831172943115234,127.77629852294922,109.1124267578125,111.61725616455078,0.0009433486266061664,0.05689707025885582,21.013517379760742,0.7006288170814514,-0.20204785466194153,0.0,0.0
2146,536.25,45.41461181640625,47.3320198059082,129.42115783691406,109.10493469238281,111.70071411132812,0.0009459158754907548,0.05689789354801178,21.013477325439453,0.6906198859214783,-0.2093132585287094,0.0,0.0
2147,536.5,45.055423736572266,47.174957275390625,128.7403106689453,109.10581970214844,111.70417022705078,0.000948226370383054,0.056898634880781174,21.01344108581543,0.7106378078460693,-0.20951643586158752,0.0,0.0
2148,536.75,45.78179931640625,47.13119125366211,132.36129760742188,109.12785339355469,111.50565338134766,0.0009399852133356035,0.056921057403087616,21.013408660888672,0.6906198859214783,-0.1918840855360031,0.0,0.0
2149,537,45.75788116455078,47.665924072265625,128.83343505859375,109.12212371826172,111.67157745361328,0.0009325682185590267,0.056941237300634384,21.01338005065918,0.7106378078460693,-0.20558860898017883,0.0,0.0
2150,537.25,45.52528762817383,47.663326263427734,128.7876434326172,109.12609100341797,111.81083679199219,0.0009258929057978094,0.056959398090839386,21.01335334777832,0.7006288170814514,-0.2163589745759964,0.0,0.0
2151,537.5,45.34022903442383,47.158477783203125,126.64360046386719,109.11286926269531,112.2301025390625,0.0009258929057978094,0.05697574466466904,21.01335334777832,0.7106378078460693,-0.25075557827949524,0.0,0.0
2152,537.75,46.03519821166992,47.35319519042969,128.87464904785156,109.14724731445312,112.45677185058594,0.0009198851184919477,0.05699045583605766,21.013330459594727,0.73065584897995,-0.265912801027298,0.0,0.0
2153,538,45.77212142944336,47.63867950439453,131.3262939453125,109.14856719970703,111.85083770751953,0.0009144780924543738,0.05699644610285759,21.013309478759766,0.7106378078460693,-0.21771006286144257,0.0,0.0
2154,538.25,45.29868698120117,47.39263153076172,129.3936767578125,109.13446044921875,112.0780029296875,0.0009025193867273629,0.057001836597919464,21.013290405273438,0.7106378078460693,-0.236922025680542,0.0,0.0
2155,538.5,45.46852111816406,46.711490631103516,126.98707580566406,109.14328002929688,112.08787536621094,0.0008917565573938191,0.05700668692588806,21.013273239135742,0.7106378078460693,-0.23698633909225464,0.0,0.0
2156,538.75,45.340049743652344,47.515480041503906,130.24855041503906,109.1454849243164,111.82219696044922,0.0008820699877105653,0.05701105296611786,21.01325798034668,0.7006288170814514,-0.21568161249160767,0.0,0.0
2157,539,45.35572814941406,47.59027862548828,129.32879638671875,109.14944458007812,111.43009185791016,0.0008733521099202335,0.05699323117733002,21.01324462890625,0.7106378078460693,-0.18408849835395813,0.0,0.0
2158,539.25,44.96092224121094,47.347328186035156,128.69757080078125,109.14944458007812,112.09182739257812,0.0008693741983734071,0.05697719007730484,21.01323127746582,0.7106378078460693,-0.2367977797985077,0.0,0.0
2159,539.5,45.633522033691406,47.574317932128906,129.8417205810547,109.15693664550781,112.41825103759766,0.0008657940779812634,0.0569627545773983,21.013219833374023,0.7106378078460693,-0.2620725929737091,0.0,0.0
2160,539.75,45.64525604248047,47.08370590209961,129.30667114257812,109.16575622558594,112.25775909423828,0.0008625719347037375,0.056949760764837265,21.01321029663086,0.7106378078460693,-0.24863557517528534,0.0,0.0
2161,540,45.2894401550293,47.55674743652344,132.7566680908203,109.15958404541016,111.64935302734375,0.0008596720290370286,0.05693806707859039,21.013200759887695,0.720646858215332,-0.20076102018356323,0.0,0.0
2162,540.25,45.591651916503906,47.25396728515625,129.81729125976562,109.16883850097656,111.40638732910156,0.0008551282808184624,0.05692754313349724,21.013193130493164,0.7106378078460693,-0.18061316013336182,0.0,0.0
2163,540.5,45.75578689575195,47.95417785644531,127.08019256591797,109.16707611083984,111.26071166992188,0.0008510389016009867,0.05692754313349724,21.013185501098633,0.7006288170814514,-0.1691087782382965,0.0,0.0
2164,540.75,45.780033111572266,47.54433059692383,131.54840087890625,109.18602752685547,111.44490814208984,0.0008473584894090891,0.05693982169032097,21.0131778717041,0.7006288170814514,-0.18228918313980103,0.0,0.0
2165,541,45.42922592163086,47.714080810546875,123.60424041748047,109.17765045166016,112.37281799316406,0.0008440461242571473,0.056950874626636505,21.013172149658203,0.7106378078460693,-0.25678500533103943,0.0,0.0
2166,541.25,45.7186164855957,47.74528121948242,128.60980224609375,109.17765045166016,113.21479797363281,0.0008326854440383613,0.0569608211517334,21.013166427612305,0.6906198859214783,-0.3232370913028717,0.0,0.0
2167,541.5,45.85689926147461,47.52332305908203,130.3248748779297,109.19351959228516,112.21578216552734,0.0008224608609452844,0.0569697730243206,21.013160705566406,0.6906198859214783,-0.24304242432117462,0.0,0.0
2168,541.75,45.462890625,47.50775909423828,129.93560791015625,109.20277404785156,112.50911712646484,0.0008132587536238134,0.056977830827236176,21.01315689086914,0.7106378078460693,-0.2655279338359833,0.0,0.0
2169,542,45.42085266113281,47.695343017578125,131.2377471923828,109.18778991699219,111.63948059082031,0.0008049768512137234,0.05698508024215698,21.013153076171875,0.7106378078460693,-0.19767411053180695,0.0,0.0
2170,542.25,45.55186462402344,47.46913528442383,129.24102783203125,109.20101165771484,112.06614685058594,0.0007872153073549271,0.05699160695075989,21.01314926147461,0.7106378078460693,-0.23055317997932434,0.0,0.0
2171,542.5,45.35605239868164,47.86174011230469,130.55691528320312,109.19660186767578,112.32145690917969,0.0007712299120612442,0.05699748173356056,21.013145446777344,0.720646858215332,-0.2511703670024872,0.0,0.0
2172,542.75,45.5097770690918,47.46416473388672,128.8601531982422,109.20982360839844,111.849853515625,0.000756843073759228,0.05700276792049408,21.01314353942871,0.720646858215332,-0.212636798620224,0.0,0.0
2173,543,45.144432067871094,47.46088409423828,129.57763671875,109.20762634277344,111.52046203613281,0.000743894896004349,0.05702928081154823,21.013141632080078,0.73065584897995,-0.18656164407730103,0.0,0.0
2174,543.25,45.66828918457031,47.3052978515625,132.8078155517578,109.2155532836914,112.00836944580078,0.0007212956552393734,0.05705314129590988,21.013139724731445,0.720646858215332,-0.22477711737155914,0.0,0.0
2175,543.5,45.99359893798828,47.50575637817383,128.65025329589844,109.2155532836914,112.96837615966797,0.0007009563269093633,0.057074617594480515,21.013137817382812,0.7106378078460693,-0.30074986815452576,0.0,0.0
2176,543.75,45.72185134887695,47.18244552612305,134.9701690673828,109.22172546386719,111.79947662353516,0.0006661760853603482,0.057093944400548935,21.013134002685547,0.7106378078460693,-0.20765657722949982,0.0,0.0
2177,544,45.64781188964844,47.56195831298828,126.52376556396484,109.21599578857422,111.46614074707031,0.0006661760853603482,0.05711859092116356,21.013134002685547,0.7106378078460693,-0.1815418303012848,0.0,0.0
2178,544.25,45.572410583496094,47.480712890625,130.92709350585938,109.21731567382812,111.69281005859375,0.0006513487314805388,0.0571407712996006,21.013132095336914,0.720646858215332,-0.1995183229446411,0.0,0.0
2179,544.5,45.58046340942383,47.198307037353516,128.57164001464844,109.22789764404297,111.78466796875,0.0006380041013471782,0.05716073513031006,21.01313018798828,0.720646858215332,-0.20597413182258606,0.0,0.0
2180,544.75,45.33407211303711,47.230857849121094,130.4668426513672,109.23406219482422,111.77873992919922,0.0006086220382712781,0.05717870220541954,21.01312828063965,0.720646858215332,-0.20500001311302185,0.0,0.0
2181,545,45.76731491088867,47.16862869262695,130.0989532470703,109.22966003417969,111.44293212890625,0.0005821781815029681,0.057194873690605164,21.013126373291016,0.720646858215332,-0.17857471108436584,0.0,0.0
2182,545.25,45.75741958618164,47.80182647705078,130.08596801757812,109.2309799194336,112.6409683227539,0.0005583786987699568,0.057209428399801254,21.013126373291016,0.720646858215332,-0.27365514636039734,0.0,0.0
2183,545.5,45.51883316040039,47.42867660522461,130.45997619628906,109.25521850585938,112.54911804199219,0.0005369591526687145,0.057222526520490646,21.013126373291016,0.720646858215332,-0.26441827416419983,0.0,0.0
2184,545.75,45.6451530456543,47.32523727416992,127.75569152832031,109.24508666992188,112.46664428710938,0.0005176815902814269,0.05721256136894226,21.013126373291016,0.720646858215332,-0.25871798396110535,0.0,0.0
2185,546,45.852569580078125,47.48193359375,133.08106994628906,109.24111938476562,112.89134216308594,0.0005003318074159324,0.057203590869903564,21.013126373291016,0.720646858215332,-0.2925941050052643,0.0,0.0
2186,546.25,45.80202102661133,47.38113021850586,130.18519592285156,109.2389144897461,112.00787353515625,0.00048471696209162474,0.0571955181658268,21.013126373291016,0.7106378078460693,-0.2228335589170456,0.0,0.0
2187,546.5,45.51503372192383,47.36125946044922,130.56378173828125,109.2490463256836,112.57528686523438,0.00046423356980085373,0.0571882538497448,21.013126373291016,0.7006288170814514,-0.26699039340019226,0.0,0.0
2188,546.75,45.21108627319336,47.46965408325195,129.0723419189453,109.2653579711914,112.35059356689453,0.00044579850509762764,0.057175830006599426,21.012958526611328,0.7106378078460693,-0.24787607789039612,0.0,0.0
2189,547,45.97732162475586,47.814022064208984,130.6782684326172,109.25257873535156,112.15849304199219,0.000429206935223192,0.057175830006599426,21.012807846069336,0.7006288170814514,-0.23368310928344727,0.0,0.0
2190,547.25,45.70792007446289,47.56271743774414,127.25727081298828,109.25213623046875,111.37281036376953,0.00041427454561926425,0.05714152753353119,21.012672424316406,0.7006288170814514,-0.1711401790380478,0.0,0.0
2191,547.5,45.88994216918945,47.55045700073242,128.828857421875,109.25301361083984,111.88738250732422,0.00040083538624458015,0.057110656052827835,21.012550354003906,0.7006288170814514,-0.2121037244796753,0.0,0.0
2192,547.75,45.32139587402344,47.557491302490234,128.007568359375,109.28034210205078,112.50763702392578,0.00039324129465967417,0.057082872837781906,21.012439727783203,0.7106378078460693,-0.2590894401073456,0.0,0.0
2193,548,45.46072006225586,47.8300666809082,131.10418701171875,109.25918579101562,112.07305908203125,0.00038640660932287574,0.05705786868929863,21.012340545654297,0.7106378078460693,-0.22636133432388306,0.0,0.0
2194,548.25,45.60219192504883,47.77566909790039,128.24647521972656,109.26359558105469,112.34516143798828,0.0003802553692366928,0.05703536421060562,21.012250900268555,0.7106378078460693,-0.2475890964269638,0.0,0.0
2195,548.5,45.32192611694336,47.35813522338867,130.3134307861328,109.27372741699219,112.001953125,0.00037471926771104336,0.057015109807252884,21.012170791625977,0.7106378078460693,-0.21952688694000244,0.0,0.0
2196,548.75,45.787296295166016,47.26858139038086,129.4661865234375,109.2732925415039,111.64935302734375,0.00037938475725241005,0.05699688196182251,21.01209831237793,0.7106378078460693,-0.1914932131767273,0.0,0.0
2197,549,45.58077621459961,47.29198455810547,126.66802215576172,109.27461242675781,111.9822006225586,0.00038358368328772485,0.05696597322821617,21.012033462524414,0.7106378078460693,-0.2178846001625061,0.0,0.0
2198,549.25,45.97198486328125,47.35529708862305,127.58242797851562,109.26888275146484,112.83010864257812,0.00038736272836104035,0.056938156485557556,21.011974334716797,0.7106378078460693,-0.28550201654434204,0.0,0.0
2199,549.5,45.814720153808594,47.95828628540039,127.5236587524414,109.27769470214844,113.10221099853516,0.00039076386019587517,0.05691312253475189,21.011920928955078,0.7106378078460693,-0.3062261641025543,0.0,0.0
2200,549.75,45.66736602783203,47.81707763671875,128.48309326171875,109.292236328125,112.0977554321289,0.0004041216743644327,0.056890591979026794,21.011873245239258,0.7106378078460693,-0.22563041746616364,0.0,0.0
2201,550,45.898475646972656,47.554508209228516,128.34951782226562,109.28474426269531,112.3733139038086,0.0004161437100265175,0.05687031149864197,21.011831283569336,0.7106378078460693,-0.2480964958667755,0.0,0.0
2202,550.25,45.45768356323242,47.6551513671875,131.71250915527344,109.27681732177734,112.15750885009766,0.00042696352466009557,0.05688106268644333,21.01179313659668,0.7106378078460693,-0.23163031041622162,0.0,0.0
2203,550.5,45.8255500793457,47.11268615722656,128.49072265625,109.29356384277344,113.0557861328125,0.0004367013752926141,0.056890737265348434,21.01175880432129,0.7006288170814514,-0.3012789189815521,0.0,0.0
2204,550.75,45.8430061340332,47.439788818359375,128.77008056640625,109.28827667236328,112.19800567626953,0.0004506157129071653,0.05689944699406624,21.011728286743164,0.7106378078460693,-0.23391026258468628,0.0,0.0
2205,551,45.43284606933594,47.76518630981445,128.35714721679688,109.28562927246094,112.63800811767578,0.00046313859638758004,0.0569072850048542,21.011699676513672,0.73065584897995,-0.26896822452545166,0.0,0.0
2206,551.25,45.71025085449219,47.791778564453125,129.96766662597656,109.3173599243164,112.93232727050781,0.00047440920025110245,0.05693609267473221,21.011674880981445,0.7406647801399231,-0.28961437940597534,0.0,0.0
2207,551.5,45.40620422363281,47.375587463378906,128.75558471679688,109.292236328125,111.96688842773438,0.00048455275828018785,0.0569620206952095,21.01165199279785,0.720646858215332,-0.2152314931154251,0.0,0.0
2208,551.75,45.625938415527344,47.288204193115234,132.53150939941406,109.2900390625,112.0256576538086,0.0004936819314025342,0.05698535591363907,21.01163101196289,0.720646858215332,-0.2200816124677658,0.0,0.0
2209,552,46.12470245361328,47.5893440246582,132.35519409179688,109.29488372802734,112.56985473632812,0.0005018982337787747,0.0570063553750515,21.011611938476562,0.73065584897995,-0.26282671093940735,0.0,0.0
2210,552.25,45.44249725341797,47.844459533691406,127.03974151611328,109.2900390625,112.65676879882812,0.000510580837726593,0.057025257498025894,21.011594772338867,0.7406647801399231,-0.27009159326553345,0.0,0.0
2211,552.5,45.69411087036133,47.40376281738281,130.87672424316406,109.30634307861328,112.6103515625,0.000518395216204226,0.05702051520347595,21.011579513549805,0.7406647801399231,-0.2650955319404602,0.0,0.0
2212,552.75,45.56880187988281,47.638702392578125,128.33807373046875,109.29708862304688,112.30170440673828,0.0005254281568340957,0.057016246020793915,21.011566162109375,0.73065584897995,-0.24141652882099152,0.0,0.0
2213,553,45.80439376831055,47.33149337768555,131.93692016601562,109.29576873779297,112.10960388183594,0.000531757774297148,0.0570124052464962,21.011554718017578,0.720646858215332,-0.2262835055589676,0.0,0.0
2214,553.25,45.78156280517578,47.36960983276367,133.1604461669922,109.29444122314453,112.05034637451172,0.0005323038203641772,0.05700894817709923,21.01154327392578,0.720646858215332,-0.22168512642383575,0.0,0.0
2215,553.5,46.00528335571289,47.6212158203125,131.3094940185547,109.32573699951172,112.28738403320312,0.0005327952676452696,0.05699858441948891,21.01176643371582,0.7106378078460693,-0.23794816434383392,0.0,0.0
2216,553.75,45.906558990478516,48.17292404174805,129.6913604736328,109.31031036376953,112.42170715332031,0.0005332375294528902,0.05698925629258156,21.011966705322266,0.720646858215332,-0.249846950173378,0.0,0.0
2217,554,45.578155517578125,47.85100555419922,128.7181854248047,109.2992935180664,112.52787780761719,0.0005336356116458774,0.056980863213539124,21.012147903442383,0.7106378078460693,-0.2591473162174225,0.0,0.0
2218,554.25,45.70138931274414,47.76516342163086,129.95162963867188,109.3001708984375,113.2641830444336,0.0005230527021922171,0.05697330832481384,21.012310028076172,0.7106378078460693,-0.3171350359916687,0.0,0.0
2219,554.5,45.575401306152344,48.076351165771484,131.36216735839844,109.3173599243164,112.13676452636719,0.0005135281244292855,0.05695926025509834,21.0124568939209,0.720646858215332,-0.22668136656284332,0.0,0.0
2220,554.75,45.863311767578125,47.62017059326172,129.372314453125,109.3160400390625,111.78219604492188,0.000504955998621881,0.05694661661982536,21.012588500976562,0.73065584897995,-0.19859696924686432,0.0,0.0
2221,555,45.527732849121094,47.8036003112793,130.65232849121094,109.3160400390625,111.62516021728516,0.0004972410970367491,0.05693523585796356,21.012706756591797,0.720646858215332,-0.186082124710083,0.0,0.0
2222,555.25,45.76612854003906,47.66830825805664,130.02720642089844,109.31515502929688,112.52294158935547,0.00048193533439189196,0.05692499503493309,21.012813568115234,0.7106378078460693,-0.2574649453163147,0.0,0.0
2223,555.5,45.77212142944336,47.557220458984375,132.24221801757812,109.33013916015625,112.38269805908203,0.0004681601421907544,0.056915778666734695,21.012910842895508,0.7106378078460693,-0.2451431155204773,0.0,0.0
2224,555.75,45.68059158325195,47.791778564453125,134.82591247558594,109.33366394042969,112.0868911743164,0.00045576246338896453,0.056900233030319214,21.012996673583984,0.720646858215332,-0.22139355540275574,0.0,0.0
2225,556,45.44179916381836,47.793399810791016,129.69517517089844,109.31383514404297,112.12738800048828,0.00044460457866080105,0.05688624083995819,21.01307487487793,0.720646858215332,-0.22622418403625488,0.0,0.0
2226,556.25,45.787986755371094,47.38936233520508,128.24266052246094,109.3173599243164,112.03553009033203,0.0004332764947321266,0.05687364935874939,21.013145446777344,0.720646858215332,-0.218640998005867,0.0,0.0
2227,556.5,45.842838287353516,47.684165954589844,133.60238647460938,109.33146667480469,112.86122131347656,0.0004230812191963196,0.05686231702566147,21.013208389282227,0.720646858215332,-0.28285884857177734,0.0,0.0
2228,556.75,46.125732421875,47.4792594909668,132.06971740722656,109.32264709472656,112.94319152832031,0.0004139054799452424,0.05685936659574509,21.01326560974121,0.720646858215332,-0.2900403141975403,0.0,0.0
2229,557,45.47859573364258,47.34093475341797,131.03244018554688,109.32132720947266,112.63998413085938,0.00040564732626080513,0.05685671046376228,21.013317108154297,0.7106378078460693,-0.26621729135513306,0.0,0.0
2230,557.25,45.55335998535156,47.57587432861328,129.6272430419922,109.32088470458984,112.54368591308594,0.00039564294274896383,0.05685432255268097,21.013362884521484,0.7006288170814514,-0.25863930583000183,0.0,0.0
2231,557.5,45.97047805786133,47.53902816772461,131.17364501953125,109.34380340576172,112.40936279296875,0.00038663900340907276,0.05685217306017876,21.013404846191406,0.7106378078460693,-0.24614237248897552,0.0,0.0
2232,557.75,45.886287689208984,47.50977325439453,128.25946044921875,109.32440948486328,112.17676544189453,0.00037853544927202165,0.05686473846435547,21.013442993164062,0.7106378078460693,-0.22928234934806824,0.0,0.0
2233,558,45.84804916381836,47.62565612792969,127.27558898925781,109.32705688476562,112.59503936767578,0.00037124226219020784,0.0568760484457016,21.013477325439453,0.7006288170814514,-0.26219823956489563,0.0,0.0
2234,558.25,45.80279541015625,47.39082717895508,130.63858032226562,109.33058166503906,112.41429901123047,0.0003646783879958093,0.056886225938797,21.013507843017578,0.7006288170814514,-0.24760983884334564,0.0,0.0
2235,558.5,45.692867279052734,47.64701843261719,128.91969299316406,109.33719635009766,112.52590942382812,0.0003587708924897015,0.056895386427640915,21.013534545898438,0.6906198859214783,-0.25590524077415466,0.0,0.0
2236,558.75,45.729957580566406,47.40104675292969,127.98772430419922,109.34292602539062,112.84097290039062,0.0003534541465342045,0.05690363049507141,21.013559341430664,0.6906198859214783,-0.2803286910057068,0.0,0.0
2237,559,45.57969665527344,47.63328552246094,127.1824722290039,109.32573699951172,112.3298568725586,0.0003409546916373074,0.05691105127334595,21.013580322265625,0.6906198859214783,-0.2413145750761032,0.0,0.0
2238,559.25,45.60005569458008,47.48616027832031,130.51646423339844,109.33013916015625,112.10713958740234,0.00032970515894703567,0.05691772699356079,21.013599395751953,0.6906198859214783,-0.22328893840312958,0.0,0.0
2239,559.5,45.947505950927734,47.95758056640625,128.77542114257812,109.33543395996094,111.59256744384766,0.00031958057661540806,0.05692373588681221,21.01361656188965,0.6906198859214783,-0.18190304934978485,0.0,0.0
2240,559.75,45.91379165649414,48.051300048828125,129.73715209960938,109.3332290649414,112.67306518554688,0.0003104684583377093,0.05692914500832558,21.01363182067871,0.7006288170814514,-0.2678619623184204,0.0,0.0
2241,560,45.848060607910156,47.92494201660156,130.38365173339844,109.33454895019531,111.60787200927734,0.0003003394522238523,0.056934013962745667,21.013647079467773,0.6806108951568604,-0.18319584429264069,0.0,0.0
2242,560.25,45.763301849365234,47.56474685668945,130.80039978027344,109.3332290649414,112.35602569580078,0.00029122334672138095,0.05693839490413666,21.013660430908203,0.6906198859214783,-0.2427784949541092,0.0,0.0
2243,560.5,45.82954788208008,47.71089172363281,134.9541473388672,109.34424591064453,111.45133209228516,0.00028301883139647543,0.05694233626127243,21.013671875,0.6806108951568604,-0.16991186141967773,0.0,0.0
2244,560.75,45.56205749511719,47.73863983154297,128.09840393066406,109.33366394042969,112.61775970458984,0.0002756347821559757,0.056945886462926865,21.013683319091797,0.6706019043922424,-0.2634562849998474,0.0,0.0
2245,561,45.56155776977539,47.51737976074219,127.48014831542969,109.34159851074219,112.89825439453125,0.0002702746423892677,0.056949079036712646,21.01369285583496,0.6906198859214783,-0.2849547266960144,0.0,0.0
2246,561.25,45.74567794799805,47.6538200378418,126.739013671875,109.33851623535156,112.53775787353516,0.00026545050786808133,0.05695195496082306,21.013700485229492,0.6806108951568604,-0.2567347586154938,0.0,0.0
2247,561.5,46.22547912597656,47.53446578979492,128.05032348632812,109.34556579589844,113.10961151123047,0.0002611087984405458,0.05695454031229019,21.013708114624023,0.6906198859214783,-0.3012816905975342,0.0,0.0
2248,561.75,46.06586456298828,47.47430419921875,132.03155517578125,109.33454895019531,113.2533187866211,0.0002572012599557638,0.05695686861872673,21.013715744018555,0.6706019043922424,-0.31348147988319397,0.0,0.0
2249,562,45.66116714477539,47.72349166870117,130.63858032226562,109.33543395996094,112.15701293945312,0.0002588266506791115,0.056958965957164764,21.013721466064453,0.6706019043922424,-0.22681690752506256,0.0,0.0
2250,562.25,45.87897872924805,47.44469451904297,130.4615020751953,109.34248352050781,112.07503509521484,0.0002602894965093583,0.056960850954055786,21.01372718811035,0.6806108951568604,-0.2197340875864029,0.0,0.0
2251,562.5,45.8449821472168,47.744075775146484,133.76571655273438,109.35350036621094,113.24986267089844,0.00026160606648772955,0.05695529654622078,21.01373291015625,0.7006288170814514,-0.3116668164730072,0.0,0.0
2252,562.75,45.11966323852539,47.49999237060547,132.57958984375,109.34424591064453,112.43059539794922,0.00026279097073711455,0.056950297206640244,21.013736724853516,0.7106378078460693,-0.2477876991033554,0.0,0.0
2253,563,45.863685607910156,47.89461898803711,127.82743835449219,109.33675384521484,112.08541107177734,0.0002741462376434356,0.0569457970559597,21.01374053955078,0.7106378078460693,-0.2210247665643692,0.0,0.0
2254,563.25,45.709556579589844,47.622188568115234,129.24560546875,109.34380340576172,112.42170715332031,0.0002843659895006567,0.05694174766540527,21.013744354248047,0.7106378078460693,-0.2471199333667755,0.0,0.0
2255,563.5,45.660728454589844,47.37488555908203,131.52474975585938,109.34292602539062,112.0913314819336,0.00029356376035138965,0.056945353746414185,21.013748168945312,0.7006288170814514,-0.22099213302135468,0.0,0.0
2256,563.75,45.82276153564453,47.89523696899414,125.61012268066406,109.34468841552734,112.03108978271484,0.0003018417628481984,0.05694860219955444,21.013751983642578,0.6906198859214783,-0.2160632312297821,0.0,0.0
2257,564,45.80706024169922,47.74030685424805,129.36314392089844,109.34600830078125,111.7308349609375,0.00031572525040246546,0.05695152282714844,21.01375389099121,0.6706019043922424,-0.19206517934799194,0.0,0.0
2258,564.25,45.71641540527344,47.723876953125,132.75437927246094,109.35482025146484,111.51898193359375,0.0003282203688286245,0.05695415288209915,21.013755798339844,0.6706019043922424,-0.17445272207260132,0.0,0.0
2259,564.5,45.40441131591797,47.72936248779297,133.95196533203125,109.34864807128906,111.55997467041016,0.00033946597250178456,0.056956518441438675,21.013757705688477,0.6706019043922424,-0.17822718620300293,0.0,0.0
2260,564.75,45.59008026123047,47.84811019897461,128.22816467285156,109.34115600585938,111.9170150756836,0.0003495870332699269,0.056958649307489395,21.01375961303711,0.6806108951568604,-0.20728184282779694,0.0,0.0
2261,565,45.70682907104492,47.640220642089844,133.20700073242188,109.34468841552734,111.86219787597656,0.0003586959792301059,0.0569605678319931,21.013761520385742,0.6906198859214783,-0.20263299345970154,0.0,0.0
2262,565.25,45.401451110839844,47.289329528808594,129.42649841308594,109.33983612060547,112.38121032714844,0.00036689403350465,0.05696229264140129,21.013763427734375,0.7006288170814514,-0.2442355901002884,0.0,0.0
2263,565.5,45.59844970703125,47.7794189453125,128.23655700683594,109.34248352050781,112.23405456542969,0.00037427229108288884,0.05696384608745575,21.013765335083008,0.6906198859214783,-0.2323557287454605,0.0,0.0
2264,565.75,45.42578125,47.41290283203125,128.538818359375,109.34159851074219,113.12047576904297,0.0003796257369685918,0.05695074424147606,21.01376724243164,0.6806108951568604,-0.30245962738990784,0.0,0.0
2265,566,45.68660354614258,47.6970329284668,130.9568634033203,109.33895874023438,113.0103530883789,0.0003844438469968736,0.05693895369768143,21.013769149780273,0.6906198859214783,-0.294003963470459,0.0,0.0
2266,566.25,46.077762603759766,47.650630950927734,131.61404418945312,109.34645080566406,112.38121032714844,0.0003887801431119442,0.05692834034562111,21.013769149780273,0.6806108951568604,-0.24369733035564423,0.0,0.0
2267,566.5,45.82781982421875,47.559513092041016,127.29314422607422,109.342041015625,112.53034973144531,0.0003907526843249798,0.05688978731632233,21.013769149780273,0.6806108951568604,-0.2558620870113373,0.0,0.0
2268,566.75,45.89892578125,47.111881256103516,129.95851135253906,109.34380340576172,111.95108795166016,0.0003925279597751796,0.05685508996248245,21.014001846313477,0.7106378078460693,-0.2097761034965515,0.0,0.0
2269,567,45.41498947143555,47.42878341674805,127.38703155517578,109.33543395996094,112.59701538085938,0.00039412573096342385,0.056823860853910446,21.014211654663086,0.7006288170814514,-0.2616720199584961,0.0,0.0
2270,567.25,45.42864990234375,47.45281219482422,132.53456115722656,109.34600830078125,112.60491943359375,0.0003955637221224606,0.05679575726389885,21.014400482177734,0.7006288170814514,-0.26143598556518555,0.0,0.0
2271,567.5,45.856082916259766,48.06029510498047,128.83572387695312,109.34248352050781,112.05232238769531,0.00039685791125521064,0.05677046254277229,21.014570236206055,0.7106378078460693,-0.21792973577976227,0.0,0.0
2272,567.75,45.30753707885742,47.75267028808594,132.86123657226562,109.34645080566406,111.35700988769531,0.0004005960945505649,0.05674769729375839,21.01472282409668,0.720646858215332,-0.16219545900821686,0.0,0.0
2273,568,45.753196716308594,47.59164047241211,133.74969482421875,109.3499755859375,112.25578308105469,0.00040396046824753284,0.05672720819711685,21.014860153198242,0.720646858215332,-0.23346902430057526,0.0,0.0
2274,568.25,45.40662384033203,48.118125915527344,128.37242126464844,109.34468841552734,112.60244750976562,0.00040698840166442096,0.056708768010139465,21.014984130859375,0.720646858215332,-0.26134800910949707,0.0,0.0
2275,568.5,45.82725524902344,47.659671783447266,130.61338806152344,109.34732818603516,111.75849151611328,0.0004097135388292372,0.05669217184185982,21.014863967895508,0.7006288170814514,-0.19416147470474243,0.0,0.0
2276,568.75,45.71098327636719,47.657657623291016,134.1366729736328,109.34292602539062,111.40836334228516,0.00041216614772565663,0.056677237153053284,21.014755249023438,0.6806108951568604,-0.16658639907836914,0.0,0.0
2277,569,45.49288558959961,47.62209701538086,131.96514892578125,109.34821319580078,112.59503936767578,0.00041437349864281714,0.05667829513549805,21.014657974243164,0.6906198859214783,-0.2604754567146301,0.0,0.0
2278,569.25,45.80170440673828,47.308162689208984,127.306884765625,109.33763122558594,112.24392700195312,0.0004163601261097938,0.056679245084524155,21.014570236206055,0.7106378078460693,-0.23353387415409088,0.0,0.0
2279,569.5,45.8203010559082,47.372684478759766,130.02413940429688,109.33983612060547,112.2301025390625,0.00043166481191292405,0.0566801019012928,21.014490127563477,0.7106378078460693,-0.2322576940059662,0.0,0.0
2280,569.75,45.01762390136719,47.17723846435547,129.2860565185547,109.34159851074219,112.13330841064453,0.00044543901458382607,0.05668087303638458,21.01481819152832,0.7006288170814514,-0.22443321347236633,0.0,0.0
2281,570,45.54633712768555,47.43246841430664,127.96559143066406,109.33763122558594,111.72639465332031,0.00045783582027070224,0.056681565940380096,21.015113830566406,0.7006288170814514,-0.1923937350511551,0.0,0.0
2282,570.25,45.68220138549805,47.23325729370117,127.79537963867188,109.34027862548828,112.69331359863281,0.00046899294829927385,0.05668218806385994,21.015380859375,0.720646858215332,-0.26888784766197205,0.0,0.0
2283,570.5,45.97419357299805,47.2893180847168,130.0447540283203,109.33234405517578,112.94813537597656,0.0004893390578217804,0.05668275058269501,21.015621185302734,0.7106378078460693,-0.2896401584148407,0.0,0.0
2284,570.75,45.98578643798828,47.80167007446289,129.3753662109375,109.33102416992188,112.5797348022461,0.0005076505476608872,0.0566832572221756,21.015836715698242,0.7006288170814514,-0.26066502928733826,0.0,0.0
2285,571,45.5286979675293,47.64749526977539,131.99339294433594,109.33102416992188,112.34318542480469,0.0005241309409029782,0.05668371170759201,21.01603126525879,0.7006288170814514,-0.2419404536485672,0.0,0.0
2286,571.25,45.5605583190918,47.75039291381836,130.58897399902344,109.33499145507812,111.9782485961914,0.0005389632424339652,0.05668412148952484,21.016204833984375,0.7106378078460693,-0.21265310049057007,0.0,0.0
2287,571.5,45.2635498046875,47.30274963378906,133.485595703125,109.33586883544922,112.34121704101562,0.0005593998939730227,0.05668449029326439,21.016361236572266,0.6906198859214783,-0.24138981103897095,0.0,0.0
2288,571.75,45.80195617675781,47.305458068847656,127.40534973144531,109.32926177978516,112.43257141113281,0.0005777928745374084,0.05668482184410095,21.01626968383789,0.6906198859214783,-0.24916428327560425,0.0,0.0
2289,572,45.41166305541992,47.38394546508789,128.04039001464844,109.33366394042969,111.9822006225586,0.0005943465512245893,0.05666337162256241,21.01618766784668,0.6806108951568604,-0.21307535469532013,0.0,0.0
2290,572.25,45.23655700683594,47.701045989990234,127.8327865600586,109.33851623535156,112.00343322753906,0.0006092448602430522,0.05664406716823578,21.01611328125,0.6906198859214783,-0.2143677920103073,0.0,0.0
2291,572.5,45.537086486816406,47.601078033447266,129.8386688232422,109.3332290649414,111.59355163574219,0.0006226533441804349,0.05662669241428375,21.01604652404785,0.6906198859214783,-0.1821613609790802,0.0,0.0
2292,572.75,45.494930267333984,47.64783477783203,129.28453063964844,109.33719635009766,111.87108612060547,0.0006314991624094546,0.05661105364561081,21.015987396240234,0.6906198859214783,-0.20394998788833618,0.0,0.0
2293,573,45.65148162841797,47.77902603149414,130.81642150878906,109.33102416992188,112.22960662841797,0.0006394603988155723,0.05659697949886322,21.015933990478516,0.6806108951568604,-0.23293578624725342,0.0,0.0
2294,573.25,45.749000549316406,47.390377044677734,131.5819854736328,109.33586883544922,112.52047729492188,0.0006466255290433764,0.056569814682006836,21.015884399414062,0.7006288170814514,-0.25558361411094666,0.0,0.0
2295,573.5,45.433326721191406,47.83078384399414,127.19544982910156,109.3327865600586,112.30022430419922,0.0006530741229653358,0.05654536560177803,21.015840530395508,0.6906198859214783,-0.23839232325553894,0.0,0.0
2296,573.75,45.85982131958008,47.443267822265625,130.82176208496094,109.326171875,112.7970199584961,0.0006588778924196959,0.056523364037275314,21.01580047607422,0.7006288170814514,-0.2782245874404907,0.0,0.0
2297,574,45.65227508544922,47.464202880859375,130.51341247558594,109.32308959960938,112.39059448242188,0.0006550822872668505,0.05653255805373192,21.015764236450195,0.7006288170814514,-0.24634256958961487,0.0,0.0
2298,574.25,45.55000686645508,47.93687438964844,129.44100952148438,109.33146667480469,112.33972930908203,0.0006516662542708218,0.0565408319234848,21.015731811523438,0.6906198859214783,-0.24163079261779785,0.0,0.0
2299,574.5,45.90266036987305,47.333431243896484,130.3943328857422,109.32132720947266,112.25775909423828,0.0006485918420366943,0.05654827877879143,21.015703201293945,0.6806108951568604,-0.23595812916755676,0.0,0.0
2300,574.75,45.69065475463867,47.453617095947266,126.89471435546875,109.31867980957031,112.50418090820312,0.0006458248244598508,0.05655498057603836,21.01567840576172,0.6806108951568604,-0.2556939125061035,0.0,0.0
2301,575,45.729774475097656,47.68380355834961,129.57916259765625,109.33013916015625,112.36590576171875,0.0006362514686770737,0.05656101182103157,21.015655517578125,0.6806108951568604,-0.2438129335641861,0.0,0.0
2302,575.25,45.500431060791016,47.894813537597656,130.8660430908203,109.32970428466797,111.77478790283203,0.0006276354542933404,0.05658094212412834,21.015634536743164,0.6806108951568604,-0.19689400494098663,0.0,0.0
2303,575.5,45.50433349609375,47.82022476196289,129.6302947998047,109.32264709472656,112.42713928222656,0.0006198810879141092,0.056598879396915436,21.015615463256836,0.6906198859214783,-0.24927233159542084,0.0,0.0
2304,575.75,45.464176177978516,47.35487747192383,130.49813842773438,109.32176971435547,112.0478744506836,0.0006129021057859063,0.05661502107977867,21.01559829711914,0.6906198859214783,-0.21926310658454895,0.0,0.0
2305,576,45.44707107543945,47.691932678222656,132.8040008544922,109.32970428466797,111.90565490722656,0.0006040461012162268,0.05662954971194267,21.015583038330078,0.6906198859214783,-0.20731061697006226,0.0,0.0
2306,576.25,45.70250701904297,47.78544998168945,129.740966796875,109.32088470458984,112.50418090820312,0.0005960756679996848,0.056642625480890274,21.01556968688965,0.6906198859214783,-0.2555142641067505,0.0,0.0
2307,576.5,45.38603973388672,47.58216094970703,131.86669921875,109.31956481933594,112.80294799804688,0.0005889022722840309,0.056654393672943115,21.01555824279785,0.6806108951568604,-0.27923083305358887,0.0,0.0
2308,576.75,45.71551513671875,47.78072738647461,131.20263671875,109.31207275390625,112.18417358398438,0.0005824462277814746,0.05666498467326164,21.015546798706055,0.6806108951568604,-0.23087500035762787,0.0,0.0
2309,577,45.367679595947266,47.47633361816406,132.75743103027344,109.3147201538086,112.45084381103516,0.0005727738025598228,0.056674517691135406,21.01553726196289,0.6906198859214783,-0.2517947852611542,0.0,0.0
2310,577.25,45.68258285522461,47.68710708618164,129.45932006835938,109.33454895019531,111.59107971191406,0.0005640686140395701,0.056683097034692764,21.01576042175293,0.6906198859214783,-0.18185646831989288,0.0,0.0
2311,577.5,45.71480178833008,48.13543701171875,131.14768981933594,109.31251525878906,112.46220397949219,0.0005562339792959392,0.05666906759142876,21.015962600708008,0.6906198859214783,-0.25287339091300964,0.0,0.0
2312,577.75,45.501708984375,47.85911560058594,129.4310760498047,109.31075286865234,112.05479431152344,0.0005491827614605427,0.05665644258260727,21.016143798828125,0.6806108951568604,-0.22070983052253723,0.0,0.0
2313,578,45.499629974365234,47.322105407714844,129.20668029785156,109.31207275390625,112.8039321899414,0.0005370451835915446,0.05664508044719696,21.016307830810547,0.6906198859214783,-0.27991852164268494,0.0,0.0
2314,578.25,45.60365676879883,47.393455505371094,128.1533660888672,109.31295013427734,111.96343231201172,0.0005261213518679142,0.05663485452532768,21.016454696655273,0.6906198859214783,-0.213269904255867,0.0,0.0
2315,578.5,45.48988342285156,47.943546295166016,128.2701416015625,109.31207275390625,112.25331115722656,0.0005162899033166468,0.0566401481628418,21.016586303710938,0.7006288170814514,-0.23635916411876678,0.0,0.0
2316,578.75,45.39097595214844,47.69823455810547,130.40272521972656,109.30502319335938,112.1846694946289,0.0005074415821582079,0.05664491280913353,21.016704559326172,0.6806108951568604,-0.2314881831407547,0.0,0.0
2317,579,45.33328628540039,47.664241790771484,128.70062255859375,109.30590057373047,112.04293823242188,0.0004994780756533146,0.05664920061826706,21.01681137084961,0.7006288170814514,-0.22016321122646332,0.0,0.0
2318,579.25,45.6074104309082,47.29783248901367,131.84226989746094,109.30502319335938,111.5347900390625,0.0004923109663650393,0.056653060019016266,21.016908645629883,0.6906198859214783,-0.1797695755958557,0.0,0.0
2319,579.5,45.763763427734375,47.57698440551758,128.0106201171875,109.3072280883789,111.66120910644531,0.0004858605389017612,0.05666378512978554,21.01699447631836,0.6806108951568604,-0.18967397511005402,0.0,0.0
2320,579.75,45.60652542114258,47.320701599121094,131.73007202148438,109.29753112792969,111.9456558227539,0.0004768386424984783,0.05667343735694885,21.0168399810791,0.6806108951568604,-0.21311230957508087,0.0,0.0
2321,580,45.33719253540039,47.14508056640625,128.9586181640625,109.2992935180664,111.70318603515625,0.0004687189357355237,0.056682124733924866,21.016700744628906,0.6906198859214783,-0.19366635382175446,0.0,0.0
2322,580.25,45.77846145629883,47.45389175415039,128.1533660888672,109.30061340332031,111.46713256835938,0.0004614111967384815,0.05668994411826134,21.01657485961914,0.6906198859214783,-0.17472708225250244,0.0,0.0
2323,580.5,46.11302185058594,47.85325241088867,129.2654571533203,109.28651428222656,112.19898986816406,0.00045483422582037747,0.056689731776714325,21.016462326049805,0.6906198859214783,-0.23413196206092834,0.0,0.0
2324,580.75,45.40593719482422,47.624271392822266,129.18759155273438,109.29356384277344,112.14368438720703,0.00045534889795817435,0.056689538061618805,21.016361236572266,0.6906198859214783,-0.2291685789823532,0.0,0.0
2325,581,45.479530334472656,47.84135818481445,135.4434051513672,109.30105590820312,112.16837310791016,0.0004558121145237237,0.05668936297297478,21.01626968383789,0.6906198859214783,-0.23051834106445312,0.0,0.0
2326,581.25,45.93921661376953,47.574485778808594,131.2308807373047,109.30105590820312,112.57430267333984,0.000456228997791186,0.05668920651078224,21.01618766784668,0.6806108951568604,-0.2626759111881256,0.0,0.0
2327,581.5,45.63959884643555,47.553733825683594,126.59093475341797,109.2821044921875,112.7318344116211,0.0004566042043734342,0.0566890649497509,21.01611328125,0.7006288170814514,-0.2766677737236023,0.0,0.0
2328,581.75,45.53797149658203,47.24932098388672,127.83965301513672,109.28518676757812,112.80936431884766,0.0004646655870601535,0.05668893828988075,21.01604652404785,0.6906198859214783,-0.2825368046760559,0.0,0.0
2329,582,46.06041717529297,48.07915496826172,129.94705200195312,109.28518676757812,111.95602416992188,0.0004719208227470517,0.0566888265311718,21.015987396240234,0.6906198859214783,-0.21494176983833313,0.0,0.0
2330,582.25,45.6700439453125,47.60051345825195,129.3150634765625,109.29180145263672,112.10960388183594,0.0004784505581483245,0.05668872594833374,21.015933990478516,0.7006288170814514,-0.22660626471042633,0.0,0.0
2331,582.5,45.40385437011719,47.896183013916016,134.43283081054688,109.27902221679688,111.8088607788086,0.00048432732000947,0.05668863281607628,21.015884399414062,0.6906198859214783,-0.20373499393463135,0.0,0.0
2332,582.75,45.495269775390625,47.3637580871582,129.73638916015625,109.27769470214844,112.43158721923828,0.0004986306885257363,0.05668855085968971,21.015840530395508,0.6906198859214783,-0.25328609347343445,0.0,0.0
2333,583,45.418819427490234,47.89638137817383,130.22335815429688,109.2807846069336,112.00936126708984,0.000511503720190376,0.05668847635388374,21.01580047607422,0.6906198859214783,-0.21954046189785004,0.0,0.0
2334,583.25,45.640262603759766,47.541080474853516,129.80203247070312,109.28034210205078,111.77972412109375,0.0005230894894339144,0.05667391046881676,21.015764236450195,0.6906198859214783,-0.2013075351715088,0.0,0.0
2335,583.5,45.1396369934082,47.41323471069336,131.26904296875,109.26932525634766,112.2518310546875,0.0005335166933946311,0.05666080117225647,21.015731811523438,0.7006288170814514,-0.23972387611865997,0.0,0.0
2336,583.75,45.45450210571289,47.52602767944336,130.27984619140625,109.26580047607422,112.07454681396484,0.0005493432399816811,0.05664900317788124,21.015703201293945,0.7006288170814514,-0.22594064474105835,0.0,0.0
2337,584,45.81333541870117,47.830997467041016,128.80213928222656,109.26888275146484,112.07750701904297,0.0005635871202684939,0.056638382375240326,21.01567840576172,0.6906198859214783,-0.2259243130683899,0.0,0.0
2338,584.25,45.73457717895508,47.88119888305664,131.2720947265625,109.27769470214844,112.2320785522461,0.0005764066008850932,0.05662882700562477,21.015655517578125,0.6806108951568604,-0.23747512698173523,0.0,0.0
2339,584.5,45.51300048828125,47.31923294067383,129.49671936035156,109.25477600097656,111.96343231201172,0.0005879441159777343,0.05662747472524643,21.015634536743164,0.6906198859214783,-0.2180085927248001,0.0,0.0
2340,584.75,45.68280029296875,47.58808135986328,129.73638916015625,109.25786590576172,111.92886352539062,0.0005983278970234096,0.05662625655531883,21.015615463256836,0.6906198859214783,-0.21500809490680695,0.0,0.0
2341,585,45.774776458740234,47.15388107299805,128.32432556152344,109.26271057128906,112.06318664550781,0.0006115390569902956,0.056625161319971085,21.01559829711914,0.6906198859214783,-0.2252897471189499,0.0,0.0
2342,585.25,45.732269287109375,47.27592849731445,128.93190002441406,109.25830841064453,112.47898864746094,0.0006234290776774287,0.05662417411804199,21.015583038330078,0.6906198859214783,-0.25861749053001404,0.0,0.0
2343,585.5,45.473960876464844,47.64921569824219,131.5812225341797,109.24728393554688,112.49380493164062,0.0006341301486827433,0.056652288883924484,21.01556968688965,0.6806108951568604,-0.26068851351737976,0.0,0.0
2344,585.75,45.70059585571289,47.83549118041992,130.89962768554688,109.24111938476562,112.3950424194336,0.0006437610718421638,0.05667759105563164,21.01555824279785,0.6906198859214783,-0.25337180495262146,0.0,0.0
2345,586,45.463199615478516,47.67993927001953,130.8171844482422,109.25301361083984,112.29232025146484,0.0006524288910441101,0.056700363755226135,21.015546798706055,0.6906198859214783,-0.2442634105682373,0.0,0.0
2346,586.25,45.521148681640625,47.56890106201172,129.8386688232422,109.2468490600586,111.9891128540039,0.0006647416739724576,0.05672086030244827,21.01553726196289,0.7006288170814514,-0.22069622576236725,0.0,0.0
2347,586.5,46.19305419921875,47.33463668823242,130.2752685546875,109.2415542602539,111.91256713867188,0.0006758231902495027,0.056724805384874344,21.015527725219727,0.6806108951568604,-0.21504071354866028,0.0,0.0
2348,586.75,45.708518981933594,47.793025970458984,128.70748901367188,109.25037384033203,112.54467010498047,0.0006857965490780771,0.05672835558652878,21.015520095825195,0.7006288170814514,-0.26446089148521423,0.0,0.0
2349,587,45.207313537597656,47.19333267211914,127.7930908203125,109.26183319091797,112.22615051269531,0.0006947725778445601,0.05673155188560486,21.015512466430664,0.6906198859214783,-0.2382975071668625,0.0,0.0
2350,587.25,45.719112396240234,47.28337478637695,134.9785614013672,109.24772644042969,111.87750244140625,0.0007067187689244747,0.05673442780971527,21.015506744384766,0.6906198859214783,-0.21174833178520203,0.0,0.0
2351,587.5,45.65938186645508,47.834346771240234,131.7109832763672,109.22261047363281,113.07010650634766,0.0007174703641794622,0.05671526491641998,21.015501022338867,0.7006288170814514,-0.30818748474121094,0.0,0.0
2352,587.75,45.74354934692383,47.58796310424805,127.45038604736328,109.24508666992188,112.2824478149414,0.000727146805729717,0.0566980205476284,21.01549530029297,0.6906198859214783,-0.24412651360034943,0.0,0.0
2353,588,45.598026275634766,47.57455825805664,127.78164672851562,109.22084045410156,111.5871353149414,0.0007358556031249464,0.05668250098824501,21.01548957824707,0.6906198859214783,-0.19080471992492676,0.0,0.0
2354,588.25,45.27886199951172,47.51202392578125,128.5136260986328,109.21731567382812,112.03948211669922,0.0007436934974975884,0.05666853114962578,21.015485763549805,0.7106378078460693,-0.22710593044757843,0.0,0.0
2355,588.5,45.698543548583984,47.406734466552734,129.36773681640625,109.20894622802734,111.7831802368164,0.0007533261086791754,0.05665595829486847,21.01548194885254,0.6906198859214783,-0.20740023255348206,0.0,0.0
2356,588.75,45.85917663574219,47.62641906738281,127.17560577392578,109.21115112304688,112.61183166503906,0.0007619954412803054,0.05663014203310013,21.015478134155273,0.6806108951568604,-0.27296847105026245,0.0,0.0
2357,589,45.37800979614258,47.28224182128906,131.5919189453125,109.22921752929688,111.78515625,0.0007697978289797902,0.05660690739750862,21.015474319458008,0.6706019043922424,-0.2059057205915451,0.0,0.0
2358,589.25,45.63383102416992,47.31394577026367,132.4780731201172,109.21115112304688,112.53874969482422,0.0007768200011923909,0.056585997343063354,21.015472412109375,0.6906198859214783,-0.2671894133090973,0.0,0.0
2359,589.5,45.4577522277832,47.75752639770508,128.12130737304688,109.20894622802734,112.49825286865234,0.0007831399561837316,0.056567177176475525,21.015470504760742,0.7006288170814514,-0.2641651928424835,0.0,0.0
2360,589.75,45.54539489746094,47.6923828125,131.27362060546875,109.20409393310547,112.27997589111328,0.000786249409429729,0.05655024200677872,21.01546859741211,0.7006288170814514,-0.2472715824842453,0.0,0.0
2361,590,45.469356536865234,47.6698112487793,127.37405395507812,109.20409393310547,112.40738677978516,0.0007890479173511267,0.05653499811887741,21.015466690063477,0.7006288170814514,-0.25736722350120544,0.0,0.0
2362,590.25,45.35601806640625,47.925537109375,125.79560089111328,109.20056915283203,112.16442108154297,0.0007915665628388524,0.056521277874708176,21.015464782714844,0.7006288170814514,-0.23839232325553894,0.0,0.0
2363,590.5,45.37596893310547,47.71583557128906,129.8959197998047,109.19924926757812,111.13972473144531,0.0007938333437778056,0.05650893226265907,21.01546287536621,0.7106378078460693,-0.1568005234003067,0.0,0.0
2364,590.75,45.25054168701172,47.54025650024414,129.93560791015625,109.18250274658203,111.6202163696289,0.0007926500984467566,0.05650506913661957,21.015460968017578,0.7006288170814514,-0.1965690702199936,0.0,0.0
2365,591,45.44850158691406,47.63418960571289,132.01095581054688,109.19307708740234,111.6197280883789,0.0007915851892903447,0.0565015934407711,21.015459060668945,0.6806108951568604,-0.195667564868927,0.0,0.0
2366,591.25,45.119083404541016,47.26081085205078,131.76365661621094,109.19528198242188,111.95800018310547,0.0007906268001534045,0.056498464196920395,21.015457153320312,0.6806108951568604,-0.22242552042007446,0.0,0.0
2367,591.5,45.86452102661133,47.341339111328125,129.239501953125,109.17853546142578,111.80145263671875,0.0007897642208263278,0.05649564787745476,21.01545524597168,0.6906198859214783,-0.21133482456207275,0.0,0.0
2368,591.75,45.48338317871094,47.486751556396484,127.717529296875,109.17060089111328,112.73578643798828,0.0007889879052527249,0.056493114680051804,21.01545524597168,0.6906198859214783,-0.28606748580932617,0.0,0.0
2369,592,45.160099029541016,47.52703857421875,130.6515655517578,109.17721557617188,112.08985137939453,0.0007882892386987805,0.056490834802389145,21.01545524597168,0.6906198859214783,-0.23437601327896118,0.0,0.0
2370,592.25,45.892398834228516,47.31879806518555,128.15794372558594,109.17324829101562,112.27997589111328,0.0007844376377761364,0.05648878216743469,21.01545524597168,0.6906198859214783,-0.249786376953125,0.0,0.0
2371,592.5,45.4095344543457,46.952091217041016,126.90692901611328,109.17280578613281,113.05973815917969,0.0007809711969457567,0.056486934423446655,21.01545524597168,0.6906198859214783,-0.3114316463470459,0.0,0.0
2372,592.75,45.45909881591797,47.35285186767578,127.86178588867188,109.15958404541016,112.77924346923828,0.0007778513827361166,0.05648527294397354,21.015155792236328,0.7006288170814514,-0.29039663076400757,0.0,0.0
2373,593,45.490055084228516,47.761592864990234,129.72036743164062,109.16090393066406,112.25726318359375,0.0007750435615889728,0.05648377537727356,21.0148868560791,0.6906198859214783,-0.24899186193943024,0.0,0.0
2374,593.25,45.31853485107422,47.33995056152344,127.51984405517578,109.16178894042969,111.98417663574219,0.0007725165341980755,0.05647517740726471,21.014644622802734,0.7006288170814514,-0.22723764181137085,0.0,0.0
2375,593.5,45.564842224121094,47.3265380859375,131.17440795898438,109.14283752441406,112.24590301513672,0.0007702421862632036,0.056467439979314804,21.01442527770996,0.7106378078460693,-0.2495642602443695,0.0,0.0
2376,593.75,45.695621490478516,47.39935302734375,127.25574493408203,109.14151763916016,112.0458984375,0.0007669065962545574,0.05646047741174698,21.01422882080078,0.720646858215332,-0.2337958663702011,0.0,0.0
2377,594,45.73008346557617,47.59085464477539,129.85470581054688,109.1529769897461,112.83949279785156,0.0007639045361429453,0.056454211473464966,21.01405143737793,0.720646858215332,-0.29568997025489807,0.0,0.0
2378,594.25,46.0075798034668,47.796871185302734,126.61688232421875,109.15121459960938,112.14022064208984,0.0007612027111463249,0.056448571383953094,21.013893127441406,0.7006288170814514,-0.24049575626850128,0.0,0.0
2379,594.5,45.657569885253906,47.42361068725586,127.6244125366211,109.13887023925781,112.27306365966797,0.0007587710861116648,0.05644349381327629,21.013750076293945,0.7106378078460693,-0.2520420551300049,0.0,0.0
2380,594.75,45.48384094238281,47.42351150512695,134.24581909179688,109.1375503540039,112.54269409179688,0.0007546494016423821,0.05643892660737038,21.013620376586914,0.7106378078460693,-0.2735024690628052,0.0,0.0
2381,595,45.289005279541016,47.66902542114258,133.81686401367188,109.14591979980469,111.89231872558594,0.0007509398856200278,0.056434813886880875,21.013504028320312,0.7106378078460693,-0.22122657299041748,0.0,0.0
2382,595.25,45.333431243896484,47.44820022583008,131.54763793945312,109.13446044921875,112.7752914428711,0.000747601268813014,0.0564311146736145,21.013399124145508,0.7106378078460693,-0.29213404655456543,0.0,0.0
2383,595.5,45.190032958984375,47.40283203125,128.95021057128906,109.12653350830078,111.97676849365234,0.0007445965311489999,0.05642778426408768,21.0133056640625,0.7106378078460693,-0.22952409088611603,0.0,0.0
2384,595.75,45.39397048950195,47.066993713378906,131.8094482421875,109.13931274414062,112.01873779296875,0.0007373822736553848,0.056424785405397415,21.013221740722656,0.7006288170814514,-0.23181766271591187,0.0,0.0
2385,596,45.536460876464844,47.67011260986328,131.4217071533203,109.1476821899414,111.46515655517578,0.0007308894419111311,0.0563930906355381,21.013145446777344,0.6906198859214783,-0.1870330572128296,0.0,0.0
2386,596.25,45.62841033935547,47.544151306152344,130.49813842773438,109.12564849853516,112.45232391357422,0.0007250459166243672,0.05636456608772278,21.013076782226562,0.7006288170814514,-0.26732227206230164,0.0,0.0
2387,596.5,45.64579772949219,47.52448272705078,129.8798828125,109.11595153808594,111.9046630859375,0.0007197867380455136,0.05633889511227608,21.013015747070312,0.7006288170814514,-0.22465305030345917,0.0,0.0
2388,596.75,45.54481887817383,47.1968879699707,129.2685089111328,109.12520599365234,112.20886993408203,0.0007073243614286184,0.056315790861845016,21.01296043395996,0.7006288170814514,-0.24806486070156097,0.0,0.0
2389,597,45.61444854736328,47.619102478027344,132.5704345703125,109.120361328125,112.00688934326172,0.0006961082108318806,0.056294996291399,21.012910842895508,0.6906198859214783,-0.2324216365814209,0.0,0.0
2390,597.25,45.8587646484375,47.76972579956055,129.71807861328125,109.10802459716797,111.5782470703125,0.0006860136636532843,0.05631977692246437,21.01286506652832,0.7006288170814514,-0.19929583370685577,0.0,0.0
2391,597.5,45.61549377441406,47.4778938293457,130.82711791992188,109.1044921875,112.84245300292969,0.0006769285537302494,0.05634208023548126,21.01282501220703,0.7106378078460693,-0.2998783588409424,0.0,0.0
2392,597.75,45.58598709106445,47.537353515625,129.80584716796875,109.10625457763672,111.85281372070312,0.0006642448715865612,0.056362152099609375,21.012788772583008,0.6906198859214783,-0.2213190346956253,0.0,0.0
2393,598,45.38348388671875,47.80632019042969,131.2820281982422,109.10890197753906,111.4137954711914,0.0006528295343741775,0.056380219757556915,21.01275634765625,0.6806108951568604,-0.18609404563903809,0.0,0.0
2394,598.25,45.76868438720703,47.44122314453125,130.7332305908203,109.10802459716797,111.67157745361328,0.0006425557075999677,0.05641822889447212,21.012725830078125,0.6906198859214783,-0.20673875510692596,0.0,0.0
2395,598.5,45.72117614746094,47.15516662597656,128.2449493408203,109.09347534179688,111.41824340820312,0.0006333093042485416,0.0564524382352829,21.012699127197266,0.6906198859214783,-0.18770824372768402,0.0,0.0
2396,598.75,45.75981140136719,47.419029235839844,131.27745056152344,109.09656524658203,111.77873992919922,0.0006250335136428475,0.05648322403430939,21.01267433166504,0.6706019043922424,-0.2162121832370758,0.0,0.0
2397,599,45.7613639831543,47.189395904541016,127.71295166015625,109.10405731201172,111.77676391601562,0.0006175853195600212,0.05651093274354935,21.012653350830078,0.6806108951568604,-0.21544350683689117,0.0,0.0
2398,599.25,45.53896713256836,47.74225997924805,129.2486572265625,109.0943603515625,112.13380432128906,0.0006108818924985826,0.05652137100696564,21.01263427734375,0.7006288170814514,-0.24462445080280304,0.0,0.0
2399,599.5,45.484012603759766,47.42365646362305,130.67979431152344,109.09039306640625,112.24540710449219,0.0006048488430678844,0.05653076246380806,21.012617111206055,0.7006288170814514,-0.25380364060401917,0.0,0.0
2400,599.75,45.85817337036133,47.60763931274414,127.05042266845703,109.09303283691406,112.75949096679688,0.0005994191160425544,0.05653921514749527,21.012601852416992,0.6806108951568604,-0.29426664113998413,0.0,0.0
2401,600,45.745948791503906,47.94297790527344,133.53903198242188,109.08950805664062,111.98861694335938,0.0005945323500782251,0.05654682219028473,21.012588500976562,0.6806108951568604,-0.23348701000213623,0.0,0.0
2402,600.25,45.385257720947266,47.37541198730469,134.85873413085938,109.08731079101562,111.57231903076172,0.0005901342374272645,0.05653917044401169,21.012575149536133,0.6806108951568604,-0.20051300525665283,0.0,0.0
2403,600.5,45.63477325439453,47.18742752075195,133.1795196533203,109.07672882080078,111.97232055664062,0.0005829570000059903,0.05653228610754013,21.012563705444336,0.6906198859214783,-0.23323427140712738,0.0,0.0
2404,600.75,45.587318420410156,47.224517822265625,127.39466094970703,109.08818817138672,112.59503936767578,0.00057649752125144,0.05652608722448349,21.012466430664062,0.7106378078460693,-0.2816692292690277,0.0,0.0
2405,601,45.48289108276367,47.66254806518555,129.76768493652344,109.09127044677734,111.31651306152344,0.0005706839729100466,0.05652051046490669,21.012378692626953,0.6906198859214783,-0.1797560304403305,0.0,0.0
2406,601.25,45.880218505859375,47.355552673339844,130.2401580810547,109.08025360107422,111.3614501953125,0.0005654518026858568,0.05650823935866356,21.012300491333008,0.6906198859214783,-0.18424828350543976,0.0,0.0
2407,601.5,45.29627990722656,47.53106689453125,130.81642150878906,109.07099914550781,111.99207305908203,0.0005568809574469924,0.05649719759821892,21.012229919433594,0.6906198859214783,-0.23527219891548157,0.0,0.0
2408,601.75,45.541561126708984,47.716705322265625,129.57687377929688,109.08113861083984,112.023681640625,0.0005491672200150788,0.05648725852370262,21.01216697692871,0.6906198859214783,-0.2369568943977356,0.0,0.0
2409,602,45.460262298583984,47.508052825927734,131.06448364257812,109.09700012207031,111.72935485839844,0.0005422248505055904,0.056478314101696014,21.012109756469727,0.6906198859214783,-0.21224281191825867,0.0,0.0
2410,602.25,45.79070281982422,47.1104621887207,129.07920837402344,109.07320404052734,111.63848876953125,0.000535976723767817,0.05647026374936104,21.01205825805664,0.6906198859214783,-0.2069418579339981,0.0,0.0
2411,602.5,45.116573333740234,47.63909912109375,132.52540588378906,109.07231903076172,112.19207763671875,0.000520059373229742,0.05646301805973053,21.012012481689453,0.6906198859214783,-0.25104811787605286,0.0,0.0
2412,602.75,45.576263427734375,47.16453552246094,129.2646942138672,109.07540893554688,112.96343994140625,0.0005057337111793458,0.05644159018993378,21.01197052001953,0.6906198859214783,-0.3117910325527191,0.0,0.0
2413,603,45.639381408691406,47.774288177490234,127.09393310546875,109.07937622070312,112.16787719726562,0.0004928406560793519,0.05642230436205864,21.011932373046875,0.7006288170814514,-0.24855153262615204,0.0,0.0
2414,603.25,45.59844970703125,47.25486373901367,130.21343994140625,109.07893371582031,112.50022888183594,0.00048123690066859126,0.056404948234558105,21.011898040771484,0.7006288170814514,-0.274925172328949,0.0,0.0
2415,603.5,45.68785858154297,47.48046112060547,129.38070678710938,109.08201599121094,112.2217025756836,0.0004707935149781406,0.056389328092336655,21.01186752319336,0.6906198859214783,-0.2526070177555084,0.0,0.0
2416,603.75,45.7381591796875,46.86675262451172,131.9453125,109.08201599121094,111.8824462890625,0.00045046283048577607,0.05637526884675026,21.012073516845703,0.6906198859214783,-0.22565491497516632,0.0,0.0
2417,604,44.86000061035156,47.541542053222656,132.08193969726562,109.0943603515625,111.52293395996094,0.00043216522317379713,0.056355368345975876,21.012258529663086,0.6906198859214783,-0.1959962546825409,0.0,0.0
2418,604.25,45.558048248291016,47.34489440917969,131.19271850585938,109.0851058959961,112.0261459350586,0.00041569737368263304,0.05633745715022087,21.01242446899414,0.6706019043922424,-0.23682884871959686,0.0,0.0
2419,604.5,45.214805603027344,47.25556945800781,132.00714111328125,109.09391784667969,112.82122039794922,0.0003950917162001133,0.056321337819099426,21.012575149536133,0.6605929732322693,-0.2990661859512329,0.0,0.0
2420,604.75,45.58980178833008,47.509971618652344,129.58831787109375,109.10581970214844,112.51750946044922,0.00037654663901776075,0.05630682781338692,21.012710571289062,0.6806108951568604,-0.27409887313842773,0.0,0.0
2421,605,45.68341064453125,47.124813079833984,129.9371337890625,109.1115493774414,111.59700775146484,0.0003598560579121113,0.05630826577544212,21.012832641601562,0.6806108951568604,-0.200504869222641,0.0,0.0
2422,605.25,45.696044921875,47.42195510864258,128.19686889648438,109.11815643310547,112.01577758789062,0.00034483455237932503,0.05630956217646599,21.012941360473633,0.6806108951568604,-0.2333083599805832,0.0,0.0
2423,605.5,45.60786819458008,47.593204498291016,130.79811096191406,109.11771392822266,111.86022186279297,0.00032874479074962437,0.05631072819232941,21.01304054260254,0.6806108951568604,-0.2209736406803131,0.0,0.0
2424,605.75,45.579551696777344,47.554569244384766,129.31735229492188,109.1190414428711,111.42565155029297,0.0003142640052828938,0.05631177872419357,21.01312828063965,0.6806108951568604,-0.18621377646923065,0.0,0.0
2425,606,45.46096420288086,47.71913528442383,126.02458190917969,109.12785339355469,111.69429779052734,0.00030123128090053797,0.05631272494792938,21.013208389282227,0.6806108951568604,-0.20693209767341614,0.0,0.0
2426,606.25,44.97418975830078,47.313232421875,128.62353515625,109.12741088867188,112.98121643066406,0.00028950185514986515,0.05631357431411743,21.013280868530273,0.6806108951568604,-0.308948814868927,0.0,0.0
2427,606.5,45.247840881347656,47.121097564697266,131.6239776611328,109.1375503540039,111.75601959228516,0.0002789453719742596,0.056314337998628616,21.01334571838379,0.6706019043922424,-0.2110588252544403,0.0,0.0
2428,606.75,45.42371368408203,47.533782958984375,130.68360900878906,109.14195251464844,111.87997436523438,0.00026944451383315027,0.05631502717733383,21.013402938842773,0.6806108951568604,-0.22056786715984344,0.0,0.0
2429,607,45.49211502075195,47.7072639465332,131.885009765625,109.1463623046875,112.44788360595703,0.000264106725808233,0.056315645575523376,21.01345443725586,0.6806108951568604,-0.2652813792228699,0.0,0.0
2430,607.25,45.71305465698242,47.268531799316406,130.8148956298828,109.14415740966797,111.79256439208984,0.0002593027020338923,0.05632345378398895,21.013269424438477,0.6605929732322693,-0.2134302258491516,0.0,0.0
2431,607.5,45.54881286621094,47.51643753051758,127.0023422241211,109.13446044921875,111.43849182128906,0.00025497909518890083,0.05633047968149185,21.01310157775879,0.6706019043922424,-0.1859818994998932,0.0,0.0
2432,607.75,45.26548385620117,47.25429916381836,129.7516632080078,109.16839599609375,111.83849334716797,0.0002510878548491746,0.05633680522441864,21.012950897216797,0.6706019043922424,-0.21511028707027435,0.0,0.0
2433,608,45.23477554321289,47.18659210205078,128.7158966064453,109.14944458007812,111.58466339111328,0.00025272773928008974,0.05634249746799469,21.012815475463867,0.6706019043922424,-0.196428582072258,0.0,0.0
2434,608.25,45.39957046508789,47.29779815673828,129.75852966308594,109.1556167602539,111.7179946899414,0.00025420362362638116,0.056347619742155075,21.012693405151367,0.6806108951568604,-0.20655573904514313,0.0,0.0
2435,608.5,45.074703216552734,47.18829345703125,133.2909698486328,109.1454849243164,112.0217056274414,0.0002555319224484265,0.05635223165154457,21.012582778930664,0.6806108951568604,-0.23155026137828827,0.0,0.0
2436,608.75,45.494571685791016,47.25186538696289,130.95838928222656,109.14283752441406,112.19651794433594,0.0002567273913882673,0.05635638162493706,21.012483596801758,0.7006288170814514,-0.2456471025943756,0.0,0.0
2437,609,45.607357025146484,47.789825439453125,128.2319793701172,109.15209197998047,112.27059173583984,0.00025780333089642227,0.056360114365816116,21.012393951416016,0.7006288170814514,-0.2507675886154175,0.0,0.0
2438,609.25,45.60527801513672,47.25868606567383,128.1373291015625,109.14063262939453,111.55404663085938,0.0002690142719075084,0.056348975747823715,21.012313842773438,0.7106378078460693,-0.1947043240070343,0.0,0.0
2439,609.5,45.49428176879883,47.33457946777344,133.5993194580078,109.14812469482422,111.51651763916016,0.00027910410426557064,0.056338950991630554,21.01224136352539,0.7106378078460693,-0.19109798967838287,0.0,0.0
2440,609.75,45.56816482543945,47.5150146484375,130.34396362304688,109.14195251464844,113.31307220458984,0.00028818496502935886,0.05632992833852768,21.012176513671875,0.7106378078460693,-0.33387210965156555,0.0,0.0
2441,610,45.46797561645508,47.243125915527344,131.78883361816406,109.13666534423828,112.79949188232422,0.0002963577280752361,0.05632180720567703,21.01211929321289,0.7006288170814514,-0.29386410117149353,0.0,0.0
2442,610.25,45.564022064208984,47.33604049682617,128.19000244140625,109.13490295410156,111.93429565429688,0.00030371322645805776,0.05631449818611145,21.012067794799805,0.6906198859214783,-0.22546444833278656,0.0,0.0
2443,610.5,45.59733963012695,47.56047821044922,128.3831024169922,109.13314056396484,111.96688842773438,0.0003212706360500306,0.056307923048734665,21.012020111083984,0.7006288170814514,-0.2281995266675949,0.0,0.0
2444,610.75,45.41200637817383,47.54728317260742,130.5218048095703,109.13226318359375,112.62516784667969,0.00033707229886204004,0.05631650239229202,21.01206398010254,0.6906198859214783,-0.28045517206192017,0.0,0.0
2445,611,45.42833709716797,47.402122497558594,132.31932067871094,109.12873077392578,112.15108489990234,0.0003512937983032316,0.056324224919080734,21.012104034423828,0.6806108951568604,-0.24319183826446533,0.0,0.0
2446,611.25,45.5778923034668,47.523284912109375,126.98631286621094,109.11727905273438,111.88935852050781,0.00036409313906915486,0.056331176310777664,21.01214027404785,0.6806108951568604,-0.22332757711410522,0.0,0.0
2447,611.5,45.38694763183594,47.19182205200195,130.71261596679688,109.13005828857422,112.52837371826172,0.000382692989660427,0.05633743107318878,21.01217269897461,0.6706019043922424,-0.27298104763031006,0.0,0.0
2448,611.75,45.5627555847168,47.463706970214844,129.60433959960938,109.13358306884766,112.57528686523438,0.0003994328435510397,0.05634305998682976,21.0122013092041,0.6806108951568604,-0.27640393376350403,0.0,0.0
2449,612,45.681697845458984,47.34246063232422,131.4400177001953,109.12520599365234,112.0760269165039,0.000414498703321442,0.056348126381635666,21.01222801208496,0.6806108951568604,-0.23751981556415558,0.0,0.0
2450,612.25,45.11847686767578,47.055667877197266,129.7699737548828,109.11683654785156,112.41084289550781,0.00042805797420442104,0.05635268613696098,21.012250900268555,0.6806108951568604,-0.26475661993026733,0.0,0.0
2451,612.5,45.43368911743164,47.24598693847656,132.48646545410156,109.11859893798828,111.80145263671875,0.00044154911302030087,0.05635679140686989,21.012271881103516,0.6806108951568604,-0.21622304618358612,0.0,0.0
2452,612.75,45.860321044921875,47.19482421875,126.53369140625,109.12080383300781,111.49478912353516,0.0004536911437753588,0.056360483169555664,21.012290954589844,0.6906198859214783,-0.19159187376499176,0.0,0.0
2453,613,45.475215911865234,46.906497955322266,128.51515197753906,109.11066436767578,111.5219497680664,0.00046461899182759225,0.05632797256112099,21.01230812072754,0.6906198859214783,-0.19458772242069244,0.0,0.0
2454,613.25,45.02391052246094,47.59400939941406,129.80966186523438,109.10537719726562,111.44244384765625,0.0004744540492538363,0.05629871413111687,21.0123233795166,0.6906198859214783,-0.18867018818855286,0.0,0.0
2455,613.5,45.144954681396484,47.417015075683594,133.45582580566406,109.10845947265625,111.65380096435547,0.0004833056009374559,0.05627238005399704,21.01233673095703,0.7006288170814514,-0.2052861601114273,0.0,0.0
2456,613.75,45.23741149902344,47.11512756347656,129.05479431152344,109.11683654785156,112.13380432128906,0.00048805284313857555,0.056248679757118225,21.012348175048828,0.6906198859214783,-0.24279050529003143,0.0,0.0
2457,614,45.34888458251953,46.96410369873047,129.86614990234375,109.10758209228516,111.52935791015625,0.000492325343657285,0.05623459815979004,21.012359619140625,0.6906198859214783,-0.19543054699897766,0.0,0.0
2458,614.25,45.70408248901367,47.10836410522461,125.88108825683594,109.0952377319336,112.44393157958984,0.0004961705999448895,0.05622192472219467,21.01236915588379,0.7006288170814514,-0.2691388428211212,0.0,0.0
2459,614.5,45.24512481689453,47.330326080322266,130.9408416748047,109.0956802368164,112.21528625488281,0.0004996313364244998,0.05621051788330078,21.012378692626953,0.7006288170814514,-0.25098317861557007,0.0,0.0
2460,614.75,45.45440673828125,47.487464904785156,133.2428741455078,109.10713958740234,111.73577880859375,0.0005027460283599794,0.05620025098323822,21.012386322021484,0.7106378078460693,-0.21192710101604462,0.0,0.0
2461,615,45.73668670654297,47.512962341308594,130.09359741210938,109.10140991210938,112.36540985107422,0.0005055492511019111,0.05620551109313965,21.012393951416016,0.7006288170814514,-0.26241686940193176,0.0,0.0
2462,615.25,45.589271545410156,47.5954704284668,127.69921112060547,109.0956802368164,112.8513412475586,0.0005080721457488835,0.056210245937108994,21.012399673461914,0.7006288170814514,-0.30129870772361755,0.0,0.0
2463,615.5,45.63529968261719,47.32722854614258,128.50828552246094,109.08731079101562,111.74812316894531,0.0005090551567263901,0.056214503943920135,21.012405395507812,0.7006288170814514,-0.2145286649465561,0.0,0.0
2464,615.75,45.73338317871094,47.3318977355957,130.69277954101562,109.10890197753906,112.04886627197266,0.0005099398549646139,0.05621833726763725,21.012775421142578,0.7006288170814514,-0.2366926223039627,0.0,0.0
2465,616,45.2924919128418,47.355445861816406,130.36151123046875,109.07099914550781,112.00590515136719,0.0005107360775582492,0.05622178688645363,21.013107299804688,0.7006288170814514,-0.2363716959953308,0.0,0.0
2466,616.25,45.39655685424805,47.500823974609375,131.85447692871094,109.07937622070312,111.72342681884766,0.0005114526720717549,0.05619589611887932,21.01340675354004,0.6806108951568604,-0.21320849657058716,0.0,0.0
2467,616.5,45.29823303222656,47.590850830078125,128.4403533935547,109.0696792602539,112.50466918945312,0.0005120976129546762,0.05617259442806244,21.013675689697266,0.6806108951568604,-0.27603229880332947,0.0,0.0
2468,616.75,45.4112434387207,47.28730010986328,130.1363525390625,109.08113861083984,112.16985321044922,0.0005126780597493052,0.0561516247689724,21.013917922973633,0.6806108951568604,-0.24856463074684143,0.0,0.0
2469,617,45.66042709350586,47.30199432373047,130.6859130859375,109.07320404052734,111.633056640625,0.0005132004735060036,0.05613275244832039,21.014137268066406,0.6906198859214783,-0.2065090388059616,0.0,0.0
2470,617.25,45.07112121582031,47.187767028808594,131.0133514404297,109.0696792602539,112.33726501464844,0.0005136706749908626,0.0561157651245594,21.014333724975586,0.6906198859214783,-0.2627764344215393,0.0,0.0
2471,617.5,45.6445426940918,47.49203872680664,131.2316436767578,109.06747436523438,112.24392700195312,0.000516025407705456,0.056100476533174515,21.014511108398438,0.7106378078460693,-0.2555568516254425,0.0,0.0
2472,617.75,45.15147018432617,47.176116943359375,128.4464569091797,109.07628631591797,111.62268829345703,0.0005181446904316545,0.056086719036102295,21.01466941833496,0.6906198859214783,-0.20543058216571808,0.0,0.0
2473,618,45.857452392578125,47.45427703857422,128.6426239013672,109.05469512939453,111.87454223632812,0.000520052039064467,0.05605984106659889,21.014812469482422,0.6906198859214783,-0.22725562751293182,0.0,0.0
2474,618.25,45.790653228759766,47.371299743652344,128.60446166992188,109.05777740478516,111.57330322265625,0.000521768641192466,0.05603564903140068,21.014942169189453,0.7006288170814514,-0.20300158858299255,0.0,0.0
2475,618.5,45.52949523925781,46.898380279541016,129.48451232910156,109.06791687011719,111.64886474609375,0.0005200948799028993,0.05601387843489647,21.015058517456055,0.7006288170814514,-0.20820081233978271,0.0,0.0
2476,618.75,45.26785659790039,47.381248474121094,128.7052001953125,109.0604248046875,111.9698486328125,0.0005185884656384587,0.05599428340792656,21.01516342163086,0.6906198859214783,-0.23436838388442993,0.0,0.0
2477,619,45.68514633178711,47.49994659423828,129.6593017578125,109.04103088378906,112.154052734375,0.0005172326928004622,0.055991142988204956,21.015256881713867,0.7006288170814514,-0.250584214925766,0.0,0.0
2478,619.25,45.585716247558594,47.334068298339844,129.84706115722656,109.03882598876953,111.64737701416016,0.0005160125438123941,0.05598831921815872,21.01534080505371,0.7006288170814514,-0.21045681834220886,0.0,0.0
2479,619.5,45.41136169433594,47.583702087402344,133.60086059570312,109.04852294921875,111.77824401855469,0.0005149143980816007,0.05598577857017517,21.015417098999023,0.6906198859214783,-0.22009357810020447,0.0,0.0
2480,619.75,45.76129913330078,47.33750534057617,129.71043395996094,109.04896545410156,111.46417236328125,0.0005055603687651455,0.055983491241931915,21.015485763549805,0.7006288170814514,-0.19500967860221863,0.0,0.0
2481,620,45.37577819824219,47.40745544433594,132.83299255371094,109.03971099853516,112.27306365966797,0.0004971417365595698,0.055981431156396866,21.015546798706055,0.7106378078460693,-0.26013341546058655,0.0,0.0
2482,620.25,45.65689468383789,47.59186553955078,130.0378875732422,109.03221893310547,111.5807113647461,0.0004895649617537856,0.055994074791669846,21.015602111816406,0.7106378078460693,-0.2056792825460434,0.0,0.0
2483,620.5,45.606414794921875,47.71036148071289,129.39520263671875,109.03177642822266,111.72342681884766,0.000482745876070112,0.05600545182824135,21.01565170288086,0.7106378078460693,-0.2170940339565277,0.0,0.0
2484,620.75,45.706722259521484,47.18517303466797,129.00746154785156,109.0278091430664,112.03898620605469,0.00047660869313403964,0.05601569265127182,21.015697479248047,0.7006288170814514,-0.24252605438232422,0.0,0.0
2485,621,45.24724578857422,47.476226806640625,131.66976928710938,109.02384185791016,111.95997619628906,0.00047108522267080843,0.056024909019470215,21.015737533569336,0.7106378078460693,-0.23657001554965973,0.0,0.0
2486,621.25,45.230316162109375,47.60752868652344,131.40185546875,109.01811218261719,111.70269012451172,0.0004661141138058156,0.0560477040708065,21.01577377319336,0.7006288170814514,-0.21655739843845367,0.0,0.0
2487,621.5,45.124961853027344,47.502349853515625,133.3062286376953,109.0172348022461,112.85627746582031,0.000459710048744455,0.05606821924448013,21.015806198120117,0.7006288170814514,-0.30809134244918823,0.0,0.0
2488,621.75,45.72035598754883,47.221046447753906,130.3309783935547,109.01238250732422,111.8696060180664,0.00045394638436846435,0.05608668178319931,21.015836715698242,0.7006288170814514,-0.2303173989057541,0.0,0.0
2489,622,45.65068435668945,47.28188705444336,131.0255584716797,109.00092315673828,113.58319854736328,0.0004487590922508389,0.05610329657793045,21.0158634185791,0.7006288170814514,-0.3665789067745209,0.0,0.0
2490,622.25,45.54240798950195,47.55608367919922,128.61361694335938,108.99696350097656,112.34861755371094,0.00044409051770344377,0.05612549930810928,21.015888214111328,0.7106378078460693,-0.26961249113082886,0.0,0.0
2491,622.5,45.249603271484375,47.397098541259766,124.67816925048828,109.00004577636719,111.937255859375,0.00043924563215114176,0.05614548176527023,21.01590919494629,0.7106378078460693,-0.23670679330825806,0.0,0.0
2492,622.75,45.58427047729492,47.56675338745117,130.80116271972656,109.01150512695312,112.11405181884766,0.000434885238064453,0.05616346746683121,21.015928268432617,0.7006288170814514,-0.24981965124607086,0.0,0.0
2493,623,45.26068115234375,47.33404541015625,127.439697265625,108.98065185546875,112.1866455078125,0.00043096087756566703,0.056179653853178024,21.015945434570312,0.7006288170814514,-0.25810185074806213,0.0,0.0
2494,623.25,44.93268585205078,47.317665100097656,129.11203002929688,108.97756958007812,111.9387435913086,0.00042742895311675966,0.05619422346353531,21.015960693359375,0.7006288170814514,-0.23866048455238342,0.0,0.0
2495,623.5,45.17930603027344,47.57588195800781,128.54263305664062,108.98285675048828,111.6562728881836,0.0004191044135950506,0.0562145821750164,21.015974044799805,0.7106378078460693,-0.2157365083694458,0.0,0.0
2496,623.75,45.40326690673828,47.54011154174805,128.0999298095703,108.98417663574219,111.39009094238281,0.00041161233093589544,0.05623290687799454,21.015987396240234,0.7106378078460693,-0.19438165426254272,0.0,0.0
2497,624,45.34031677246094,47.435791015625,132.49258422851562,108.9744873046875,111.08836364746094,0.00040486943908035755,0.05624939873814583,21.01599884033203,0.7006288170814514,-0.17102712392807007,0.0,0.0
2498,624.25,45.95344161987305,47.41090393066406,131.0736541748047,108.96963500976562,111.6997299194336,0.0003988008538726717,0.0562642402946949,21.016008377075195,0.7006288170814514,-0.2202806919813156,0.0,0.0
2499,624.5,45.73227310180664,47.775299072265625,129.8333282470703,108.96479034423828,111.95059204101562,0.00038755222340114415,0.056277599185705185,21.01601791381836,0.7006288170814514,-0.24064676463603973,0.0,0.0
2500,624.75,45.37123489379883,47.207332611083984,130.6065216064453,108.966552734375,111.49330139160156,0.00037742845597676933,0.05628962069749832,21.01602554321289,0.7106378078460693,-0.20406562089920044,0.0,0.0
2501,625,45.45429611206055,47.06499099731445,129.78065490722656,108.96082305908203,111.8957748413086,0.000368317065294832,0.056300438940525055,21.016033172607422,0.7006288170814514,-0.23661090433597565,0.0,0.0
2502,625.25,45.388755798339844,47.50490951538086,128.18235778808594,108.95377349853516,111.49330139160156,0.0003601168282330036,0.056310176849365234,21.016040802001953,0.6906198859214783,-0.20510968565940857,0.0,0.0
2503,625.5,45.672157287597656,47.701927185058594,131.9262237548828,108.95201110839844,111.4784927368164,0.0003527365915942937,0.05631893873214722,21.01604652404785,0.6906198859214783,-0.20407159626483917,0.0,0.0
2504,625.75,44.851314544677734,47.587791442871094,127.9526138305664,108.95201110839844,111.75651550292969,0.00034352295915596187,0.05632682517170906,21.01605224609375,0.7006288170814514,-0.22624486684799194,0.0,0.0
2505,626,45.403961181640625,47.52454376220703,129.39749145507812,108.94715881347656,111.65972900390625,0.0003352306957822293,0.05631217733025551,21.01605796813965,0.6806108951568604,-0.21892866492271423,0.0,0.0
2506,626.25,44.948543548583984,47.16618347167969,126.40164184570312,108.95377349853516,112.12541198730469,0.00032776765874587,0.05629899352788925,21.016061782836914,0.6806108951568604,-0.2554372549057007,0.0,0.0
2507,626.5,45.71662902832031,47.386295318603516,130.5904998779297,108.94628143310547,111.6197280883789,0.0003210509312339127,0.05628712847828865,21.01606559753418,0.6806108951568604,-0.21581044793128967,0.0,0.0
2508,626.75,45.34493637084961,47.51894760131836,128.47393798828125,108.96126556396484,112.0888671875,0.0003207919653505087,0.05627645179629326,21.016069412231445,0.6806108951568604,-0.2519235908985138,0.0,0.0
2509,627,45.536338806152344,47.38554000854492,132.7696533203125,108.92952728271484,111.5481185913086,0.00032055890187621117,0.05626684054732323,21.01607322692871,0.6806108951568604,-0.21146687865257263,0.0,0.0
2510,627.25,45.26481628417969,47.23741912841797,127.59998321533203,108.91895294189453,111.79010009765625,0.0003203491505701095,0.05627268925309181,21.016077041625977,0.6906198859214783,-0.23162159323692322,0.0,0.0
2511,627.5,45.864898681640625,47.23055648803711,129.29673767089844,108.93790435791016,111.53675842285156,0.0003201603831257671,0.05627795308828354,21.01607894897461,0.6906198859214783,-0.20987550914287567,0.0,0.0
2512,627.75,45.5630989074707,47.34557342529297,126.9740982055664,108.92644500732422,112.0780029296875,0.0003199904749635607,0.05628269165754318,21.016080856323242,0.6906198859214783,-0.2539057433605194,0.0,0.0
2513,628,45.481101989746094,47.444496154785156,130.5218048095703,108.91146087646484,111.58811950683594,0.0003436446422711015,0.05628695711493492,21.016082763671875,0.6906198859214783,-0.21613499522209167,0.0,0.0
2514,628.25,45.12828826904297,47.23003005981445,129.32269287109375,108.92556762695312,112.33775329589844,0.0003649333957582712,0.05628354474902153,21.016084671020508,0.6906198859214783,-0.2745848000049591,0.0,0.0
2515,628.5,45.53923416137695,47.39141845703125,128.28768920898438,108.9246826171875,112.30121612548828,0.00038409329135902226,0.0562804751098156,21.01608657836914,0.6706019043922424,-0.271761029958725,0.0,0.0
2516,628.75,45.394161224365234,47.696964263916016,129.5585479736328,108.91410827636719,111.2612075805664,0.00040133719448931515,0.05627771094441414,21.016088485717773,0.6706019043922424,-0.18980079889297485,0.0,0.0
2517,629,45.669193267822266,47.4307746887207,129.64402770996094,108.90309143066406,111.50713348388672,0.00043746992014348507,0.056275222450494766,21.016090393066406,0.6906198859214783,-0.21035632491111755,0.0,0.0
2518,629.25,45.61980056762695,47.013893127441406,128.7151336669922,108.90969848632812,111.82713317871094,0.00046998937614262104,0.05627298355102539,21.01609230041504,0.6906198859214783,-0.2353261262178421,0.0,0.0
2519,629.5,45.21574401855469,47.33810806274414,128.90365600585938,108.89912414550781,111.59107971191406,0.0004992568865418434,0.05627096816897392,21.016094207763672,0.6906198859214783,-0.21737948060035706,0.0,0.0
2520,629.75,45.1251106262207,47.30245590209961,130.3447265625,108.90220642089844,112.14664459228516,0.0005255976575426757,0.05626915395259857,21.016094207763672,0.7006288170814514,-0.2613370716571808,0.0,0.0
2521,630,45.31096267700195,47.859867095947266,129.5516815185547,108.88369750976562,112.30170440673828,0.0005493043572641909,0.056267522275447845,21.016094207763672,0.7106378078460693,-0.2751501202583313,0.0,0.0
2522,630.25,45.773460388183594,47.43415832519531,130.2088623046875,108.88810729980469,112.53923797607422,0.0005797109333798289,0.05626605451107025,21.016094207763672,0.6906198859214783,-0.2935986816883087,0.0,0.0
2523,630.5,45.110755920410156,47.37997817993164,131.4178924560547,108.89427185058594,111.08688354492188,0.0006070768577046692,0.05625748261809349,21.016094207763672,0.6906198859214783,-0.17746339738368988,0.0,0.0
2524,630.75,45.38711166381836,47.05125045776367,129.9310302734375,108.88677978515625,111.20589447021484,0.0006317061488516629,0.056249767541885376,21.016094207763672,0.7006288170814514,-0.18760798871517181,0.0,0.0
2525,631,45.29389190673828,47.52873992919922,128.1434326171875,108.87884521484375,111.54959869384766,0.0006538725574500859,0.05624282360076904,21.016094207763672,0.6906198859214783,-0.2157278060913086,0.0,0.0
2526,631.25,45.67247009277344,46.85155487060547,132.8070526123047,108.86695098876953,111.6962661743164,0.0006738223019056022,0.05623657628893852,21.016094207763672,0.6806108951568604,-0.22839713096618652,0.0,0.0
2527,631.5,45.776947021484375,47.7384033203125,130.01116943359375,108.88766479492188,111.85726165771484,0.0006859744898974895,0.056252699345350266,21.016094207763672,0.6906198859214783,-0.2395254522562027,0.0,0.0
2528,631.75,45.19172668457031,47.60012435913086,128.4937744140625,108.87003326416016,111.7397232055664,0.0006969114183448255,0.056267209351062775,21.016008377075195,0.6906198859214783,-0.23160797357559204,0.0,0.0
2529,632,45.72581481933594,47.259117126464844,130.29586791992188,108.86077880859375,111.63898468017578,0.0007067546830512583,0.05628027021884918,21.015932083129883,0.6906198859214783,-0.22433580458164215,0.0,0.0
2530,632.25,45.697792053222656,46.88872528076172,133.6474151611328,108.85990142822266,111.95108795166016,0.0007156135980039835,0.05629202350974083,21.0158634185791,0.6806108951568604,-0.24925923347473145,0.0,0.0
2531,632.5,45.29998779296875,47.570411682128906,129.16546630859375,108.86695098876953,111.96195220947266,0.0007158529479056597,0.056317102164030075,21.01580047607422,0.6806108951568604,-0.24954679608345032,0.0,0.0
2532,632.75,45.38423538208008,47.56708526611328,130.6195068359375,108.87003326416016,111.97331237792969,0.0007160683162510395,0.056339673697948456,21.015745162963867,0.6806108951568604,-0.2501978278160095,0.0,0.0
2533,633,44.920501708984375,47.62129211425781,128.02894592285156,108.85328674316406,111.8631820678711,0.0007162621477618814,0.05635998770594597,21.01569366455078,0.6906198859214783,-0.24280740320682526,0.0,0.0
2534,633.25,45.63654708862305,47.094364166259766,126.88327026367188,108.86122131347656,111.61528015136719,0.000716436596121639,0.05637827143073082,21.015647888183594,0.6906198859214783,-0.222409188747406,0.0,0.0
2535,633.5,45.43368911743164,47.4149284362793,129.01966857910156,108.85945892333984,111.936767578125,0.0007049990817904472,0.056394726037979126,21.015607833862305,0.7006288170814514,-0.2481570541858673,0.0,0.0
2536,633.75,45.27589416503906,47.50928497314453,129.39520263671875,108.86518859863281,112.94961547851562,0.0006947052897885442,0.05640953406691551,21.01557159423828,0.7106378078460693,-0.327875018119812,0.0,0.0
2537,634,45.153961181640625,47.520938873291016,132.5330352783203,108.84711456298828,112.03108978271484,0.0006854409002698958,0.05637170746922493,21.015539169311523,0.7006288170814514,-0.25666433572769165,0.0,0.0
2538,634.25,45.70846939086914,47.551490783691406,127.98238372802734,108.8396224975586,112.36096954345703,0.0006771029438823462,0.056337662041187286,21.0155086517334,0.7006288170814514,-0.2834509313106537,0.0,0.0
2539,634.5,45.62555694580078,47.26716232299805,126.62299346923828,108.86430358886719,111.9239273071289,0.000669598754029721,0.05630702152848244,21.01548194885254,0.6906198859214783,-0.2467396855354309,0.0,0.0
2540,634.75,45.83139419555664,47.0651969909668,129.85699462890625,108.83565521240234,111.45379638671875,0.0006628449773415923,0.05627944692969322,21.015457153320312,0.6906198859214783,-0.21161140501499176,0.0,0.0
2541,635,45.729454040527344,47.18865203857422,131.46063232421875,108.83389282226562,111.70565032958984,0.0006342408014461398,0.05625462904572487,21.01543617248535,0.7006288170814514,-0.23184868693351746,0.0,0.0
2542,635.25,45.486812591552734,47.69021987915039,129.12271118164062,108.82508087158203,112.0133056640625,0.000608497008215636,0.05625404044985771,21.015417098999023,0.7106378078460693,-0.2570531964302063,0.0,0.0
2543,635.5,45.680850982666016,46.977027893066406,128.83114624023438,108.83609771728516,112.74121856689453,0.000585327623412013,0.05625350773334503,21.015399932861328,0.7106378078460693,-0.31381455063819885,0.0,0.0
2544,635.75,45.71630096435547,47.556392669677734,128.8639678955078,108.82596588134766,112.30121612548828,0.0005541866412386298,0.05625303089618683,21.015384674072266,0.7006288170814514,-0.2798325717449188,0.0,0.0
2545,636,45.9336051940918,46.786338806152344,130.49127197265625,108.82111358642578,111.51206970214844,0.0005261597689241171,0.056252602487802505,21.01560401916504,0.6806108951568604,-0.2174539715051651,0.0,0.0
2546,636.25,45.410438537597656,47.59619140625,129.608154296875,108.81582641601562,111.54515838623047,0.0005009355954825878,0.05626671388745308,21.01580047607422,0.7006288170814514,-0.22052761912345886,0.0,0.0
2547,636.5,45.7420539855957,47.54796600341797,130.66453552246094,108.82860565185547,111.7614517211914,0.0004782338219229132,0.056279413402080536,21.01597785949707,0.7106378078460693,-0.23672693967819214,0.0,0.0
2548,636.75,45.44767761230469,47.658531188964844,135.1144256591797,108.81141662597656,111.7175064086914,0.00045780223445035517,0.05629084259271622,21.016138076782227,0.7106378078460693,-0.23463204503059387,0.0,0.0
2549,637,45.83008575439453,47.46842575073242,127.67020416259766,108.82772827148438,111.81824493408203,0.0004374852287583053,0.05630113184452057,21.016281127929688,0.7006288170814514,-0.2413211166858673,0.0,0.0
2550,637.25,45.748069763183594,47.58360290527344,129.9691925048828,108.79863739013672,112.32096862792969,0.0004191999323666096,0.05629589036107063,21.01641082763672,0.7006288170814514,-0.28363391757011414,0.0,0.0
2551,637.5,45.4265251159668,47.40031051635742,127.89155578613281,108.80789184570312,111.57281494140625,0.0004027431714348495,0.05629117414355278,21.01652717590332,0.7106378078460693,-0.2233836054801941,0.0,0.0
2552,637.75,45.516170501708984,46.754695892333984,130.97213745117188,108.80392456054688,111.80935668945312,0.00038793208659626544,0.05628693103790283,21.016632080078125,0.7106378078460693,-0.2425609529018402,0.0,0.0
2553,638,45.35677719116211,48.043277740478516,132.7414093017578,108.80128479003906,112.18269348144531,0.00037460209568962455,0.05628311261534691,21.016725540161133,0.7106378078460693,-0.2724519968032837,0.0,0.0
2554,638.25,45.8401985168457,47.4222526550293,130.32640075683594,108.79379272460938,112.27799987792969,0.000362605118425563,0.05626517906785011,21.016809463500977,0.7106378078460693,-0.2806243598461151,0.0,0.0
2555,638.5,45.733177185058594,47.232337951660156,132.57424926757812,108.81230163574219,111.6740493774414,0.00036788469878956676,0.05624903738498688,21.01688575744629,0.6906198859214783,-0.231096088886261,0.0,0.0
2556,638.75,45.327510833740234,47.64075469970703,127.64043426513672,108.79379272460938,111.85083770751953,0.0003726363356690854,0.056234508752822876,21.016939163208008,0.6906198859214783,-0.2466922402381897,0.0,0.0
2557,639,45.14448165893555,47.22393035888672,130.50729370117188,108.78585815429688,111.71453857421875,0.0003769127943087369,0.056221432983875275,21.016986846923828,0.6906198859214783,-0.23648665845394135,0.0,0.0
2558,639.25,45.29600143432617,47.44778060913086,131.04541015625,108.79335021972656,111.5155258178711,0.0003807616012636572,0.056209664791822433,21.017030715942383,0.6906198859214783,-0.22000113129615784,0.0,0.0
2559,639.5,45.90949630737305,47.50328826904297,130.92251586914062,108.81714630126953,111.44046783447266,0.00039387805736623704,0.05618457496166229,21.01706886291504,0.6706019043922424,-0.21206077933311462,0.0,0.0
2560,639.75,45.3577766418457,47.48725891113281,130.36532592773438,108.78850555419922,111.60391998291016,0.0004056828620377928,0.056161995977163315,21.01710319519043,0.6806108951568604,-0.22745102643966675,0.0,0.0
2561,640,45.19533920288086,47.015323638916016,128.06939697265625,108.78321075439453,111.74071502685547,0.000416307186242193,0.056141674518585205,21.017135620117188,0.6806108951568604,-0.23878909647464752,0.0,0.0
2562,640.25,45.42084503173828,47.34868240356445,129.6654052734375,108.78277587890625,110.92391967773438,0.0004258690751157701,0.056123387068510056,21.01716423034668,0.6706019043922424,-0.17351394891738892,0.0,0.0
2563,640.5,45.576168060302734,47.09178924560547,130.8927459716797,108.79158782958984,111.40737915039062,0.0004344747867435217,0.05610692501068115,21.017189025878906,0.6906198859214783,-0.2115081548690796,0.0,0.0
2564,640.75,45.56514358520508,47.297176361083984,127.03592681884766,108.7796859741211,111.14120483398438,0.00044994536438025534,0.05609210953116417,21.0172119140625,0.7006288170814514,-0.19118797779083252,0.0,0.0
2565,641,44.84775924682617,47.158878326416016,126.62223052978516,108.76734924316406,111.57182312011719,0.00046386889880523086,0.056100524961948395,21.01723289489746,0.6906198859214783,-0.22662204504013062,0.0,0.0
2566,641.25,45.16697311401367,47.87907028198242,127.76485443115234,108.77704620361328,111.4458999633789,0.0004764000768773258,0.05610809847712517,21.01725196838379,0.6906198859214783,-0.21577565371990204,0.0,0.0
2567,641.5,45.45741653442383,47.435569763183594,131.16294860839844,108.77484130859375,111.61923217773438,0.0004876781313214451,0.056114912033081055,21.017269134521484,0.6906198859214783,-0.2297903299331665,0.0,0.0
2568,641.75,45.53670120239258,47.17839050292969,129.4600830078125,108.75852966308594,111.63750457763672,0.0004978283541277051,0.05612104758620262,21.017284393310547,0.6906198859214783,-0.23258283734321594,0.0,0.0
2569,642,45.298152923583984,47.572914123535156,129.2799530029297,108.76646423339844,111.21923065185547,0.0005069635808467865,0.05614831671118736,21.017297744750977,0.6906198859214783,-0.19851721823215485,0.0,0.0
2570,642.25,45.684627532958984,47.76915740966797,129.72341918945312,108.76822662353516,111.50318145751953,0.0005267338128760457,0.05617285892367363,21.017309188842773,0.7006288170814514,-0.22107155621051788,0.0,0.0
2571,642.5,45.236270904541016,46.987998962402344,128.4403533935547,108.7536849975586,111.56491088867188,0.000544527021702379,0.05619494616985321,21.017173767089844,0.7106378078460693,-0.22718866169452667,0.0,0.0
2572,642.75,45.38378143310547,47.465816497802734,128.82351684570312,108.75236511230469,111.87899017333984,0.0005605408805422485,0.0562148243188858,21.017051696777344,0.6806108951568604,-0.25232261419296265,0.0,0.0
2573,643,45.672725677490234,47.337921142578125,133.12075805664062,108.75809478759766,111.54170227050781,0.0005749533884227276,0.05623271316289902,21.01694107055664,0.6806108951568604,-0.22497574985027313,0.0,0.0
2574,643.25,45.702423095703125,47.508399963378906,129.73867797851562,108.75016021728516,111.04293060302734,0.0005749533884227276,0.05624881386756897,21.01694107055664,0.6906198859214783,-0.18572939932346344,0.0,0.0
2575,643.5,45.491268157958984,47.626426696777344,131.88729858398438,108.76073455810547,111.14762115478516,0.0005950137274339795,0.05626330524682999,21.016841888427734,0.6806108951568604,-0.19325262308120728,0.0,0.0
2576,643.75,45.063255310058594,47.33992385864258,130.91488647460938,108.75633239746094,111.07404327392578,0.0006130679976195097,0.0562763474881649,21.016752243041992,0.7006288170814514,-0.18771801888942719,0.0,0.0
2577,644,45.71060562133789,47.41282653808594,131.93768310546875,108.74090576171875,112.54220581054688,0.0006293168407864869,0.056288085877895355,21.016672134399414,0.6906198859214783,-0.30587583780288696,0.0,0.0
2578,644.25,45.74522399902344,47.463687896728516,124.60565948486328,108.74398803710938,111.8483657836914,0.0006542562041431665,0.05629865080118179,21.016599655151367,0.7006288170814514,-0.25057166814804077,0.0,0.0
2579,644.5,45.708229064941406,47.64898681640625,132.24298095703125,108.74090576171875,111.52886199951172,0.0006767016020603478,0.056294068694114685,21.01653480529785,0.7106378078460693,-0.2253577709197998,0.0,0.0
2580,644.75,45.693153381347656,47.32127380371094,131.0744171142578,108.73649597167969,112.73084259033203,0.0006969025125727057,0.05628994479775429,21.016475677490234,0.7006288170814514,-0.3211453855037689,0.0,0.0
2581,645,45.49018859863281,47.34086990356445,128.05184936523438,108.72944641113281,111.82762908935547,0.0007150833262130618,0.05628623440861702,21.01642417907715,0.6906198859214783,-0.2501116096973419,0.0,0.0
2582,645.25,45.52748107910156,47.61814880371094,131.60107421875,108.73870086669922,111.47552490234375,0.0007372511317953467,0.0562828965485096,21.016376495361328,0.6706019043922424,-0.22128042578697205,0.0,0.0
2583,645.5,45.01557159423828,46.93516159057617,128.5418701171875,108.73473358154297,111.61083984375,0.0007572021568194032,0.05627989023923874,21.016334533691406,0.6806108951568604,-0.2324042171239853,0.0,0.0
2584,645.75,45.406307220458984,47.306034088134766,131.00343322753906,108.72592163085938,111.55997467041016,0.0007751581142656505,0.056298933923244476,21.01629638671875,0.6906198859214783,-0.2290678471326828,0.0,0.0
2585,646,45.502201080322266,47.61513900756836,128.70672607421875,108.73385620117188,112.10565948486328,0.0007913184817880392,0.0563160702586174,21.01626205444336,0.6806108951568604,-0.2718556523323059,0.0,0.0
2586,646.25,44.986976623535156,47.48902130126953,131.0232696533203,108.73385620117188,112.31652069091797,0.0008039275417104363,0.0563160702586174,21.016231536865234,0.6806108951568604,-0.2885833978652954,0.0,0.0
2587,646.5,45.48686599731445,47.436832427978516,128.47622680664062,108.72195434570312,111.65775299072266,0.000815275707282126,0.05633149296045303,21.016202926635742,0.6906198859214783,-0.23719176650047302,0.0,0.0
2588,646.75,45.389915466308594,47.90302658081055,129.5486297607422,108.72592163085938,111.14070892333984,0.0008254890562966466,0.0563453733921051,21.016178131103516,0.6806108951568604,-0.19554932415485382,0.0,0.0
2589,647,45.627418518066406,47.479454040527344,131.54611206054688,108.71578216552734,111.03305053710938,0.0008346810936927795,0.056379616260528564,21.016155242919922,0.6806108951568604,-0.1877521425485611,0.0,0.0
2590,647.25,45.38205337524414,47.718997955322266,130.44395446777344,108.72415924072266,111.53429412841797,0.0008345702663064003,0.05641043558716774,21.01613426208496,0.6906198859214783,-0.22716252505779266,0.0,0.0
2591,647.5,45.722164154052734,48.0659065246582,128.5075225830078,108.72547912597656,112.72640228271484,0.0008344705565832555,0.05643817409873009,21.016115188598633,0.6906198859214783,-0.3216971457004547,0.0,0.0
2592,647.75,45.34846496582031,47.3682861328125,130.42715454101562,108.71357727050781,111.98120880126953,0.000834380800370127,0.05646313726902008,21.015865325927734,0.6806108951568604,-0.26362794637680054,0.0,0.0
2593,648,45.6188850402832,47.50946044921875,131.3697967529297,108.71314239501953,111.71602630615234,0.0008343000081367791,0.0564783550798893,21.015640258789062,0.6806108951568604,-0.24255767464637756,0.0,0.0
2594,648.25,45.91120147705078,47.52574920654297,130.0218505859375,108.71533966064453,111.2330551147461,0.0008342273067682981,0.056492049247026443,21.015438079833984,0.6806108951568604,-0.20380938053131104,0.0,0.0
2595,648.5,45.93543243408203,47.597412109375,128.35256958007812,108.71049499511719,112.40886688232422,0.0008341618813574314,0.056504376232624054,21.015256881713867,0.6806108951568604,-0.29781243205070496,0.0,0.0
2596,648.75,45.173465728759766,47.781803131103516,128.26480102539062,108.69992065429688,111.15206909179688,0.0008128378540277481,0.05650097131729126,21.015092849731445,0.6906198859214783,-0.1985882967710495,0.0,0.0
2597,649,45.754188537597656,47.71125030517578,127.89842224121094,108.70476531982422,111.38367462158203,0.0007936462643556297,0.056497905403375626,21.01494598388672,0.6806108951568604,-0.2167210578918457,0.0,0.0
2598,649.25,45.62239456176758,47.542564392089844,129.2135467529297,108.70741271972656,111.4394760131836,0.0007763738394714892,0.056495144963264465,21.014814376831055,0.6806108951568604,-0.2209627628326416,0.0,0.0
2599,649.5,45.58857345581055,47.81256866455078,128.0274200439453,108.7016830444336,111.4024429321289,0.0007608286687172949,0.05649266019463539,21.01469612121582,0.6906198859214783,-0.21847350895404816,0.0,0.0
2600,649.75,45.29110336303711,47.88886260986328,129.2959747314453,108.69551086425781,111.49774932861328,0.0007230233168229461,0.056490425020456314,21.014589309692383,0.6906198859214783,-0.2265915721654892,0.0,0.0
2601,650,45.389259338378906,47.70390319824219,128.7303924560547,108.69330596923828,111.6636734008789,0.000688998494297266,0.05649566277861595,21.01449203491211,0.6906198859214783,-0.24000950157642365,0.0,0.0
2602,650.25,45.13658142089844,47.473876953125,129.4280242919922,108.71138000488281,111.8607177734375,0.0006583761423826218,0.056500378996133804,21.014404296875,0.6806108951568604,-0.25422403216362,0.0,0.0
2603,650.5,45.67422866821289,47.647647857666016,128.1022186279297,108.68890380859375,111.37133026123047,0.0006308160373009741,0.05650462210178375,21.014326095581055,0.6806108951568604,-0.21703313291072845,0.0,0.0
2604,650.75,45.57867431640625,47.374412536621094,128.2762451171875,108.69154357910156,111.92343139648438,0.0006060119485482574,0.056508440524339676,21.01425552368164,0.6706019043922424,-0.26083824038505554,0.0,0.0
2605,651,45.307647705078125,47.392826080322266,130.9499969482422,108.69683074951172,111.51256561279297,0.0005605454207397997,0.056490130722522736,21.014192581176758,0.6605929732322693,-0.22766603529453278,0.0,0.0
2606,651.25,45.61719512939453,47.28099822998047,130.55691528320312,108.70124053955078,111.21725463867188,0.000519625551532954,0.05647365003824234,21.014135360717773,0.6605929732322693,-0.20369915664196014,0.0,0.0
2607,651.5,45.57147979736328,47.596927642822266,127.47328186035156,108.68801879882812,111.05577087402344,0.0004827976517844945,0.05645881965756416,21.014083862304688,0.6605929732322693,-0.19184722006320953,0.0,0.0
2608,651.75,45.391937255859375,47.405853271484375,127.00615692138672,108.68978118896484,111.28046417236328,0.00044965255074203014,0.056445471942424774,21.0140380859375,0.6706019043922424,-0.2096957117319107,0.0,0.0
2609,652,45.32135009765625,47.7147102355957,127.69081115722656,108.68890380859375,111.80244445800781,0.0004198219394311309,0.056433457881212234,21.013996124267578,0.6706019043922424,-0.2514263391494751,0.0,0.0
2610,652.25,45.541648864746094,47.84427261352539,127.5030517578125,108.69639587402344,112.2217025756836,0.0003846241161227226,0.056408148258924484,21.013957977294922,0.6706019043922424,-0.2841329574584961,0.0,0.0
2611,652.5,45.68693923950195,47.2039909362793,135.2098388671875,108.68140411376953,111.59552764892578,0.0003529460809659213,0.05638536810874939,21.01392364501953,0.6806108951568604,-0.23555003106594086,0.0,0.0
2612,652.75,45.8368034362793,47.29142379760742,126.63443756103516,108.68405151367188,112.44047546386719,0.0003244358522351831,0.056364864110946655,21.013893127441406,0.7006288170814514,-0.3024810552597046,0.0,0.0
2613,653,45.37794876098633,47.4956169128418,132.96046447753906,108.68228912353516,111.11009216308594,0.0002987766347359866,0.05634641274809837,21.013866424560547,0.7006288170814514,-0.19666942954063416,0.0,0.0
2614,653.25,45.89838790893555,47.329254150390625,129.02120971679688,108.6862564086914,111.10021209716797,0.000275683356449008,0.05632980540394783,21.01384162902832,0.7006288170814514,-0.19555312395095825,0.0,0.0
2615,653.5,45.86653518676758,47.70932388305664,134.7587432861328,108.67523956298828,112.25479125976562,0.00026068041916005313,0.05633660778403282,21.01382064819336,0.7106378078460693,-0.2884902060031891,0.0,0.0
2616,653.75,46.08415603637695,47.107269287109375,131.2064666748047,108.6778793334961,111.83404541015625,0.0002471777843311429,0.056342728435993195,21.01380157470703,0.6906198859214783,-0.2548448443412781,0.0,0.0
2617,654,46.047950744628906,47.48597717285156,131.2949981689453,108.69286346435547,111.94861602783203,0.0002350254071643576,0.05634823814034462,21.013784408569336,0.7006288170814514,-0.26273271441459656,0.0,0.0
2618,654.25,45.416259765625,47.704254150390625,130.8019256591797,108.6778793334961,112.10762786865234,0.00022408826043829322,0.05635319650173187,21.013769149780273,0.6906198859214783,-0.2765955328941345,0.0,0.0
2619,654.5,45.62590789794922,47.766761779785156,129.91957092285156,108.66995239257812,111.81182861328125,0.00022324018937069923,0.05635765939950943,21.01375389099121,0.6906198859214783,-0.2537255585193634,0.0,0.0
2620,654.75,45.76237869262695,47.46903610229492,129.43031311035156,108.66157531738281,111.24441528320312,0.00022247692686505616,0.056397926062345505,21.013507843017578,0.7006288170814514,-0.2091214954853058,0.0,0.0
2621,655,45.031593322753906,47.85069274902344,130.61721801757812,108.68140411376953,111.2938003540039,0.00022178998915478587,0.05643416568636894,21.013286590576172,0.7006288170814514,-0.21144840121269226,0.0,0.0
2622,655.25,45.732723236083984,47.8187255859375,130.55691528320312,108.67964172363281,111.58268737792969,0.0002211717510363087,0.056466780602931976,21.013086318969727,0.7006288170814514,-0.23467017710208893,0.0,0.0
2623,655.5,45.319007873535156,47.829410552978516,130.92098999023438,108.67391204833984,111.55404663085938,0.00022061532945372164,0.05649613216519356,21.012907028198242,0.7006288170814514,-0.23285409808158875,0.0,0.0
2624,655.75,45.25294494628906,48.0212287902832,131.44688415527344,108.6677474975586,111.25182342529297,0.00022011455439496785,0.05652255192399025,21.012744903564453,0.6906198859214783,-0.20920896530151367,0.0,0.0
2625,656,46.18577575683594,47.48000717163086,129.19293212890625,108.6677474975586,111.77676391601562,0.00023123547725845128,0.056546326726675034,21.01259994506836,0.7006288170814514,-0.251114159822464,0.0,0.0
2626,656.25,45.658817291259766,47.54047393798828,130.92709350585938,108.67523956298828,111.04391479492188,0.00024124431365635246,0.0565677247941494,21.012468338012695,0.7006288170814514,-0.1919431835412979,0.0,0.0
2627,656.5,45.7110710144043,47.8978271484375,128.93190002441406,108.65849304199219,111.96688842773438,0.00025025225477293134,0.05658698454499245,21.01235008239746,0.6906198859214783,-0.26700133085250854,0.0,0.0
2628,656.75,45.61760330200195,47.81041717529297,130.62789916992188,108.67920684814453,111.38021850585938,0.0002583594177849591,0.05660431832075119,21.012243270874023,0.6906198859214783,-0.21853820979595184,0.0,0.0
2629,657,45.320064544677734,47.65117645263672,132.49868774414062,108.66465759277344,111.08836364746094,0.000280452222796157,0.05661266669631004,21.012147903442383,0.7006288170814514,-0.19637271761894226,0.0,0.0
2630,657.25,45.60941696166992,47.685237884521484,126.5481948852539,108.66333770751953,111.4829330444336,0.0003003357269335538,0.05662018060684204,21.012062072753906,0.6906198859214783,-0.2280438393354416,0.0,0.0
2631,657.5,45.42561721801758,47.72981643676758,129.72723388671875,108.6703872680664,111.35997009277344,0.00031823088647797704,0.05662694200873375,21.011985778808594,0.6806108951568604,-0.21764208376407623,0.0,0.0
2632,657.75,45.73939895629883,47.3882942199707,129.28224182128906,108.6518783569336,111.41972351074219,0.0003343365387991071,0.056633029133081436,21.011917114257812,0.6906198859214783,-0.22393371164798737,0.0,0.0
2633,658,45.64273452758789,47.60720443725586,130.6378173828125,108.66289520263672,111.16934967041016,0.00036492731305770576,0.056638505309820175,21.01185417175293,0.7006288170814514,-0.203004851937294,0.0,0.0
2634,658.25,45.78133010864258,47.68057632446289,128.72276306152344,108.6690673828125,111.3091049194336,0.0003924590128008276,0.05663618445396423,21.01203155517578,0.7006288170814514,-0.21368294954299927,0.0,0.0
2635,658.5,45.3503532409668,47.37744903564453,129.45474243164062,108.6681900024414,111.83306121826172,0.0004172375483904034,0.056634094566106796,21.012189865112305,0.7006288170814514,-0.25556066632270813,0.0,0.0
2636,658.75,45.2426872253418,47.34278106689453,128.08543395996094,108.6690673828125,111.958984375,0.00043953824206255376,0.05663221701979637,21.012332916259766,0.7106378078460693,-0.2655066251754761,0.0,0.0
2637,659,45.5716552734375,48.01641082763672,126.05587768554688,108.6703872680664,111.61824035644531,0.000476362940389663,0.05663052573800087,21.012462615966797,0.7106378078460693,-0.23826424777507782,0.0,0.0
2638,659.25,45.372745513916016,47.66230773925781,132.56280517578125,108.68317413330078,110.65379333496094,0.0005095051601529121,0.0566290020942688,21.0125789642334,0.7006288170814514,-0.15996351838111877,0.0,0.0
2639,659.5,44.966209411621094,47.64027786254883,129.97605895996094,108.67964172363281,111.42565155029297,0.0005393331521190703,0.05662038177251816,21.012683868408203,0.7006288170814514,-0.2221328318119049,0.0,0.0
2640,659.75,45.922054290771484,47.38105010986328,133.90997314453125,108.68008422851562,111.6873779296875,0.0005661783507093787,0.05661262571811676,21.01277732849121,0.6906198859214783,-0.2429818958044052,0.0,0.0
2641,660,45.535194396972656,47.880767822265625,129.56007385253906,108.70256042480469,111.91454315185547,0.0006051720702089369,0.05660564452409744,21.012861251831055,0.6906198859214783,-0.25922873616218567,0.0,0.0
2642,660.25,45.430747985839844,47.7364501953125,130.56454467773438,108.71005249023438,111.13330078125,0.000640266458503902,0.05659935995936394,21.012937545776367,0.6706019043922424,-0.19625499844551086,0.0,0.0
2643,660.5,45.2844352722168,47.46153259277344,128.0426788330078,108.69462585449219,112.64837646484375,0.0006718513905070722,0.05659370496869087,21.01300621032715,0.6806108951568604,-0.31805935502052307,0.0,0.0
2644,660.75,45.853248596191406,47.201171875,133.85044860839844,108.70344543457031,112.58566284179688,0.0007002778584137559,0.05658861622214317,21.0130672454834,0.6906198859214783,-0.3123801350593567,0.0,0.0
2645,661,45.32803726196289,47.748050689697266,128.31288146972656,108.71314239501953,112.16541290283203,0.0007258616387844086,0.056584034115076065,21.01312255859375,0.6906198859214783,-0.2782951891422272,0.0,0.0
2646,661.25,45.71556854248047,47.280025482177734,129.13340759277344,108.74530792236328,112.08738708496094,0.0007488870760425925,0.05657991021871567,21.013172149658203,0.6906198859214783,-0.26946699619293213,0.0,0.0
2647,661.5,45.449092864990234,47.839256286621094,128.6990966796875,108.72239685058594,111.90515899658203,0.0007696099346503615,0.05658344924449921,21.01321792602539,0.7006288170814514,-0.2568581998348236,0.0,0.0
2648,661.75,45.64950942993164,47.45708084106445,131.18051147460938,108.72460174560547,111.5263900756836,0.0007837449666112661,0.05658663436770439,21.01325798034668,0.7006288170814514,-0.22649577260017395,0.0,0.0
2649,662,45.6236686706543,48.00315856933594,131.9888153076172,108.73914337158203,111.53923034667969,0.0007964664837345481,0.05658950284123421,21.013309478759766,0.6906198859214783,-0.2263297587633133,0.0,0.0
2650,662.25,45.567657470703125,47.60353088378906,130.64544677734375,108.76602172851562,111.98812103271484,0.0008079158724285662,0.05659208446741104,21.013355255126953,0.6906198859214783,-0.2598842978477478,0.0,0.0
2651,662.5,45.36738586425781,47.611019134521484,131.61480712890625,108.73120880126953,112.18960571289062,0.0008182203164324164,0.05659440532326698,21.013397216796875,0.6906198859214783,-0.27873536944389343,0.0,0.0
2652,662.75,46.06925582885742,47.83034133911133,127.36337280273438,108.74707794189453,111.65034484863281,0.0008274943102151155,0.05661099776625633,21.01343536376953,0.6906198859214783,-0.2345438003540039,0.0,0.0
2653,663,45.74534606933594,47.76169967651367,126.53292846679688,108.75324249267578,111.05429077148438,0.0008358408813364804,0.05662592872977257,21.013469696044922,0.6906198859214783,-0.18638770282268524,0.0,0.0
2654,663.25,45.823097229003906,47.67487335205078,125.57730865478516,108.75544738769531,111.14366912841797,0.000843352812808007,0.05663936585187912,21.013500213623047,0.6906198859214783,-0.19336920976638794,0.0,0.0
2655,663.5,45.39425277709961,47.39039611816406,132.7093505859375,108.75852966308594,111.13429260253906,0.0008501135744154453,0.056651461869478226,21.013526916503906,0.6806108951568604,-0.19236555695533752,0.0,0.0
2656,663.75,45.934715270996094,47.990760803222656,130.71795654296875,108.76690673828125,111.5436782836914,0.0008207554346881807,0.05666234716773033,21.013551712036133,0.6706019043922424,-0.2244119942188263,0.0,0.0
2657,664,46.20598602294922,47.749122619628906,126.4588851928711,108.7717514038086,111.96590423583984,0.0007943331147544086,0.056672144681215286,21.013574600219727,0.6706019043922424,-0.2576490342617035,0.0,0.0
2658,664.25,45.48074722290039,47.789390563964844,133.19784545898438,108.7880630493164,111.06021118164062,0.0007705530151724815,0.056680962443351746,21.013593673706055,0.6806108951568604,-0.18401265144348145,0.0,0.0
2659,664.5,45.803707122802734,47.734031677246094,132.54676818847656,108.7801284790039,110.91947174072266,0.0007491509313695133,0.05668889731168747,21.01361083984375,0.6806108951568604,-0.17337383329868317,0.0,0.0
2660,664.75,45.543697357177734,47.861122131347656,130.81565856933594,108.77880859375,111.89034271240234,0.0007150864112190902,0.05669603869318962,21.013626098632812,0.7006288170814514,-0.2510617673397064,0.0,0.0
2661,665,45.555294036865234,47.42819595336914,130.8080291748047,108.78850555419922,111.82565307617188,0.0006844283198006451,0.05670246481895447,21.013641357421875,0.7006288170814514,-0.24512021243572235,0.0,0.0
2662,665.25,45.37605285644531,47.7441520690918,131.02479553222656,108.78585815429688,111.51750183105469,0.0006568360258825123,0.05670825019478798,21.013887405395508,0.7006288170814514,-0.22077184915542603,0.0,0.0
2663,665.5,45.59890365600586,47.486576080322266,128.18540954589844,108.79907989501953,111.68639373779297,0.0006320030079223216,0.05671345815062523,21.014108657836914,0.7006288170814514,-0.2331618368625641,0.0,0.0
2664,665.75,45.21686553955078,47.324405670166016,126.14594268798828,108.80657196044922,111.83503723144531,0.0005993630620650947,0.05668914318084717,21.01430892944336,0.6906198859214783,-0.24438884854316711,0.0,0.0
2665,666,45.22209167480469,47.87636947631836,131.3705596923828,108.81626892089844,111.4898452758789,0.0005699871107935905,0.056667260825634,21.014488220214844,0.7006288170814514,-0.21607573330402374,0.0,0.0
2666,666.25,45.1636848449707,47.816619873046875,128.29457092285156,108.8228759765625,111.80738067626953,0.0005435487255454063,0.056647565215826035,21.014650344848633,0.6906198859214783,-0.24085335433483124,0.0,0.0
2667,666.5,45.70368576049805,47.87567901611328,131.66290283203125,108.81935119628906,112.1451644897461,0.0005197541904635727,0.05662984028458595,21.014795303344727,0.6906198859214783,-0.2679953873157501,0.0,0.0
2668,666.75,45.73785400390625,47.453407287597656,131.5751190185547,108.82111358642578,111.8414535522461,0.0004906246904283762,0.05661388859152794,21.01492691040039,0.6906198859214783,-0.24370989203453064,0.0,0.0
2669,667,46.04536819458008,47.62425231933594,129.53335571289062,108.83565521240234,111.10120391845703,0.0004644081636797637,0.05659953132271767,21.015045166015625,0.7006288170814514,-0.1834043562412262,0.0,0.0
2670,667.25,45.26095962524414,47.442508697509766,134.98008728027344,108.84403228759766,110.8162612915039,0.00044081328087486327,0.0565866082906723,21.01515007019043,0.6906198859214783,-0.15985871851444244,0.0,0.0
2671,667.5,45.68318557739258,47.592994689941406,127.38015747070312,108.83036804199219,111.7283706665039,0.0004195779038127512,0.056574977934360504,21.01524543762207,0.6906198859214783,-0.23394730687141418,0.0,0.0
2672,667.75,45.524444580078125,47.824134826660156,126.93212127685547,108.84271240234375,111.60145568847656,0.0003940398746635765,0.056564509868621826,21.015331268310547,0.7006288170814514,-0.2228199541568756,0.0,0.0
2673,668,45.37653350830078,47.68981170654297,129.93331909179688,108.848876953125,111.42960357666016,0.00037105564842931926,0.05656234174966812,21.01540756225586,0.7006288170814514,-0.2085973173379898,0.0,0.0
2674,668.25,45.481361389160156,47.74258041381836,129.67837524414062,108.86827087402344,111.50762939453125,0.00035036986810155213,0.05656038969755173,21.01547622680664,0.7106378078460693,-0.21324273943901062,0.0,0.0
2675,668.5,45.71405029296875,47.690460205078125,130.36227416992188,108.8581314086914,111.5871353149414,0.00033175264252349734,0.05655863136053085,21.015539169311523,0.7106378078460693,-0.22041665017604828,0.0,0.0
2676,668.75,45.636390686035156,47.21723175048828,129.9630889892578,108.85460662841797,111.92145538330078,0.00031435475102625787,0.05655704811215401,21.015596389770508,0.7006288170814514,-0.24733597040176392,0.0,0.0
2677,669,45.641971588134766,47.60512924194336,128.8349609375,108.87752532958984,111.49972534179688,0.0002986966574098915,0.056555625051259995,21.015647888183594,0.7006288170814514,-0.21185484528541565,0.0,0.0
2678,669.25,45.929908752441406,47.73707580566406,129.71426391601562,108.87135314941406,111.42021942138672,0.00028460437897592783,0.05656159296631813,21.01569366455078,0.6906198859214783,-0.20600944757461548,0.0,0.0
2679,669.5,45.204498291015625,47.69736099243164,128.24647521972656,108.86650848388672,110.82119750976562,0.0002719213371165097,0.05656696483492851,21.01573371887207,0.6906198859214783,-0.1584169864654541,0.0,0.0
2680,669.75,46.06459426879883,47.702728271484375,131.75677490234375,108.8819351196289,111.26663970947266,0.00026050658198073506,0.056571800261735916,21.015769958496094,0.7006288170814514,-0.19286546111106873,0.0,0.0
2681,670,45.627769470214844,47.54947280883789,129.18148803710938,108.898681640625,112.64146423339844,0.000250233308179304,0.05657615140080452,21.01580238342285,0.7006288170814514,-0.3008168339729309,0.0,0.0
2682,670.25,45.71449661254883,47.36931610107422,126.71611022949219,108.89163208007812,113.02467346191406,0.0002557703119236976,0.05655831843614578,21.015832901000977,0.6806108951568604,-0.3316269814968109,0.0,0.0
2683,670.5,45.52144241333008,47.26101303100586,129.89210510253906,108.9066162109375,112.41577911376953,0.0002607536152936518,0.05654226616024971,21.015859603881836,0.6906198859214783,-0.2823144197463989,0.0,0.0
2684,670.75,45.75281524658203,47.056358337402344,131.73617553710938,108.89515686035156,111.60639190673828,0.00026523860287852585,0.056527819484472275,21.015884399414062,0.7006288170814514,-0.21892540156841278,0.0,0.0
2685,671,46.085201263427734,47.43732833862305,128.95404052734375,108.9154281616211,111.6745376586914,0.0002692751004360616,0.05651481822133064,21.015905380249023,0.6906198859214783,-0.22270244359970093,0.0,0.0
2686,671.25,45.47040939331055,47.51677703857422,128.3136444091797,108.91146087646484,111.17972564697266,0.00028898907476104796,0.05648137256503105,21.01592445373535,0.6906198859214783,-0.18349535763263702,0.0,0.0
2687,671.5,45.092838287353516,47.849586486816406,130.21878051757812,108.91851043701172,111.54022216796875,0.000306731672026217,0.05645126849412918,21.015941619873047,0.6906198859214783,-0.21173691749572754,0.0,0.0
2688,671.75,45.360008239746094,47.511741638183594,128.48385620117188,108.9405517578125,111.40392303466797,0.00032270001247525215,0.05642417445778847,21.01595687866211,0.6806108951568604,-0.1990511119365692,0.0,0.0
2689,672,45.51920700073242,47.972896575927734,128.77772521972656,108.93790435791016,112.12886810302734,0.0003370715130586177,0.056399792432785034,21.015972137451172,0.6806108951568604,-0.2570084035396576,0.0,0.0
2690,672.25,45.794620513916016,47.30560302734375,128.90289306640625,108.94231414794922,111.82120513916016,0.0003628806443884969,0.056377846747636795,21.0159854888916,0.6706019043922424,-0.2321890890598297,0.0,0.0
2691,672.5,45.17974090576172,47.46512985229492,131.35072326660156,108.93437957763672,111.48194885253906,0.0003861088480334729,0.05635084584355354,21.0159969329834,0.6806108951568604,-0.20578786730766296,0.0,0.0
2692,672.75,45.75239181518555,47.696067810058594,130.4485321044922,108.95068359375,112.0913314819336,0.00040701424586586654,0.056326545774936676,21.016008377075195,0.6906198859214783,-0.2529836595058441,0.0,0.0
2693,673,45.779083251953125,47.84271240234375,132.784912109375,108.96479034423828,111.72392272949219,0.00042582908645272255,0.056304678320884705,21.01601791381836,0.7006288170814514,-0.22260451316833496,0.0,0.0
2694,673.25,45.276954650878906,47.73994445800781,131.89645385742188,108.96831512451172,111.68639373779297,0.0004427624517120421,0.05628499761223793,21.01602554321289,0.6906198859214783,-0.21932564675807953,0.0,0.0
2695,673.5,45.574256896972656,47.20553207397461,130.18748474121094,108.96831512451172,111.5570068359375,0.00045735863386653364,0.056267283856868744,21.016033172607422,0.7006288170814514,-0.2090068906545639,0.0,0.0
2696,673.75,45.937042236328125,47.45524597167969,128.47317504882812,108.96919250488281,111.59059143066406,0.00047049520071595907,0.05625133961439133,21.016040802001953,0.6906198859214783,-0.2116146683692932,0.0,0.0
2697,674,45.40814208984375,47.38340759277344,133.53445434570312,108.9925537109375,111.62071228027344,0.0004823181079700589,0.05623698979616165,21.01604652404785,0.6706019043922424,-0.21210913360118866,0.0,0.0
2698,674.25,45.7974967956543,48.061092376708984,128.14572143554688,108.9837417602539,112.20540618896484,0.0004929587594233453,0.05622407793998718,21.01605224609375,0.6806108951568604,-0.25933799147605896,0.0,0.0
2699,674.5,45.651153564453125,48.00238037109375,130.8896942138672,108.98638153076172,111.8829345703125,0.0005025353166274726,0.056226953864097595,21.01605796813965,0.6706019043922424,-0.23350171744823456,0.0,0.0
2700,674.75,45.406253814697266,47.31189727783203,129.74859619140625,108.98990631103516,111.59207153320312,0.0005098662804812193,0.056229542940855026,21.016061782836914,0.6605929732322693,-0.21004065871238708,0.0,0.0
2701,675,45.49192810058594,47.452274322509766,131.28736877441406,108.99431610107422,111.12342834472656,0.0005164641188457608,0.056231871247291565,21.01606559753418,0.6706019043922424,-0.17221716046333313,0.0,0.0
2702,675.25,45.5977897644043,47.22012710571289,129.63792419433594,109.00798034667969,111.16342163085938,0.0005224021733738482,0.0562339685857296,21.016069412231445,0.6806108951568604,-0.17430447041988373,0.0,0.0
2703,675.5,45.40229415893555,47.47690200805664,126.0993881225586,109.00709533691406,111.53083801269531,0.0005283905775286257,0.05623585730791092,21.01607322692871,0.6806108951568604,-0.20375074446201324,0.0,0.0
2704,675.75,45.51194763183594,47.378910064697266,128.20297241210938,109.0172348022461,112.21281433105469,0.0005337801412679255,0.05623755604028702,21.016077041625977,0.6806108951568604,-0.2571902573108673,0.0,0.0
2705,676,45.34401321411133,47.40092849731445,131.21485900878906,109.034423828125,111.80935668945312,0.0005386307602748275,0.056253582239151,21.01607894897461,0.6906198859214783,-0.22372204065322876,0.0,0.0
2706,676.25,45.64471435546875,47.46260452270508,130.48135375976562,109.02031707763672,111.83997344970703,0.0005429962766356766,0.056268006563186646,21.016080856323242,0.7006288170814514,-0.2273111343383789,0.0,0.0
2707,676.5,45.640357971191406,47.72349166870117,128.8059539794922,109.02957153320312,111.79997253417969,0.0005469252937473357,0.05628098547458649,21.016082763671875,0.7006288170814514,-0.22337110340595245,0.0,0.0
2708,676.75,45.42634201049805,47.505332946777344,128.40982055664062,109.0353012084961,111.90861511230469,0.0005504614091478288,0.05629266798496246,21.016084671020508,0.6906198859214783,-0.2315497100353241,0.0,0.0
2709,677,45.46874237060547,47.88843536376953,131.60946655273438,109.0432357788086,112.6192398071289,0.000557507446501404,0.056295935064554214,21.01608657836914,0.7006288170814514,-0.28725165128707886,0.0,0.0
2710,677.25,45.38105010986328,47.86164093017578,130.4546356201172,109.04147338867188,111.72737884521484,0.0005638488801196218,0.0562988743185997,21.016088485717773,0.7006288170814514,-0.21661721169948578,0.0,0.0
2711,677.5,45.900760650634766,47.703487396240234,131.3606414794922,109.0357437133789,112.08936309814453,0.0005695561994798481,0.05630151927471161,21.016090393066406,0.7006288170814514,-0.24587999284267426,0.0,0.0
2712,677.75,45.45262145996094,47.586421966552734,128.51744079589844,109.06394958496094,111.80590057373047,0.000574692792724818,0.056303899735212326,21.01609230041504,0.7006288170814514,-0.22103671729564667,0.0,0.0
2713,678,45.893062591552734,47.82763671875,130.6378173828125,109.05645751953125,111.56836700439453,0.0005793157033622265,0.05631329119205475,21.016094207763672,0.6906198859214783,-0.20271550118923187,0.0,0.0
2714,678.25,45.682823181152344,47.546630859375,132.63302612304688,109.05733489990234,113.06121826171875,0.0005789686110801995,0.05632174387574196,21.016094207763672,0.6906198859214783,-0.32096824049949646,0.0,0.0
2715,678.5,45.48902130126953,47.30860137939453,130.35540771484375,109.0617446899414,112.52491760253906,0.0005786562105640769,0.05632935091853142,21.016094207763672,0.7006288170814514,-0.2782815098762512,0.0,0.0
2716,678.75,45.71265411376953,47.612003326416016,129.6822052001953,109.07012176513672,112.70664978027344,0.0005783750675618649,0.05633619800209999,21.016094207763672,0.7006288170814514,-0.29196351766586304,0.0,0.0
2717,679,45.69560241699219,47.556392669677734,129.16622924804688,109.07981872558594,112.11355590820312,0.000578122038859874,0.05634235963225365,21.016094207763672,0.6906198859214783,-0.24420341849327087,0.0,0.0
2718,679.25,45.594051361083984,47.61508560180664,127.6625747680664,109.07188415527344,112.55504608154297,0.0005701694171875715,0.056355156004428864,21.016094207763672,0.6806108951568604,-0.2798375189304352,0.0,0.0
2719,679.5,45.87095642089844,47.87667465209961,129.73104858398438,109.06791687011719,112.59899139404297,0.0005630120285786688,0.05636667087674141,21.016094207763672,0.6806108951568604,-0.28363609313964844,0.0,0.0
2720,679.75,45.56180191040039,47.86730194091797,130.1981658935547,109.08113861083984,111.97725677490234,0.000556570419576019,0.05637703463435173,21.016094207763672,0.6906198859214783,-0.23326696455478668,0.0,0.0
2721,680,45.6141357421875,47.61284637451172,128.7937469482422,109.08907318115234,111.74812316894531,0.0005507729365490377,0.05638636276125908,21.016094207763672,0.7006288170814514,-0.21438463032245636,0.0,0.0
2722,680.25,45.40041732788086,47.52244567871094,132.6681365966797,109.09303283691406,112.65430450439453,0.0005397633067332208,0.05639475956559181,21.016094207763672,0.7006288170814514,-0.2859584391117096,0.0,0.0
2723,680.5,45.50542068481445,47.969459533691406,127.40916442871094,109.09303283691406,113.73332214355469,0.0005298546166159213,0.05640231445431709,21.016094207763672,0.7006288170814514,-0.3708174228668213,0.0,0.0
2724,680.75,45.93262481689453,47.76642608642578,129.86080932617188,109.1036148071289,112.0562744140625,0.0005209367955103517,0.05637286975979805,21.016094207763672,0.7006288170814514,-0.23771220445632935,0.0,0.0
2725,681,45.57621765136719,47.78388595581055,129.08912658691406,109.11418914794922,111.96590423583984,0.0005129107739776373,0.05634636804461479,21.016094207763672,0.7006288170814514,-0.2296672910451889,0.0,0.0
2726,681.25,45.573143005371094,47.651939392089844,126.6268081665039,109.10140991210938,111.73775482177734,0.0005050436593592167,0.05632251501083374,21.016094207763672,0.7006288170814514,-0.2125520259141922,0.0,0.0
2727,681.5,45.701725006103516,47.68402099609375,130.29052734375,109.1115493774414,112.46862030029297,0.0004979632794857025,0.056301049888134,21.01586151123047,0.6906198859214783,-0.2697623372077942,0.0,0.0
2728,681.75,45.779998779296875,47.60514450073242,130.773681640625,109.12344360351562,112.16343688964844,0.0004915909375995398,0.05628173053264618,21.01565170288086,0.6806108951568604,-0.2446037083864212,0.0,0.0
2729,682,45.50602340698242,47.56269836425781,129.4852752685547,109.1282958984375,112.54467010498047,0.0004858558240812272,0.05626434460282326,21.01546287536621,0.6906198859214783,-0.27441349625587463,0.0,0.0
2730,682.25,45.96280288696289,47.35505676269531,126.1024398803711,109.11859893798828,112.12541198730469,0.00048069420154206455,0.05624869465827942,21.01529312133789,0.6906198859214783,-0.24198080599308014,0.0,0.0
2731,682.5,45.703941345214844,47.97362518310547,130.36380004882812,109.1296157836914,111.72935485839844,0.0004799097077921033,0.056234609335660934,21.015140533447266,0.6906198859214783,-0.20958161354064941,0.0,0.0
2732,682.75,45.55818176269531,47.745174407958984,126.37493133544922,109.13490295410156,111.88145446777344,0.0004799097077921033,0.05622193217277527,21.015003204345703,0.6906198859214783,-0.22126084566116333,0.0,0.0
2733,683,45.83329772949219,47.73093795776367,132.37655639648438,109.1476821899414,112.01873779296875,0.00047920364886522293,0.05621052533388138,21.015003204345703,0.6806108951568604,-0.23113475739955902,0.0,0.0
2734,683.25,45.70673751831055,47.752784729003906,129.66921997070312,109.1463623046875,111.72392272949219,0.0004779963055625558,0.05620025843381882,21.014768600463867,0.6806108951568604,-0.20778311789035797,0.0,0.0
2735,683.5,45.60181427001953,47.49090576171875,129.78753662109375,109.13578796386719,112.43059539794922,0.0004779963055625558,0.05619101971387863,21.014768600463867,0.6806108951568604,-0.26477518677711487,0.0,0.0
2736,683.75,45.0830192565918,47.55375289916992,131.38735961914062,109.15473937988281,112.31208038330078,0.00047748160432092845,0.056182704865932465,21.01466941833496,0.7006288170814514,-0.25384077429771423,0.0,0.0
2737,684,45.66340637207031,47.616111755371094,127.72974395751953,109.15870666503906,112.32492065429688,0.0004770183586515486,0.056175220757722855,21.01457977294922,0.7106378078460693,-0.2545347213745117,0.0,0.0
2738,684.25,45.712066650390625,47.81875228881836,129.716552734375,109.1644287109375,112.30911254882812,0.0004766014462802559,0.056168485432863235,21.01449966430664,0.7006288170814514,-0.25281497836112976,0.0,0.0
2739,684.5,45.38617706298828,47.57939147949219,133.98326110839844,109.16839599609375,111.54268646240234,0.00047622621059417725,0.05616242066025734,21.01449203491211,0.7006288170814514,-0.1915338635444641,0.0,0.0
2740,684.75,45.23504638671875,47.70703887939453,130.369140625,109.18250274658203,111.70121002197266,0.00047588851884938776,0.05617871135473251,21.01448631286621,0.6806108951568604,-0.20302601158618927,0.0,0.0
2741,685,46.00230407714844,47.50712203979492,127.9747543334961,109.18867492675781,112.02318572998047,0.00048524036537855864,0.05619337409734726,21.014480590820312,0.6706019043922424,-0.22814561426639557,0.0,0.0
2742,685.25,45.70729064941406,46.99603271484375,125.64523315429688,109.18118286132812,112.47553253173828,0.0004936570185236633,0.05620656907558441,21.014474868774414,0.6806108951568604,-0.26463034749031067,0.0,0.0
2743,685.5,45.65106201171875,47.45716094970703,131.27056884765625,109.18867492675781,112.63603210449219,0.0005012319888919592,0.05621844530105591,21.01447105407715,0.6706019043922424,-0.27671322226524353,0.0,0.0
2744,685.75,45.662784576416016,47.75328826904297,128.00985717773438,109.22040557861328,112.27306365966797,0.0005080495029687881,0.056229133158922195,21.014699935913086,0.6806108951568604,-0.2453940063714981,0.0,0.0
2745,686,45.468467712402344,47.569602966308594,130.00811767578125,109.20056915283203,111.97627258300781,0.0005141852307133377,0.056229133158922195,21.01490592956543,0.6806108951568604,-0.2234472781419754,0.0,0.0
2746,686.25,45.538700103759766,47.82500457763672,130.90725708007812,109.20101165771484,112.43158721923828,0.0005164885078556836,0.05624740943312645,21.015090942382812,0.6906198859214783,-0.2595352232456207,0.0,0.0
2747,686.5,45.766292572021484,47.477386474609375,129.44482421875,109.20453643798828,112.07553100585938,0.0005185614572837949,0.05624740943312645,21.015256881713867,0.6906198859214783,-0.23101113736629486,0.0,0.0
2748,686.75,45.53910827636719,47.76317596435547,125.20406341552734,109.22261047363281,112.3081283569336,0.0005204271292313933,0.05625520274043083,21.01540756225586,0.6706019043922424,-0.24799391627311707,0.0,0.0
2749,687,45.91269302368164,47.334659576416016,128.5075225830078,109.22393035888672,111.45281219482422,0.0005221062456257641,0.056262217462062836,21.01554298400879,0.6706019043922424,-0.17983074486255646,0.0,0.0
2750,687.25,45.26178741455078,47.8478889465332,129.16165161132812,109.22525024414062,111.55997467041016,0.0005236174329183996,0.05626852810382843,21.01566505432129,0.6806108951568604,-0.18827834725379944,0.0,0.0
2751,687.5,45.531307220458984,47.57911682128906,132.26206970214844,109.2234878540039,111.44145202636719,0.0005172537639737129,0.056274209171533585,21.01577377319336,0.6806108951568604,-0.17895962297916412,0.0,0.0
2752,687.75,45.25579071044922,47.70551681518555,129.53030395507812,109.23318481445312,111.55157470703125,0.0005115264793857932,0.056279320269823074,21.015872955322266,0.6605929732322693,-0.18696154654026031,0.0,0.0
2753,688,45.84055709838867,47.75750732421875,129.39749145507812,109.26094818115234,111.75997161865234,0.0005063718999736011,0.056283921003341675,21.015960693359375,0.6806108951568604,-0.2013140618801117,0.0,0.0
2754,688.25,45.62413787841797,47.38132095336914,132.82460021972656,109.2393569946289,113.09085083007812,0.000492082501295954,0.056288063526153564,21.016040802001953,0.6706019043922424,-0.30845609307289124,0.0,0.0
2755,688.5,45.4668083190918,47.62434768676758,128.2159423828125,109.2468490600586,112.67060089111328,0.00047922207158990204,0.05627728998661041,21.01611328125,0.6806108951568604,-0.2747035622596741,0.0,0.0
2756,688.75,45.81622314453125,47.50643539428711,130.2691650390625,109.25962829589844,111.61725616455078,0.00046764768194407225,0.056267596781253815,21.016178131103516,0.6706019043922424,-0.19004689157009125,0.0,0.0
2757,689,45.69391632080078,47.45402908325195,128.51133728027344,109.25874328613281,111.79207611083984,0.0004572307225316763,0.05625887215137482,21.0162353515625,0.6806108951568604,-0.20405040681362152,0.0,0.0
2758,689.25,45.557071685791016,47.66262435913086,129.4318389892578,109.24420166015625,112.27306365966797,0.00043756767990998924,0.05625101923942566,21.016286849975586,0.6806108951568604,-0.24345466494560242,0.0,0.0
2759,689.5,45.45319366455078,47.39883041381836,136.6806640625,109.26139068603516,112.05281829833984,0.00041987095028162,0.05624395236372948,21.016334533691406,0.6806108951568604,-0.22457361221313477,0.0,0.0
2760,689.75,45.72163009643555,47.4208984375,131.37132263183594,109.26888275146484,113.1950454711914,0.0004039438790641725,0.056230343878269196,21.016376495361328,0.6706019043922424,-0.3142482340335846,0.0,0.0
2761,690,45.91432571411133,47.82224655151367,129.4226837158203,109.28034210205078,112.32540893554688,0.00038960951496846974,0.05621809512376785,21.016414642333984,0.6706019043922424,-0.24465934932231903,0.0,0.0
2762,690.25,45.62897872924805,47.46772766113281,132.2643585205078,109.2662353515625,112.0345458984375,0.00036963846650905907,0.056207071989774704,21.016448974609375,0.6706019043922424,-0.2227274626493454,0.0,0.0
2763,690.5,45.258602142333984,47.70245361328125,128.95709228515625,109.27505493164062,112.06022644042969,0.00035166452289558947,0.0561971515417099,21.0164794921875,0.6706019043922424,-0.22404904663562775,0.0,0.0
2764,690.75,45.8606071472168,47.44417953491211,131.38735961914062,109.28739166259766,112.25232696533203,0.00033548797364346683,0.05618097633123398,21.016508102416992,0.6806108951568604,-0.23829151690006256,0.0,0.0
2765,691,45.79983901977539,47.32862854003906,130.12794494628906,109.28518676757812,113.35307312011719,0.00032092907349579036,0.05616641789674759,21.01653289794922,0.6806108951568604,-0.3253391981124878,0.0,0.0
2766,691.25,45.55971908569336,47.62971496582031,130.3218231201172,109.27240753173828,112.93134307861328,0.00030782606336288154,0.0561533160507679,21.016555786132812,0.6706019043922424,-0.2931983768939972,0.0,0.0
2767,691.5,45.23155212402344,47.2872200012207,135.23960876464844,109.28254699707031,111.9999771118164,0.0002960333658847958,0.05614152178168297,21.016576766967773,0.6806108951568604,-0.21865132451057434,0.0,0.0
2768,691.75,45.37885665893555,47.53206253051758,130.54469299316406,109.30281829833984,112.21973419189453,0.00028734785155393183,0.05612365901470184,21.0165958404541,0.6906198859214783,-0.23444955050945282,0.0,0.0
2769,692,45.615386962890625,47.62009048461914,129.0120391845703,109.29356384277344,112.4602279663086,0.00027953091193921864,0.05610758438706398,21.016613006591797,0.6806108951568604,-0.2542605996131897,0.0,0.0
2770,692.25,45.32820129394531,47.65785217285156,130.14321899414062,109.2900390625,111.7975082397461,0.0002724956430029124,0.056093115359544754,21.01662826538086,0.6806108951568604,-0.20193389058113098,0.0,0.0
2771,692.5,45.4033317565918,47.75358200073242,126.76801300048828,109.30854797363281,111.53972625732422,0.0002661639009602368,0.05608009174466133,21.01664161682129,0.6906198859214783,-0.17987622320652008,0.0,0.0
2772,692.75,45.28246307373047,47.89366912841797,134.0641632080078,109.3072280883789,111.32144927978516,0.00026046534185297787,0.05606837198138237,21.016653060913086,0.7106378078460693,-0.16254615783691406,0.0,0.0
2773,693,45.35692596435547,47.474613189697266,132.18345642089844,109.31427764892578,111.85380554199219,0.00026046534185297787,0.056057825684547424,21.016653060913086,0.7006288170814514,-0.20444132387638092,0.0,0.0
2774,693.25,45.76388931274414,47.3253059387207,129.25933837890625,109.31075286865234,112.1412124633789,0.00027848646277561784,0.05604833364486694,21.016664505004883,0.7006288170814514,-0.22757241129875183,0.0,0.0
2775,693.5,45.39753341674805,47.60112762451172,127.99078369140625,109.31515502929688,111.55602264404297,0.00029470547451637685,0.05603979155421257,21.016674041748047,0.6906198859214783,-0.1806386113166809,0.0,0.0
2776,693.75,45.925445556640625,47.63339614868164,127.9144515991211,109.32749938964844,112.16886901855469,0.000309302587993443,0.056032102555036545,21.016681671142578,0.7006288170814514,-0.2284042090177536,0.0,0.0
2777,694,45.624759674072266,47.65150833129883,129.8203582763672,109.33234405517578,112.13726043701172,0.00032243996975012124,0.05606142431497574,21.01668930053711,0.720646858215332,-0.2255009114742279,0.0,0.0
2778,694.25,45.64324951171875,47.42564010620117,129.92721557617188,109.32132720947266,112.66960906982422,0.00033426363370381296,0.05608781427145004,21.01669692993164,0.720646858215332,-0.2685580849647522,0.0,0.0
2779,694.5,45.27052688598633,47.76918411254883,131.407958984375,109.33013916015625,112.12046813964844,0.0003725926799234003,0.056111566722393036,21.01670265197754,0.720646858215332,-0.22434723377227783,0.0,0.0
2780,694.75,45.66401290893555,47.40935134887695,128.3197479248047,109.33807373046875,111.76589965820312,0.0004070888098794967,0.05613294243812561,21.016708374023438,0.7106378078460693,-0.19550484418869019,0.0,0.0
2781,695,45.718013763427734,47.48843765258789,128.4647674560547,109.33366394042969,112.23158264160156,0.00043813532101921737,0.056152183562517166,21.016714096069336,0.7006288170814514,-0.23287805914878845,0.0,0.0
2782,695.25,45.63261032104492,48.1335563659668,130.628662109375,109.33851623535156,112.697265625,0.000466077181044966,0.05616949871182442,21.0167179107666,0.7006288170814514,-0.26934340596199036,0.0,0.0
2783,695.5,45.81407928466797,47.756256103515625,128.28692626953125,109.35570526123047,112.47553253173828,0.000503471412230283,0.056156087666749954,21.016721725463867,0.7006288170814514,-0.25041231513023376,0.0,0.0
2784,695.75,45.57826232910156,47.39188766479492,127.85797119140625,109.35261535644531,111.50120544433594,0.0005371262086555362,0.05614401772618294,21.016725540161133,0.6906198859214783,-0.1732131540775299,0.0,0.0
2785,696,45.67258834838867,47.278602600097656,131.4239959716797,109.34556579589844,112.30960845947266,0.0005674155545420945,0.05614401772618294,21.0167293548584,0.7006288170814514,-0.23809529840946198,0.0,0.0
2786,696.25,45.18363571166992,47.65580749511719,131.11944580078125,109.34468841552734,111.91108703613281,0.0005946759483776987,0.05613315477967262,21.016733169555664,0.7006288170814514,-0.2065226137638092,0.0,0.0
2787,696.5,45.418312072753906,47.61885070800781,130.6034698486328,109.360107421875,111.7392349243164,0.0006166318198665977,0.05612337589263916,21.016735076904297,0.7106378078460693,-0.19158698618412018,0.0,0.0
2788,696.75,45.35940933227539,47.81051254272461,130.35769653320312,109.36495971679688,111.71256256103516,0.0006363920983858407,0.05611457675695419,21.01673698425293,0.7106378078460693,-0.18906691670417786,0.0,0.0
2789,697,45.62959671020508,47.892066955566406,126.64665222167969,109.3671646118164,112.65430450439453,0.0006541763432323933,0.05610665678977966,21.016738891601562,0.7106378078460693,-0.26361697912216187,0.0,0.0
2790,697.25,45.7468147277832,47.57797622680664,128.49606323242188,109.38434600830078,112.56244659423828,0.0006701821694150567,0.056099530309438705,21.016740798950195,0.7106378078460693,-0.25495731830596924,0.0,0.0
2791,697.5,45.79207229614258,47.61723709106445,127.74958801269531,109.3839111328125,112.54961395263672,0.0006742750992998481,0.056093115359544754,21.016742706298828,0.7106378078460693,-0.25397777557373047,0.0,0.0
2792,697.75,45.50019073486328,47.81768798828125,131.9201202392578,109.3839111328125,112.30121612548828,0.0006779587711207569,0.05608734115958214,21.01674461364746,0.7106378078460693,-0.23430901765823364,0.0,0.0
2793,698,45.34507369995117,47.613956451416016,129.27537536621094,109.38126373291016,112.89035034179688,0.0006812740466557443,0.056082144379615784,21.016746520996094,0.7106378078460693,-0.28110241889953613,0.0,0.0
2794,698.25,45.71994400024414,47.64893341064453,130.27297973632812,109.38082122802734,113.01578521728516,0.0006842577713541687,0.05605572089552879,21.016748428344727,0.720646858215332,-0.2910243272781372,0.0,0.0
2795,698.5,45.86996841430664,47.56465530395508,133.19403076171875,109.38611602783203,111.95602416992188,0.0006869431235827506,0.05603194236755371,21.01675033569336,0.7106378078460693,-0.206724613904953,0.0,0.0
2796,698.75,45.39204406738281,47.38227081298828,129.2082061767578,109.38611602783203,112.4039306640625,0.0006893599638715386,0.05601054057478905,21.01675033569336,0.7106378078460693,-0.2422681450843811,0.0,0.0
2797,699,45.79402160644531,47.810306549072266,131.5728302001953,109.38875579833984,112.35701751708984,0.000681872246786952,0.05599852651357651,21.01675033569336,0.7106378078460693,-0.23833727836608887,0.0,0.0
2798,699.25,45.76419448852539,47.11518859863281,131.3484344482422,109.39140319824219,112.50318908691406,0.0006751333130523562,0.05598771572113037,21.01675033569336,0.7006288170814514,-0.24969524145126343,0.0,0.0
2799,699.5,45.428070068359375,47.82271957397461,126.47491455078125,109.40286254882812,112.94121551513672,0.0006690682494081557,0.05597798526287079,21.01675033569336,0.7106378078460693,-0.28335511684417725,0.0,0.0
2800,699.75,45.858612060546875,47.88813018798828,130.04856872558594,109.39801025390625,111.68984985351562,0.0006636097095906734,0.055969227105379105,21.01675033569336,0.720646858215332,-0.18456681072711945,0.0,0.0
2801,700,45.69901657104492,47.463565826416016,129.10134887695312,109.41740417480469,111.91108703613281,0.0006554773426614702,0.05596134439110756,21.01675033569336,0.7106378078460693,-0.20060472190380096,0.0,0.0
2802,700.25,46.2527961730957,47.49957275390625,130.6546173095703,109.3931655883789,112.71504211425781,0.0006481582531705499,0.05595425143837929,21.01675033569336,0.6906198859214783,-0.2662993371486664,0.0,0.0
2803,700.5,45.368385314941406,48.034244537353516,131.33544921875,109.40594482421875,112.37281799316406,0.0006415710668079555,0.055947866290807724,21.01675033569336,0.6906198859214783,-0.23819012939929962,0.0,0.0
2804,700.75,45.64617919921875,47.92194747924805,130.25160217285156,109.42092895507812,112.35454559326172,0.0006356425583362579,0.055942121893167496,21.01675033569336,0.6906198859214783,-0.23552334308624268,0.0,0.0
2805,701,45.560035705566406,47.67298889160156,129.26927185058594,109.40594482421875,112.44837188720703,0.0006212943699210882,0.05593695119023323,21.01675033569336,0.7006288170814514,-0.24417340755462646,0.0,0.0
2806,701.25,45.729366302490234,47.63019561767578,131.196533203125,109.41696166992188,112.41973114013672,0.0006083810003474355,0.05593229830265045,21.01675033569336,0.7106378078460693,-0.24100926518440247,0.0,0.0
2807,701.5,45.46430587768555,47.366981506347656,128.82809448242188,109.42313385009766,112.42911529541016,0.000596758967731148,0.055964354425668716,21.01675033569336,0.7106378078460693,-0.24125023186206818,0.0,0.0
2808,701.75,45.91147994995117,47.80318069458008,128.68002319335938,109.42621612548828,112.18565368652344,0.0005862991092726588,0.055993203073740005,21.01675033569336,0.7006288170814514,-0.2217014580965042,0.0,0.0
2809,702,45.60988235473633,47.59831237792969,130.37295532226562,109.41475677490234,112.37825012207031,0.0005640170420520008,0.056019168347120285,21.01675033569336,0.720646858215332,-0.23790347576141357,0.0,0.0
2810,702.25,45.642696380615234,47.56590270996094,126.7245101928711,109.4178466796875,112.89183807373047,0.0005439631640911102,0.05604253709316254,21.01675033569336,0.7106378078460693,-0.27824318408966064,0.0,0.0
2811,702.5,45.88486862182617,47.355796813964844,130.83856201171875,109.43370819091797,111.7718276977539,0.0005259146564640105,0.056034572422504425,21.01675033569336,0.7006288170814514,-0.18819379806518555,0.0,0.0
2812,702.75,45.896820068359375,47.69222640991211,128.09458923339844,109.42533874511719,111.91602325439453,0.0005096709937788546,0.056027404963970184,21.01675033569336,0.7106378078460693,-0.20035181939601898,0.0,0.0
2813,703,45.33122253417969,47.5023193359375,129.6402130126953,109.42313385009766,112.04639434814453,0.00048347815754823387,0.05602095276117325,21.01675033569336,0.7006288170814514,-0.21089528501033783,0.0,0.0
2814,703.25,45.38408279418945,47.48838424682617,128.77772521972656,109.42886352539062,112.29035186767578,0.00045990460785105824,0.056015148758888245,21.01675033569336,0.7106378078460693,-0.2297903299331665,0.0,0.0
2815,703.5,45.5186882019043,47.538360595703125,129.106689453125,109.43194580078125,112.37084197998047,0.00043868841021321714,0.0560099221765995,21.01675033569336,0.6906198859214783,-0.23591835796833038,0.0,0.0
2816,703.75,45.574119567871094,47.92707443237305,129.9905548095703,109.43635559082031,112.34615325927734,0.000419593823608011,0.05601246654987335,21.01675033569336,0.7106378078460693,-0.2336035668849945,0.0,0.0
2817,704,45.69514083862305,47.33224105834961,129.58526611328125,109.4359130859375,112.65331268310547,0.0004024087102152407,0.056014757603406906,21.01675033569336,0.7006288170814514,-0.2579445540904999,0.0,0.0
2818,704.25,45.47053527832031,47.75697708129883,127.42900848388672,109.4345932006836,113.00541687011719,0.0003818006080109626,0.056016821414232254,21.01675033569336,0.7006288170814514,-0.2858324348926544,0.0,0.0
2819,704.5,45.64725112915039,47.771888732910156,129.98902893066406,109.44957733154297,112.61331176757812,0.00036325331893749535,0.056025926023721695,21.01675033569336,0.6906198859214783,-0.2536720633506775,0.0,0.0
2820,704.75,45.57910919189453,47.758697509765625,128.816650390625,109.4372329711914,112.51652526855469,0.0003465607587713748,0.05603411793708801,21.01675033569336,0.6806108951568604,-0.24702173471450806,0.0,0.0
2821,705,45.53342819213867,47.867149353027344,129.0601348876953,109.42930603027344,112.17578125,0.00033153744880110025,0.05604149028658867,21.01675033569336,0.6906198859214783,-0.22066687047481537,0.0,0.0
2822,705.25,45.4711799621582,47.85979080200195,126.27112579345703,109.4425277709961,112.81282043457031,0.0003180164785590023,0.05604812502861023,21.01675033569336,0.7006288170814514,-0.27000242471694946,0.0,0.0
2823,705.5,45.74360275268555,47.19390869140625,133.04824829101562,109.45530700683594,112.21331024169922,0.00030584761407226324,0.056054096668958664,21.01675033569336,0.6906198859214783,-0.22152955830097198,0.0,0.0
2824,705.75,45.86459732055664,47.474788665771484,129.06776428222656,109.4447250366211,111.52540588378906,0.00029489563894458115,0.056059472262859344,21.01675033569336,0.6906198859214783,-0.16764988005161285,0.0,0.0
2825,706,45.910377502441406,47.425682067871094,129.79898071289062,109.43988037109375,112.6557846069336,0.00027797147049568594,0.056064311414957047,21.01675033569336,0.6906198859214783,-0.25781723856925964,0.0,0.0
2826,706.25,45.374656677246094,47.67900085449219,127.09698486328125,109.43943786621094,112.32540893554688,0.00026273971889168024,0.05606866627931595,21.01675033569336,0.7106378078460693,-0.23170873522758484,0.0,0.0
2827,706.5,45.2123908996582,47.54961395263672,129.47000122070312,109.47337341308594,112.38961029052734,0.00024903114535845816,0.05607258528470993,21.01675033569336,0.7106378078460693,-0.23403555154800415,0.0,0.0
2828,706.75,45.846309661865234,47.958805084228516,129.31658935546875,109.45221710205078,112.88146209716797,0.00023669343499932438,0.056076113134622574,21.01675033569336,0.6906198859214783,-0.2746291160583496,0.0,0.0
2829,707,45.531646728515625,47.31564712524414,130.76376342773438,109.45133972167969,113.0750503540039,0.00022558949422091246,0.056101035326719284,21.01675033569336,0.6806108951568604,-0.2899542450904846,0.0,0.0
2830,707.25,45.333736419677734,47.40108108520508,128.67237854003906,109.44164276123047,112.35553741455078,0.00021559593733400106,0.05612346529960632,21.01675033569336,0.6906198859214783,-0.23391678929328918,0.0,0.0
2831,707.5,44.95867919921875,47.67269515991211,128.7372589111328,109.4610366821289,112.06664276123047,0.00020274777489248663,0.05614365264773369,21.01675033569336,0.6906198859214783,-0.2094208151102066,0.0,0.0
2832,707.75,45.406158447265625,47.83933639526367,132.8162078857422,109.45838928222656,111.58268737792969,0.00019118443015031517,0.05616182088851929,21.016881942749023,0.6806108951568604,-0.1711098700761795,0.0,0.0
2833,708,45.691001892089844,47.38587951660156,128.13427734375,109.4610366821289,112.50318908691406,0.00018077742424793541,0.056178171187639236,21.01700210571289,0.6806108951568604,-0.24403053522109985,0.0,0.0
2834,708.25,45.13934326171875,47.72115707397461,128.87464904785156,109.44869232177734,112.07257080078125,0.00017141111311502755,0.05619288608431816,21.017108917236328,0.6906198859214783,-0.21089528501033783,0.0,0.0
2835,708.5,45.280113220214844,47.626068115234375,129.49061584472656,109.47557830810547,112.35010528564453,0.0001629814360057935,0.05619163066148758,21.0172061920166,0.6806108951568604,-0.23072633147239685,0.0,0.0
2836,708.75,45.31037902832031,47.508113861083984,132.4597625732422,109.46632385253906,112.61479949951172,0.00015603686915710568,0.056190501898527145,21.01729393005371,0.6806108951568604,-0.2524273991584778,0.0,0.0
2837,709,45.67111587524414,47.45195388793945,131.45071411132812,109.4685287475586,111.94268798828125,0.0001497867633588612,0.056189484894275665,21.017372131347656,0.6806108951568604,-0.19895942509174347,0.0,0.0
2838,709.25,45.18102264404297,47.653079986572266,124.93844604492188,109.47161102294922,112.45182800292969,0.00014416167687159032,0.05618857219815254,21.01744270324707,0.6906198859214783,-0.23910576105117798,0.0,0.0
2839,709.5,46.284000396728516,47.64481735229492,128.68841552734375,109.47381591796875,112.43356323242188,0.00013909909466747195,0.05618774890899658,21.017505645751953,0.6806108951568604,-0.2374800443649292,0.0,0.0
2840,709.75,45.60585021972656,47.367427825927734,128.64414978027344,109.46147155761719,111.95552825927734,0.00014096657105255872,0.05618700757622719,21.017562866210938,0.6806108951568604,-0.20055478811264038,0.0,0.0
2841,710,45.530887603759766,47.7890739440918,131.8415069580078,109.4698486328125,111.9041748046875,0.00014264730270951986,0.05618634074926376,21.01738166809082,0.6806108951568604,-0.19578905403614044,0.0,0.0
2842,710.25,45.89023208618164,47.60261917114258,131.20339965820312,109.47293090820312,112.52738952636719,0.00014415995974559337,0.05618574097752571,21.0172176361084,0.6706019043922424,-0.24497784674167633,0.0,0.0
2843,710.5,45.59149932861328,47.707298278808594,128.92198181152344,109.4857177734375,112.24787902832031,0.000145521349622868,0.056185200810432434,21.017070770263672,0.6706019043922424,-0.2217988222837448,0.0,0.0
2844,710.75,45.0695915222168,47.76557159423828,131.872802734375,109.47469329833984,112.36343383789062,0.00015638615877833217,0.056184716522693634,21.016939163208008,0.6806108951568604,-0.23185469210147858,0.0,0.0
2845,711,45.36780548095703,47.60398483276367,131.1431121826172,109.48086547851562,112.675537109375,0.00016616449283901602,0.056184280663728714,21.01681900024414,0.6806108951568604,-0.25604504346847534,0.0,0.0
2846,711.25,45.23368453979492,47.92194747924805,128.5197296142578,109.48527526855469,113.38912200927734,0.00017496499640401453,0.05617663636803627,21.016712188720703,0.6806108951568604,-0.3118860721588135,0.0,0.0
2847,711.5,45.254817962646484,47.5756721496582,126.78785705566406,109.5037841796875,113.23751831054688,0.0001828854437917471,0.05616975948214531,21.01661491394043,0.6906198859214783,-0.2984708249568939,0.0,0.0
2848,711.75,45.570560455322266,47.66120147705078,130.50347900390625,109.47293090820312,112.67899322509766,0.00020351752755232155,0.056163568049669266,21.01652717590332,0.7006288170814514,-0.2569630444049835,0.0,0.0
2849,712,45.906402587890625,47.352046966552734,131.19195556640625,109.48175048828125,113.07850646972656,0.00022208639711607248,0.05615799501538277,21.016448974609375,0.7006288170814514,-0.28775307536125183,0.0,0.0
2850,712.25,45.279903411865234,47.557701110839844,128.44264221191406,109.4949722290039,112.74763488769531,0.00023879838408902287,0.056160230189561844,21.01637840270996,0.6906198859214783,-0.26059234142303467,0.0,0.0
2851,712.5,45.71916580200195,47.248016357421875,127.56945037841797,109.49629211425781,112.79208374023438,0.00025383918546140194,0.05616224184632301,21.016315460205078,0.6906198859214783,-0.26399359107017517,0.0,0.0
2852,712.75,45.508262634277344,47.65380096435547,128.049560546875,109.4857177734375,112.60590362548828,0.000267375900875777,0.056164052337408066,21.016258239746094,0.6906198859214783,-0.2501470744609833,0.0,0.0
2853,713,45.446529388427734,47.56106948852539,129.2013397216797,109.47425842285156,112.80492401123047,0.0002795589389279485,0.056165680289268494,21.016206741333008,0.6906198859214783,-0.2667984664440155,0.0,0.0
2854,713.25,45.430419921875,47.78947448730469,133.04136657714844,109.49056243896484,112.77233123779297,0.0002795589389279485,0.05616714805364609,21.016206741333008,0.6706019043922424,-0.2629005014896393,0.0,0.0
2855,713.5,45.77802276611328,47.059326171875,127.7411880493164,109.49629211425781,112.77430725097656,0.0003021061420440674,0.05618296563625336,21.01616096496582,0.6806108951568604,-0.2625906467437744,0.0,0.0
2856,713.75,45.72417068481445,47.46048355102539,130.7515411376953,109.48835754394531,111.71602630615234,0.0003223986132070422,0.05619720369577408,21.0161190032959,0.6706019043922424,-0.17930395901203156,0.0,0.0
2857,714,45.442195892333984,47.72566604614258,129.8478240966797,109.47734069824219,112.58714294433594,0.00034066184889525175,0.05621001869440079,21.016080856323242,0.6806108951568604,-0.24934491515159607,0.0,0.0
2858,714.25,45.712215423583984,47.392208099365234,129.66159057617188,109.49100494384766,112.88442993164062,0.00035709876101464033,0.05620704963803291,21.01604652404785,0.6806108951568604,-0.27170905470848083,0.0,0.0
2859,714.5,45.566322326660156,47.47618103027344,130.2271728515625,109.49893951416016,112.79553985595703,0.0003719379601534456,0.056204378604888916,21.016016006469727,0.6906198859214783,-0.26405149698257446,0.0,0.0
2860,714.75,45.71446228027344,47.27296447753906,130.48974609375,109.49673461914062,112.24442291259766,0.0003852932422887534,0.05620197579264641,21.015989303588867,0.6906198859214783,-0.2206287831068039,0.0,0.0
2861,715,45.42271423339844,47.53285598754883,128.9586181640625,109.49188232421875,112.34121704101562,0.0003973129787482321,0.056199811398983,21.01596450805664,0.6806108951568604,-0.2286965548992157,0.0,0.0
2862,715.25,45.31393814086914,47.49245834350586,129.7638702392578,109.50598907470703,112.62615203857422,0.0004081307561136782,0.056197863072156906,21.01594352722168,0.6706019043922424,-0.2500995993614197,0.0,0.0
2863,715.5,45.41304397583008,47.72765350341797,128.95632934570312,109.50643157958984,112.50269317626953,0.0004178667441010475,0.056181613355875015,21.01592445373535,0.6706019043922424,-0.2403000444173813,0.0,0.0
2864,715.75,45.57999801635742,47.74032211303711,130.07986450195312,109.50025939941406,112.74220275878906,0.0004246982280164957,0.05616699159145355,21.015907287597656,0.6806108951568604,-0.25973352789878845,0.0,0.0
2865,716,45.78444290161133,47.39326095581055,129.4165802001953,109.49981689453125,112.0784912109375,0.000430846557719633,0.056153830140829086,21.015804290771484,0.6806108951568604,-0.207208514213562,0.0,0.0
2866,716.25,45.57685852050781,47.68087387084961,128.33197021484375,109.50730895996094,112.50812530517578,0.00043638006900437176,0.056153830140829086,21.01571273803711,0.6806108951568604,-0.2406587302684784,0.0,0.0
2867,716.5,45.59974670410156,47.24732208251953,130.64239501953125,109.50422668457031,112.22664642333984,0.00044136022916063666,0.05614198371767998,21.0156307220459,0.6806108951568604,-0.2186099886894226,0.0,0.0
2868,716.75,45.28917694091797,47.78180694580078,129.18682861328125,109.5037841796875,112.08244323730469,0.0004516352782957256,0.05613132193684578,21.01555633544922,0.6806108951568604,-0.207199826836586,0.0,0.0
2869,717,45.52714920043945,47.47713851928711,134.98695373535156,109.50113677978516,112.1565170288086,0.00046088284580037,0.05612172931432724,21.015722274780273,0.6806108951568604,-0.2132965326309204,0.0,0.0
2870,717.25,45.483070373535156,48.10274124145508,128.19915771484375,109.51348114013672,111.6873779296875,0.00046920563909225166,0.05612034350633621,21.015871047973633,0.6906198859214783,-0.17497870326042175,0.0,0.0
2871,717.5,45.78508377075195,47.749549865722656,127.89842224121094,109.51568603515625,112.94171142578125,0.0004766961501445621,0.05611909553408623,21.01600456237793,0.6806108951568604,-0.27421873807907104,0.0,0.0
2872,717.75,45.59919357299805,47.740196228027344,130.06155395507812,109.50951385498047,112.75060272216797,0.00048343761591240764,0.05611797049641609,21.016124725341797,0.6906198859214783,-0.25964444875717163,0.0,0.0
2873,718,45.44688034057617,47.745208740234375,127.89842224121094,109.51171875,112.28936004638672,0.0005010960157960653,0.05611695721745491,21.016233444213867,0.6906198859214783,-0.22297392785549164,0.0,0.0
2874,718.25,46.078285217285156,47.63788986206055,129.38375854492188,109.52141571044922,112.35997772216797,0.0005169885698705912,0.056116048246622086,21.01633071899414,0.7006288170814514,-0.22778253257274628,0.0,0.0
2875,718.5,45.03219985961914,47.38307189941406,131.3728485107422,109.51700592041016,112.23603057861328,0.0005312918801791966,0.056136567145586014,21.01641845703125,0.6906198859214783,-0.2183152437210083,0.0,0.0
2876,718.75,45.58159637451172,47.26332473754883,127.38397979736328,109.51612091064453,111.99059295654297,0.0005441648536361754,0.05615503340959549,21.016498565673828,0.7006288170814514,-0.19889919459819794,0.0,0.0
2877,719,45.71000289916992,47.78107833862305,127.18399810791016,109.51435852050781,112.2281265258789,0.0005641265888698399,0.05617165192961693,21.016569137573242,0.6906198859214783,-0.21790364384651184,0.0,0.0
2878,719.25,45.637577056884766,47.75782012939453,132.7505645751953,109.52405548095703,112.36985778808594,0.000582092150580138,0.05618660897016525,21.016633987426758,0.6906198859214783,-0.22835031151771545,0.0,0.0
2879,719.5,45.97673416137695,47.70530700683594,127.64425659179688,109.5209732055664,111.88787841796875,0.0005982611910440028,0.05619282275438309,21.016691207885742,0.6906198859214783,-0.19033636152744293,0.0,0.0
2880,719.75,45.76630401611328,47.461116790771484,127.00463104248047,109.5209732055664,111.67157745361328,0.0006128133391030133,0.05619841441512108,21.016742706298828,0.7006288170814514,-0.17311035096645355,0.0,0.0
2881,720,45.48710632324219,47.240047454833984,129.24942016601562,109.51568603515625,111.61231994628906,0.0006259102374315262,0.0562034472823143,21.01679039001465,0.6906198859214783,-0.16881459951400757,0.0,0.0
2882,720.25,45.825660705566406,47.48774337768555,130.43630981445312,109.52978515625,111.719970703125,0.0006376974633894861,0.05620797723531723,21.01683235168457,0.6806108951568604,-0.17625100910663605,0.0,0.0
2883,720.5,45.83914566040039,47.36787796020508,131.57054138183594,109.53243255615234,112.18269348144531,0.0006528176018036902,0.05621205270290375,21.016870498657227,0.6906198859214783,-0.21282972395420074,0.0,0.0
2884,720.75,45.50911331176758,47.37016296386719,130.03941345214844,109.53022766113281,112.23059844970703,0.0006664257380180061,0.05621572211384773,21.016904830932617,0.6806108951568604,-0.21680967509746552,0.0,0.0
2885,721,45.65005874633789,47.82654571533203,129.89134216308594,109.51656341552734,111.69725799560547,0.000678673037327826,0.05621902272105217,21.016935348510742,0.6906198859214783,-0.17551551759243011,0.0,0.0
2886,721.25,45.62906265258789,47.528480529785156,131.59268188476562,109.53816223144531,112.95899963378906,0.0006896956474520266,0.056221991777420044,21.016963958740234,0.6906198859214783,-0.27375414967536926,0.0,0.0
2887,721.5,45.67131042480469,47.875953674316406,129.54176330566406,109.5311050415039,113.01183319091797,0.0006989715038798749,0.056231915950775146,21.01698875427246,0.6906198859214783,-0.27849066257476807,0.0,0.0
2888,721.75,45.25116729736328,47.352745056152344,127.33665466308594,109.53463745117188,112.17430114746094,0.0007073197630234063,0.05624084547162056,21.017011642456055,0.7006288170814514,-0.21198470890522003,0.0,0.0
2889,722,45.63026428222656,47.75943374633789,133.68099975585938,109.53199005126953,112.55355834960938,0.0007148332078941166,0.05624888464808464,21.017032623291016,0.7006288170814514,-0.24224688112735748,0.0,0.0
2890,722.25,45.52016830444336,47.6510009765625,129.8417205810547,109.5390396118164,111.75553131103516,0.000721595308277756,0.056256119161844254,21.01704978942871,0.7006288170814514,-0.178331658244133,0.0,0.0
2891,722.5,45.58748245239258,47.73154067993164,133.8038787841797,109.53330993652344,111.8518295288086,0.0007231697090901434,0.056262630969285965,21.017066955566406,0.7006288170814514,-0.18646465241909027,0.0,0.0
2892,722.75,45.83836364746094,47.684242248535156,129.32955932617188,109.52758026123047,111.93775177001953,0.00072458665817976,0.056246742606163025,21.01708221435547,0.7006288170814514,-0.19376613199710846,0.0,0.0
2893,723,45.4814453125,47.622657775878906,130.61033630371094,109.53330993652344,111.98763275146484,0.0007258619298227131,0.05623244494199753,21.0170955657959,0.7006288170814514,-0.19726668298244476,0.0,0.0
2894,723.25,45.51871871948242,47.31463623046875,130.80650329589844,109.54741668701172,112.46664428710938,0.0007270096684806049,0.05621957778930664,21.017107009887695,0.6906198859214783,-0.23411616683006287,0.0,0.0
2895,723.5,45.84079360961914,47.2910041809082,131.26217651367188,109.5390396118164,112.77035522460938,0.0007209553150460124,0.05620799586176872,21.017118453979492,0.6806108951568604,-0.25880375504493713,0.0,0.0
2896,723.75,45.7131462097168,47.94734191894531,130.30044555664062,109.53595733642578,113.11356353759766,0.0007155063794925809,0.056197572499513626,21.017127990722656,0.6806108951568604,-0.28610584139823914,0.0,0.0
2897,724,45.355045318603516,47.663917541503906,133.85426330566406,109.54521179199219,112.45331573486328,0.0007106023258529603,0.05618094280362129,21.017135620117188,0.6806108951568604,-0.2332402616739273,0.0,0.0
2898,724.25,45.59524154663086,47.49470901489258,131.05380249023438,109.55402374267578,113.25875091552734,0.0007061886717565358,0.05616597458720207,21.01714324951172,0.6906198859214783,-0.29605692625045776,0.0,0.0
2899,724.5,45.46208572387695,47.50261306762695,131.8941650390625,109.55181884765625,113.8162841796875,0.000702216406352818,0.056152503937482834,21.01715087890625,0.6906198859214783,-0.3399498164653778,0.0,0.0
2900,724.75,45.16020584106445,47.253028869628906,130.6508026123047,109.54212951660156,112.3910903930664,0.0006838309927843511,0.05614038184285164,21.01715660095215,0.6806108951568604,-0.22856371104717255,0.0,0.0
2901,725,45.82174301147461,47.83058547973633,131.33468627929688,109.54168701171875,111.8157730102539,0.0006672840681858361,0.05610772594809532,21.017162322998047,0.7006288170814514,-0.18291418254375458,0.0,0.0
2902,725.25,45.60469055175781,47.73684310913086,129.650146484375,109.58002471923828,111.90911102294922,0.0006523918709717691,0.056078337132930756,21.017168045043945,0.7106378078460693,-0.18722650408744812,0.0,0.0
2903,725.5,45.56076431274414,47.835018157958984,130.2615203857422,109.55622863769531,112.0587387084961,0.0006389888585545123,0.056051887571811676,21.01717185974121,0.6906198859214783,-0.2010546177625656,0.0,0.0
2904,725.75,45.17963409423828,47.2738037109375,128.8670196533203,109.54432678222656,112.3041763305664,0.0006269261939451098,0.056028082966804504,21.017175674438477,0.6906198859214783,-0.2214980125427246,0.0,0.0
2905,726,45.370765686035156,47.3772087097168,129.67608642578125,109.55799102783203,112.83800506591797,0.0005980089190416038,0.05600665882229805,21.017179489135742,0.6906198859214783,-0.26260265707969666,0.0,0.0
2906,726.25,45.54794692993164,47.782257080078125,128.90289306640625,109.56327819824219,111.87010192871094,0.0005719834007322788,0.05600912123918533,21.017269134521484,0.7006288170814514,-0.18548399209976196,0.0,0.0
2907,726.5,45.54252243041992,47.88495635986328,132.37274169921875,109.54917907714844,111.90022277832031,0.0005485604051500559,0.05601133778691292,21.017349243164062,0.7006288170814514,-0.18902572989463806,0.0,0.0
2908,726.75,45.1895751953125,47.685272216796875,129.90965270996094,109.55226135253906,112.21824645996094,0.0005274797440506518,0.056013330817222595,21.01742172241211,0.6906198859214783,-0.21403950452804565,0.0,0.0
2909,727,45.401424407958984,47.08477020263672,129.52496337890625,109.55226135253906,113.11751556396484,0.0005085071315988898,0.056015126407146454,21.017486572265625,0.7006288170814514,-0.28509223461151123,0.0,0.0
2910,727.25,45.10736083984375,47.17055892944336,124.63465881347656,109.56768798828125,112.81924438476562,0.0004914317978546023,0.05603848770260811,21.017545700073242,0.7006288170814514,-0.26033449172973633,0.0,0.0
2911,727.5,45.330204010009766,47.32191467285156,127.6305160522461,109.55711364746094,111.83454132080078,0.00045421140384860337,0.05605951324105263,21.01759910583496,0.6806108951568604,-0.1831546574831009,0.0,0.0
2912,727.75,45.24415588378906,47.77976608276367,129.68678283691406,109.55226135253906,111.58268737792969,0.00042071304051205516,0.056078433990478516,21.01764678955078,0.6906198859214783,-0.16347834467887878,0.0,0.0
2913,728,45.71339797973633,47.425968170166016,127.22598266601562,109.563720703125,112.72393035888672,0.00039056449895724654,0.056095462292432785,21.017688751220703,0.7006288170814514,-0.253132700920105,0.0,0.0
2914,728.25,45.51039123535156,47.491455078125,129.91575622558594,109.56813049316406,112.71652221679688,0.00036343082319945097,0.05609670281410217,21.01772689819336,0.6906198859214783,-0.25218942761421204,0.0,0.0
2915,728.5,45.7732048034668,47.451637268066406,131.24996948242188,109.5549087524414,112.20195007324219,0.00033772570895962417,0.05609781667590141,21.01776123046875,0.7006288170814514,-0.21253137290477753,0.0,0.0
2916,728.75,45.389400482177734,47.37065887451172,127.41680145263672,109.55667114257812,113.00541687011719,0.000314591103233397,0.0560988187789917,21.017559051513672,0.7006288170814514,-0.2759075462818146,0.0,0.0
2917,729,45.7113151550293,47.81800079345703,128.96701049804688,109.5716552734375,112.85924530029297,0.0002937699609901756,0.056099724024534225,21.017377853393555,0.6806108951568604,-0.26316773891448975,0.0,0.0
2918,729.25,45.474327087402344,47.76066970825195,130.32334899902344,109.56856536865234,112.29972839355469,0.00027503090677782893,0.05610053613781929,21.017213821411133,0.6806108951568604,-0.21917611360549927,0.0,0.0
2919,729.5,45.74874496459961,47.834651947021484,127.81980895996094,109.55931091308594,113.33924865722656,0.0002684456412680447,0.05610126629471779,21.017066955566406,0.6906198859214783,-0.3019518554210663,0.0,0.0
2920,729.75,45.53202819824219,47.32634735107422,131.75448608398438,109.56856536865234,113.36591339111328,0.000262518908130005,0.056101925671100616,21.016935348510742,0.7006288170814514,-0.3032940924167633,0.0,0.0
2921,730,45.40050506591797,47.467689514160156,130.40884399414062,109.5650405883789,112.95702362060547,0.0002571848453953862,0.05610251799225807,21.016817092895508,0.7006288170814514,-0.27141475677490234,0.0,0.0
2922,730.25,45.975868225097656,47.4080810546875,127.53892517089844,109.58708190917969,112.46516418457031,0.00025238419766537845,0.05610305070877075,21.01671028137207,0.7006288170814514,-0.23077645897865295,0.0,0.0
2923,730.5,45.57978057861328,47.645206451416016,130.10581970214844,109.57826232910156,111.9609603881836,0.0002480636176187545,0.056103531271219254,21.016613006591797,0.7006288170814514,-0.1914932131767273,0.0,0.0
2924,730.75,45.133766174316406,47.34363555908203,127.83736419677734,109.56856536865234,112.36195373535156,0.00024417508393526077,0.056103963404893875,21.01652717590332,0.7006288170814514,-0.2241072803735733,0.0,0.0
2925,731,45.36444091796875,47.336822509765625,132.39183044433594,109.57870483398438,113.04788970947266,0.00024067540653049946,0.05611160025000572,21.016448974609375,0.7106378078460693,-0.27746257185935974,0.0,0.0
2926,731.25,45.30829620361328,47.51491165161133,130.24473571777344,109.5884017944336,112.73035430908203,0.0002600318402983248,0.056118473410606384,21.01637840270996,0.7106378078460693,-0.2516348659992218,0.0,0.0
2927,731.5,45.38967514038086,47.923545837402344,129.90431213378906,109.55975341796875,112.15849304199219,0.00027745263651013374,0.05612466111779213,21.01624870300293,0.720646858215332,-0.2086891233921051,0.0,0.0
2928,731.75,45.43681335449219,47.81801223754883,131.12020874023438,109.57473754882812,111.6997299194336,0.0002931313356384635,0.05613023042678833,21.016132354736328,0.73065584897995,-0.17098493874073029,0.0,0.0
2929,732,45.536983489990234,47.454288482666016,131.0194549560547,109.57605743408203,112.16244506835938,0.00030724218231625855,0.05613524094223976,21.016027450561523,0.7106378078460693,-0.20767830312252045,0.0,0.0
2930,732.25,45.152183532714844,47.403499603271484,128.617431640625,109.57782745361328,112.43899536132812,0.0003283082041889429,0.056147001683712006,21.015933990478516,0.7006288170814514,-0.2294565737247467,0.0,0.0
2931,732.5,45.422943115234375,47.853065490722656,128.5739288330078,109.5716552734375,112.03948211669922,0.0003472676035016775,0.056157585233449936,21.015850067138672,0.6906198859214783,-0.19827145338058472,0.0,0.0
2932,732.75,45.63294982910156,47.70125198364258,134.36489868164062,109.57605743408203,112.21281433105469,0.00036433106288313866,0.0561671108007431,21.01577377319336,0.6906198859214783,-0.2116749882698059,0.0,0.0
2933,733,45.72313690185547,47.299373626708984,131.1675262451172,109.58135223388672,112.02466583251953,0.00037968819378875196,0.056175682693719864,21.015705108642578,0.6906198859214783,-0.19630597531795502,0.0,0.0
2934,733.25,45.498111724853516,47.13983917236328,129.38604736328125,109.5729751586914,112.94368743896484,0.00039801633101888,0.05618339776992798,21.015644073486328,0.6906198859214783,-0.26971858739852905,0.0,0.0
2935,733.5,45.7458610534668,47.215328216552734,130.37831115722656,109.57077026367188,112.06121063232422,0.00041451165452599525,0.05619034171104431,21.015588760375977,0.6706019043922424,-0.2000696361064911,0.0,0.0
2936,733.75,45.59410858154297,47.709877014160156,128.69375610351562,109.56900787353516,112.5540542602539,0.00042935743113048375,0.056211087852716446,21.015539169311523,0.6806108951568604,-0.23927798867225647,0.0,0.0
2937,734,45.50100326538086,47.64655303955078,128.47164916992188,109.58795928955078,112.11849212646484,0.0004427186504472047,0.05622975900769234,21.015493392944336,0.6906198859214783,-0.20322252810001373,0.0,0.0
2938,734.25,45.56332015991211,47.61692428588867,129.8264617919922,109.59809875488281,112.60442352294922,0.0004547437420114875,0.0562465637922287,21.015453338623047,0.7006288170814514,-0.2408975213766098,0.0,0.0
2939,734.5,45.43207550048828,47.74070358276367,128.49148559570312,109.57738494873047,112.7822036743164,0.00046878564171493053,0.056261688470840454,21.015417098999023,0.7006288170814514,-0.25662335753440857,0.0,0.0
2940,734.75,45.526710510253906,47.59516906738281,128.3747100830078,109.59324645996094,112.89727020263672,0.0004814233398064971,0.056268054991960526,21.015384674072266,0.7106378078460693,-0.2644127905368805,0.0,0.0
2941,735,45.52192306518555,47.27179718017578,128.57240295410156,109.58399200439453,113.35900115966797,0.0004927972913719714,0.05627378448843956,21.015356063842773,0.7006288170814514,-0.3014979660511017,0.0,0.0
2942,735.25,45.51502990722656,47.27529525756836,130.28823852539062,109.58222961425781,112.53282165527344,0.0005030338070355356,0.05627894029021263,21.015329360961914,0.6906198859214783,-0.23652426898479462,0.0,0.0
2943,735.5,45.73905944824219,47.73458480834961,130.1256561279297,109.58002471923828,112.02268981933594,0.0005122466827742755,0.056283578276634216,21.015304565429688,0.7006288170814514,-0.19625715911388397,0.0,0.0
2944,735.75,45.60639190673828,47.882137298583984,128.33425903320312,109.58222961425781,112.64887237548828,0.000522470276337117,0.056280504912137985,21.015283584594727,0.7006288170814514,-0.24570001661777496,0.0,0.0
2945,736,45.79156494140625,47.5025749206543,127.49236297607422,109.58751678466797,112.24935913085938,0.0005316715105436742,0.05627773702144623,21.0152645111084,0.7006288170814514,-0.21364274621009827,0.0,0.0
2946,736.25,45.466941833496094,47.53845977783203,129.70738220214844,109.58795928955078,112.11454772949219,0.0005399525980465114,0.056275248527526855,21.015247344970703,0.6906198859214783,-0.20290930569171906,0.0,0.0
2947,736.5,45.42864227294922,47.76395034790039,131.19424438476562,109.57782745361328,113.25677490234375,0.0005474056233651936,0.05627300962805748,21.01523208618164,0.6906198859214783,-0.29396721720695496,0.0,0.0
2948,736.75,45.2742805480957,47.728389739990234,126.23601531982422,109.57826232910156,112.18219757080078,0.0005541132995858788,0.05627099424600601,21.01521873474121,0.7006288170814514,-0.20906664431095123,0.0,0.0
2949,737,45.67905044555664,47.30276870727539,128.64720153808594,109.58927917480469,112.78467559814453,0.0005588624626398087,0.056261930614709854,21.01520538330078,0.7006288170814514,-0.25585228204727173,0.0,0.0
2950,737.25,45.2394905090332,47.81808090209961,129.90049743652344,109.59500885009766,112.42911529541016,0.0005631367093883455,0.05625377222895622,21.015193939208984,0.6906198859214783,-0.22727848589420319,0.0,0.0
2951,737.5,45.54814529418945,47.742515563964844,129.97300720214844,109.57605743408203,112.16886901855469,0.0005669835372827947,0.056246429681777954,21.01518440246582,0.6806108951568604,-0.20818832516670227,0.0,0.0
2952,737.75,45.45913314819336,47.523250579833984,130.46531677246094,109.5888442993164,112.08441925048828,0.0005704456707462668,0.05623982101678848,21.015174865722656,0.6906198859214783,-0.20044462382793427,0.0,0.0
2953,738,46.01959228515625,47.777706146240234,128.7273406982422,109.59192657470703,111.7323226928711,0.0005684102652594447,0.05623387172818184,21.015167236328125,0.7006288170814514,-0.17218579351902008,0.0,0.0
2954,738.25,45.63404083251953,47.63567352294922,128.96548461914062,109.5989761352539,111.6740493774414,0.000566578411962837,0.05624301731586456,21.015159606933594,0.6906198859214783,-0.1669691950082779,0.0,0.0
2955,738.5,45.8187141418457,47.25996780395508,130.61338806152344,109.58795928955078,112.39010620117188,0.0005649297381751239,0.056251250207424164,21.015151977539062,0.6806108951568604,-0.22476188838481903,0.0,0.0
2956,738.75,45.5267219543457,47.57889175415039,130.3042755126953,109.58708190917969,112.13874053955078,0.0005634459084831178,0.056258659809827805,21.015146255493164,0.6906198859214783,-0.20490118861198425,0.0,0.0
2957,739,45.376522064208984,46.948699951171875,129.8134765625,109.59060668945312,112.79109191894531,0.0005556734977290034,0.05626532807946205,21.015140533447266,0.7006288170814514,-0.25625091791152954,0.0,0.0
2958,739.25,45.233848571777344,47.400577545166016,129.99285888671875,109.57958984375,112.05281829833984,0.0005486783338710666,0.056271329522132874,21.015134811401367,0.7006288170814514,-0.19868649542331696,0.0,0.0
2959,739.5,45.48920440673828,47.763614654541016,127.23056030273438,109.58751678466797,112.61084747314453,0.0005423827096819878,0.05626223236322403,21.0151309967041,0.7106378078460693,-0.24226488173007965,0.0,0.0
2960,739.75,45.10832977294922,47.541954040527344,133.1551055908203,109.58487701416016,112.2868881225586,0.0005283518112264574,0.05625404417514801,21.015127182006836,0.720646858215332,-0.21683305501937866,0.0,0.0
2961,740,45.427799224853516,47.58378219604492,131.38888549804688,109.60470581054688,112.23849487304688,0.0005157239502295852,0.05624667555093765,21.015356063842773,0.7106378078460693,-0.2113848179578781,0.0,0.0
2962,740.25,45.84638977050781,47.703956604003906,130.49127197265625,109.59148406982422,112.71356201171875,0.0005043589044362307,0.05624004080891609,21.015562057495117,0.6906198859214783,-0.25005868077278137,0.0,0.0
2963,740.5,45.684913635253906,47.235958099365234,131.72930908203125,109.59854125976562,111.74713134765625,0.0004941303632222116,0.056234072893857956,21.0157470703125,0.6806108951568604,-0.17282848060131073,0.0,0.0
2964,740.75,45.6732177734375,47.734004974365234,129.63258361816406,109.5809097290039,112.60393524169922,0.00048492467612959445,0.056228701025247574,21.015914916992188,0.6906198859214783,-0.2422550618648529,0.0,0.0
2965,741,45.59691619873047,47.47555923461914,127.65036010742188,109.5884017944336,112.60294342041016,0.0004766395431943238,0.05622386559844017,21.01606559753418,0.6806108951568604,-0.24156807363033295,0.0,0.0
2966,741.25,45.22231674194336,47.377166748046875,132.69178771972656,109.59324645996094,112.20392608642578,0.00046082172775641084,0.05621951445937157,21.01620101928711,0.6806108951568604,-0.20957347750663757,0.0,0.0
2967,741.5,45.65809631347656,47.739620208740234,129.7058563232422,109.58795928955078,112.82615661621094,0.0004465857055038214,0.0562300980091095,21.01632308959961,0.7006288170814514,-0.2592330873012543,0.0,0.0
2968,741.75,45.43352127075195,47.49909210205078,128.82122802734375,109.59324645996094,112.57479858398438,0.0004337732680141926,0.056239623576402664,21.01643180847168,0.6806108951568604,-0.23894934356212616,0.0,0.0
2969,742,45.435543060302734,47.766319274902344,126.83441925048828,109.59368896484375,112.52639770507812,0.0004222420684527606,0.056248195469379425,21.016530990600586,0.6806108951568604,-0.23508530855178833,0.0,0.0
2970,742.25,45.358802795410156,47.937049865722656,130.57369995117188,109.59016418457031,112.32936096191406,0.0004118639917578548,0.05625591054558754,21.016620635986328,0.6906198859214783,-0.21976998448371887,0.0,0.0
2971,742.5,45.37178421020508,47.40781784057617,132.16207885742188,109.59060668945312,111.95454406738281,0.00040252372855320573,0.05624835565686226,21.016700744628906,0.6906198859214783,-0.18998020887374878,0.0,0.0
2972,742.75,45.70669174194336,47.448856353759766,129.8508758544922,109.58354949951172,112.52047729492188,0.0003941174945794046,0.05624155327677727,21.016773223876953,0.6906198859214783,-0.23544053733348846,0.0,0.0
2973,743,45.90178298950195,47.2021369934082,130.99273681640625,109.59854125976562,112.78022766113281,0.00038655189564451575,0.056235432624816895,21.01683807373047,0.7006288170814514,-0.25474870204925537,0.0,0.0
2974,743.25,45.61762619018555,47.15093994140625,132.440673828125,109.59324645996094,112.61331176757812,0.0003797428507823497,0.05622992292046547,21.016895294189453,0.7106378078460693,-0.24199442565441132,0.0,0.0
2975,743.5,45.11653137207031,46.90690231323242,126.85197448730469,109.59104919433594,113.37381744384766,0.0003774733340833336,0.05622496455907822,21.01694679260254,0.720646858215332,-0.30208802223205566,0.0,0.0
2976,743.75,45.57904815673828,47.32431411743164,124.88883209228516,109.59500885009766,112.74220275878906,0.0003754307690542191,0.05622050166130066,21.01699447631836,0.720646858215332,-0.25203385949134827,0.0,0.0
2977,744,45.63175582885742,47.13840103149414,127.19544982910156,109.60338592529297,112.86072540283203,0.00037359245470725,0.05621648579835892,21.01703643798828,0.720646858215332,-0.2607070803642273,0.0,0.0
2978,744.25,45.924129486083984,47.45561599731445,128.45713806152344,109.59104919433594,113.20936584472656,0.0003719379601534456,0.05621287226676941,21.017074584960938,0.73065584897995,-0.28916603326797485,0.0,0.0
2979,744.5,45.17076873779297,47.29010772705078,130.71566772460938,109.59236907958984,112.1431884765625,0.0003762383130379021,0.05620962008833885,21.017108917236328,0.73065584897995,-0.20482464134693146,0.0,0.0
2980,744.75,45.58620071411133,47.218849182128906,126.67413330078125,109.59589385986328,112.16639709472656,0.00038010862772352993,0.05620669201016426,21.017139434814453,0.720646858215332,-0.20638032257556915,0.0,0.0
2981,745,45.472015380859375,47.4575080871582,129.4043731689453,109.60030364990234,112.57430267333984,0.0003835919196717441,0.05620405822992325,21.017168045043945,0.73065584897995,-0.2383367419242859,0.0,0.0
2982,745.25,45.41795349121094,47.04487991333008,135.70443725585938,109.59104919433594,111.50120544433594,0.00038672686787322164,0.05620168522000313,21.017192840576172,0.720646858215332,-0.15382437407970428,0.0,0.0
2983,745.5,45.41649627685547,47.741355895996094,130.1256561279297,109.59148406982422,112.63701629638672,0.0003895483387168497,0.05619955062866211,21.017215728759766,0.720646858215332,-0.24401089549064636,0.0,0.0
2984,745.75,45.48900604248047,47.715965270996094,131.5316162109375,109.59545135498047,112.26170349121094,0.0003946611541323364,0.0561976283788681,21.017236709594727,0.7406647801399231,-0.21397699415683746,0.0,0.0
2985,746,45.77125549316406,47.519256591796875,128.6326904296875,109.60867309570312,112.33726501464844,0.00039926270255818963,0.05618865042924881,21.017255783081055,0.7406647801399231,-0.21889330446720123,0.0,0.0
2986,746.25,45.370914459228516,47.79806137084961,133.84510803222656,109.59545135498047,112.70467376708984,0.00040340409032069147,0.056180570274591446,21.01727294921875,0.7706916928291321,-0.24903443455696106,0.0,0.0
2987,746.5,45.405494689941406,47.62371826171875,128.29685974121094,109.60118103027344,112.26862335205078,0.000407131330575794,0.05617329850792885,21.017288208007812,0.7606827616691589,-0.2140606939792633,0.0,0.0
2988,746.75,45.46785354614258,47.349605560302734,128.60292053222656,109.613525390625,112.47898864746094,0.0004104858380742371,0.05616675317287445,21.017301559448242,0.750673770904541,-0.22972281277179718,0.0,0.0
2989,747,46.05166244506836,47.264427185058594,126.29325866699219,109.61528778076172,113.26911926269531,0.00041543535189703107,0.05614636838436127,21.01731300354004,0.7406647801399231,-0.2918950021266937,0.0,0.0
2990,747.25,46.08673095703125,46.94227981567383,129.78524780273438,109.61396026611328,112.07257080078125,0.0004198899259790778,0.05612802132964134,21.017324447631836,0.7406647801399231,-0.19746361672878265,0.0,0.0
2991,747.5,45.52178955078125,47.53533935546875,130.39051818847656,109.59721374511719,112.42961120605469,0.0004238990368321538,0.05611150711774826,21.017333984375,0.750673770904541,-0.22713859379291534,0.0,0.0
2992,747.75,45.5079231262207,47.6370735168457,128.69223022460938,109.59236907958984,112.09232330322266,0.00042750724242068827,0.056096646934747696,21.01734161376953,0.7406647801399231,-0.20078599452972412,0.0,0.0
2993,748,45.131717681884766,47.57710266113281,128.21517944335938,109.61219787597656,112.19849395751953,0.00043075461871922016,0.05608327314257622,21.017349243164062,0.7406647801399231,-0.2076033502817154,0.0,0.0
2994,748.25,45.885353088378906,47.084922790527344,130.15847778320312,109.60294342041016,113.6725845336914,0.0004336772544775158,0.05606398731470108,21.017356872558594,0.7406647801399231,-0.3245500326156616,0.0,0.0
2995,748.5,45.43497085571289,47.176025390625,132.89634704589844,109.5888442993164,112.85677337646484,0.0004446746315807104,0.056046631187200546,21.017362594604492,0.720646858215332,-0.26157644391059875,0.0,0.0
2996,748.75,45.51076889038086,47.26206970214844,128.51744079589844,109.60030364990234,111.94268798828125,0.0004545722622424364,0.0560310073196888,21.01736831665039,0.6906198859214783,-0.18825016915798187,0.0,0.0
2997,749,45.4472770690918,47.31875991821289,131.04006958007812,109.6069107055664,112.06565856933594,0.0004766483907587826,0.0560169480741024,21.01737403869629,0.6906198859214783,-0.19748693704605103,0.0,0.0
2998,749.25,45.19724655151367,47.37284851074219,128.90060424804688,109.59148406982422,112.92245483398438,0.0004766483907587826,0.05604053661227226,21.017377853393555,0.6605929732322693,-0.2665415108203888,0.0,0.0
2999,749.5,45.723873138427734,47.143028259277344,128.8517608642578,109.60779571533203,112.13775634765625,0.0004884998197667301,0.0560617670416832,21.017148971557617,0.6706019043922424,-0.20314055681228638,0.0,0.0
3000,749.75,45.42646789550781,47.51427459716797,130.12794494628906,109.59854125976562,113.16294860839844,0.0004991660825908184,0.05608087405562401,21.016942977905273,0.6806108951568604,-0.2849070429801941,0.0,0.0
3001,750,45.612060546875,47.27881622314453,130.62942504882812,109.60955810546875,112.51800537109375,0.0005087657482363284,0.05609806999564171,21.01675796508789,0.6906198859214783,-0.23313242197036743,0.0,0.0
3002,750.25,45.27668762207031,47.616600036621094,128.98532104492188,109.60118103027344,112.69084930419922,0.0005174054531380534,0.05611354857683182,21.016592025756836,0.720646858215332,-0.2474767118692398,0.0,0.0
3003,750.5,45.67005157470703,47.25817108154297,130.85610961914062,109.59500885009766,112.51701354980469,0.0005309777334332466,0.05612747743725777,21.016441345214844,0.6906198859214783,-0.234235480427742,0.0,0.0
3004,750.75,45.292266845703125,47.332855224609375,130.0294952392578,109.59324645996094,112.240966796875,0.0005431927856989205,0.056132763624191284,21.016305923461914,0.7006288170814514,-0.2125118225812912,0.0,0.0
3005,751,45.35633850097656,47.25309753417969,130.53172302246094,109.60294342041016,111.96788024902344,0.0005541863502003253,0.05613752081990242,21.016183853149414,0.7106378078460693,-0.1900387704372406,0.0,0.0
3006,751.25,45.06169128417969,47.30567932128906,131.4156036376953,109.60030364990234,113.35159301757812,0.0005640805466100574,0.05614180490374565,21.016075134277344,0.720646858215332,-0.2995913326740265,0.0,0.0
3007,751.5,45.234806060791016,47.042789459228516,131.32247924804688,109.58575439453125,112.82170867919922,0.0005762061337009072,0.05614566057920456,21.015975952148438,0.750673770904541,-0.2590610384941101,0.0,0.0
3008,751.75,45.71091842651367,47.38640213012695,128.77008056640625,109.60338592529297,113.04591369628906,0.0005871191970072687,0.05614912882447243,21.015888214111328,0.7606827616691589,-0.2753022313117981,0.0,0.0
3009,752,45.4370002746582,47.57667541503906,128.0869598388672,109.60911560058594,112.12787628173828,0.0005969409248791635,0.05614500120282173,21.01580810546875,0.750673770904541,-0.2022486925125122,0.0,0.0
3010,752.25,45.20425033569336,47.633182525634766,129.9653778076172,109.60206604003906,113.06171417236328,0.0006057805148884654,0.056141287088394165,21.015735626220703,0.7406647801399231,-0.27665355801582336,0.0,0.0
3011,752.5,45.553375244140625,47.489845275878906,132.1918487548828,109.59545135498047,112.30022430419922,0.0006092269322834909,0.056137945502996445,21.015670776367188,0.7406647801399231,-0.21703149378299713,0.0,0.0
3012,752.75,45.780330657958984,47.29426574707031,128.89297485351562,109.60162353515625,112.56096649169922,0.0006123287021182477,0.05613493546843529,21.015613555908203,0.7406647801399231,-0.2371748834848404,0.0,0.0
3013,753,45.729915618896484,47.57582473754883,132.79025268554688,109.60911560058594,113.023193359375,0.0006151202833279967,0.0561249814927578,21.015562057495117,0.720646858215332,-0.27304720878601074,0.0,0.0
3014,753.25,45.79470443725586,47.982749938964844,130.87672424316406,109.59236907958984,113.84591674804688,0.0006176327005960047,0.056116022169589996,21.015514373779297,0.7106378078460693,-0.3389730453491211,0.0,0.0
3015,753.5,45.525447845458984,47.510894775390625,131.47589111328125,109.5989761352539,113.48196411132812,0.0006198938935995102,0.056107956916093826,21.015472412109375,0.7106378078460693,-0.3099316358566284,0.0,0.0
3016,753.75,45.57576370239258,47.697479248046875,127.1504135131836,109.59457397460938,113.52542114257812,0.0006219289498403668,0.05610070005059242,21.01543426513672,0.7106378078460693,-0.31369748711586,0.0,0.0
3017,754,45.61412048339844,47.229007720947266,128.0831298828125,109.60206604003906,112.84343719482422,0.0006147451931610703,0.05610141530632973,21.015399932861328,0.7106378078460693,-0.2594505250453949,0.0,0.0
3018,754.25,45.512367248535156,47.85196304321289,129.1700439453125,109.59677124023438,112.3041763305664,0.0006082798354327679,0.05610205978155136,21.015565872192383,0.7106378078460693,-0.21723756194114685,0.0,0.0
3019,754.5,45.77666091918945,47.18086624145508,129.9554443359375,109.59941864013672,112.7644271850586,0.0006024609901942313,0.05610264092683792,21.015714645385742,0.7106378078460693,-0.25343021750450134,0.0,0.0
3020,754.75,45.62025451660156,47.80262756347656,127.01302337646484,109.60250091552734,112.77726745605469,0.0005972240469418466,0.056103162467479706,21.015850067138672,0.7006288170814514,-0.2541934549808502,0.0,0.0
3021,755,45.86527633666992,47.25752639770508,127.28856658935547,109.60118103027344,112.64146423339844,0.0005925107980147004,0.05612538009881973,21.015972137451172,0.7006288170814514,-0.24357463419437408,0.0,0.0
3022,755.25,45.99448013305664,47.496307373046875,127.01073455810547,109.59104919433594,112.57726287841797,0.0005966401658952236,0.056145377457141876,21.016080856323242,0.7006288170814514,-0.2393227070569992,0.0,0.0
3023,755.5,45.783058166503906,47.62586212158203,129.74630737304688,109.5963363647461,112.45034790039062,0.0006003566086292267,0.056163374334573746,21.016178131103516,0.7106378078460693,-0.22885170578956604,0.0,0.0
3024,755.75,45.80928421020508,47.43728256225586,128.53346252441406,109.61705017089844,113.99258422851562,0.0006003566086292267,0.05617957189679146,21.016178131103516,0.720646858215332,-0.348429411649704,0.0,0.0
3025,756,45.59052276611328,47.24687957763672,125.18879699707031,109.59941864013672,112.80690002441406,0.0006037013954482973,0.05619414895772934,21.016265869140625,0.720646858215332,-0.2567828297615051,0.0,0.0
3026,756.25,45.796749114990234,47.81443786621094,130.03712463378906,109.59545135498047,112.65825653076172,0.0006067117210477591,0.05620726943016052,21.016345977783203,0.73065584897995,-0.24536728858947754,0.0,0.0
3027,756.5,45.57867431640625,47.37287902832031,130.85687255859375,109.59016418457031,114.25875854492188,0.0006094209966249764,0.05621907487511635,21.01641845703125,0.73065584897995,-0.37137502431869507,0.0,0.0
3028,756.75,46.12124252319336,47.141326904296875,129.13340759277344,109.59809875488281,113.06912231445312,0.0006286128773353994,0.05623694881796837,21.016483306884766,0.73065584897995,-0.27755892276763916,0.0,0.0
3029,757,45.594642639160156,47.50741195678711,128.7128448486328,109.58619689941406,112.28195190429688,0.0006458855932578444,0.05625303462147713,21.01654052734375,0.720646858215332,-0.2163345068693161,0.0,0.0
3030,757.25,46.07280349731445,47.41452407836914,128.54339599609375,109.58663940429688,112.21331024169922,0.0006614309968426824,0.05626751109957695,21.016592025756836,0.720646858215332,-0.21085451543331146,0.0,0.0
3031,757.5,45.61395263671875,47.676361083984375,132.1979522705078,109.58354949951172,112.14960479736328,0.0006754219066351652,0.05628054216504097,21.016639709472656,0.7406647801399231,-0.20605070888996124,0.0,0.0
3032,757.75,45.81023406982422,47.49898910522461,132.42083740234375,109.60603332519531,112.10121154785156,0.000688013678882271,0.05629226937890053,21.016681671142578,0.7406647801399231,-0.20038221776485443,0.0,0.0
3033,758,45.54581832885742,46.991703033447266,132.11094665527344,109.59148406982422,112.46961212158203,0.0007057937909848988,0.05630282312631607,21.016719818115234,0.73065584897995,-0.2307709902524948,0.0,0.0
3034,758.25,45.88889694213867,48.313743591308594,129.25552368164062,109.61132049560547,112.72195434570312,0.0007217958918772638,0.05631232261657715,21.016754150390625,0.7106378078460693,-0.24911026656627655,0.0,0.0
3035,758.5,45.38413619995117,47.314815521240234,128.84335327148438,109.59060668945312,113.8701171875,0.0007361978059634566,0.05632087215781212,21.01678466796875,0.7106378078460693,-0.3410083055496216,0.0,0.0
3036,758.75,45.61198425292969,47.52177429199219,130.568359375,109.60955810546875,112.05330657958984,0.0007491595461033285,0.05632087215781212,21.016813278198242,0.7106378078460693,-0.19629080593585968,0.0,0.0
3037,759,45.6823616027832,47.21714401245117,132.5643310546875,109.59104919433594,112.91356658935547,0.000753088213969022,0.05632856488227844,21.01683807373047,0.7106378078460693,-0.2658761739730835,0.0,0.0
3038,759.25,45.612125396728516,47.798988342285156,128.42813110351562,109.57958984375,112.28195190429688,0.0007566239801235497,0.056357238441705704,21.016860961914062,0.7006288170814514,-0.21687111258506775,0.0,0.0
3039,759.5,45.69350051879883,47.386844635009766,129.93408203125,109.57605743408203,112.53182983398438,0.000759806192945689,0.05638304352760315,21.016881942749023,0.6906198859214783,-0.23694708943367004,0.0,0.0
3040,759.75,46.09183120727539,47.423160552978516,131.06448364257812,109.59236907958984,112.62071990966797,0.0007472060387954116,0.05640627071261406,21.01689910888672,0.7106378078460693,-0.24265089631080627,0.0,0.0
3041,760,45.363407135009766,47.71809387207031,133.04824829101562,109.58751678466797,113.24788665771484,0.000735865905880928,0.05642717331647873,21.016916275024414,0.7106378078460693,-0.2924816608428955,0.0,0.0
3042,760.25,45.59817123413086,47.55225372314453,128.29380798339844,109.5703353881836,112.76195526123047,0.0007256597746163607,0.05644598603248596,21.016931533813477,0.720646858215332,-0.2555978000164032,0.0,0.0
3043,760.5,45.5886116027832,47.4199104309082,129.0563201904297,109.57694244384766,112.8078842163086,0.00071647425647825,0.056477420032024384,21.016944885253906,0.720646858215332,-0.25868627429008484,0.0,0.0
3044,760.75,45.39137268066406,47.363704681396484,130.0378875732422,109.58222961425781,112.1021957397461,0.0007082073134370148,0.0565057098865509,21.016956329345703,0.720646858215332,-0.20239362120628357,0.0,0.0
3045,761,45.73263931274414,47.771148681640625,127.2137680053711,109.5804672241211,112.29035186767578,0.0006808105390518904,0.05653116852045059,21.0169677734375,0.7106378078460693,-0.21746592223644257,0.0,0.0
3046,761.25,45.69976806640625,47.373836517333984,126.77106475830078,109.57518005371094,112.08541107177734,0.000656153482850641,0.05655408278107643,21.016977310180664,0.720646858215332,-0.20163320004940033,0.0,0.0
3047,761.5,45.51861572265625,47.352962493896484,132.07659912109375,109.56813049316406,112.68294525146484,0.0006339621031656861,0.05660370737314224,21.016984939575195,0.720646858215332,-0.24953754246234894,0.0,0.0
3048,761.75,45.8931770324707,47.73586654663086,129.52267456054688,109.59324645996094,112.51898956298828,0.0006139898905530572,0.0566483698785305,21.016992568969727,0.73065584897995,-0.2345350831747055,0.0,0.0
3049,762,45.892215728759766,47.7156867980957,131.66595458984375,109.56768798828125,112.34516143798828,0.0005960148992016912,0.056688565760850906,21.017000198364258,0.73065584897995,-0.22284823656082153,0.0,0.0
3050,762.25,46.0225830078125,47.77328109741211,128.58766174316406,109.56327819824219,112.8839340209961,0.000579837360419333,0.05672474205493927,21.017005920410156,0.7106378078460693,-0.26579582691192627,0.0,0.0
3051,762.5,46.038185119628906,47.53997802734375,128.68231201171875,109.563720703125,113.1989974975586,0.0005575583782047033,0.05675730109214783,21.01677894592285,0.7106378078460693,-0.2905709743499756,0.0,0.0
3052,762.75,45.85630798339844,47.3983039855957,126.83136749267578,109.58663940429688,112.69133758544922,0.0005375072942115366,0.05678660422563553,21.01657485961914,0.720646858215332,-0.24869665503501892,0.0,0.0
3053,763,45.53087615966797,48.018577575683594,129.9203338623047,109.56989288330078,112.38911437988281,0.0005194613477215171,0.05681297928094864,21.016389846801758,0.720646858215332,-0.226151242852211,0.0,0.0
3054,763.25,45.70056915283203,47.9035758972168,130.91641235351562,109.5716552734375,112.19602966308594,0.0005032199551351368,0.05683671683073044,21.016223907470703,0.7106378078460693,-0.21070078015327454,0.0,0.0
3055,763.5,45.6460075378418,47.78390884399414,128.2098388671875,109.56636810302734,112.6844253540039,0.0004995394847355783,0.056879833340644836,21.016075134277344,0.7106378078460693,-0.2497972846031189,0.0,0.0
3056,763.75,45.81509780883789,47.61052703857422,128.98150634765625,109.57870483398438,112.38269805908203,0.0004962270613759756,0.056918639689683914,21.015941619873047,0.720646858215332,-0.22492678463459015,0.0,0.0
3057,764,45.82827377319336,47.725914001464844,132.42388916015625,109.57077026367188,112.70565795898438,0.0004932458396069705,0.056953564286231995,21.01582145690918,0.720646858215332,-0.25111690163612366,0.0,0.0
3058,764.25,45.376365661621094,47.57522201538086,129.1265411376953,109.55887603759766,112.31405639648438,0.0004905627574771643,0.056984998285770416,21.01571273803711,0.7106378078460693,-0.22109930217266083,0.0,0.0
3059,764.5,46.06300354003906,47.40770721435547,129.83714294433594,109.56636810302734,113.26615905761719,0.0005016669747419655,0.057013288140296936,21.015615463256836,0.7106378078460693,-0.2956361770629883,0.0,0.0
3060,764.75,45.7377815246582,47.79555892944336,129.8966827392578,109.56636810302734,112.44491577148438,0.0005116607644595206,0.05702424421906471,21.015527725219727,0.7106378078460693,-0.23085592687129974,0.0,0.0
3061,765,45.78276443481445,47.590110778808594,128.4937744140625,109.55094146728516,113.11356353759766,0.0005206551868468523,0.05703410506248474,21.01544761657715,0.720646858215332,-0.2848884165287018,0.0,0.0
3062,765.25,45.71457290649414,47.83903121948242,130.3851776123047,109.56592559814453,112.40343475341797,0.0005287501844577491,0.057042982429265976,21.015377044677734,0.7106378078460693,-0.22760780155658722,0.0,0.0
3063,765.5,46.37579345703125,47.32752990722656,127.44427490234375,109.5549087524414,112.07157897949219,0.0005431206081993878,0.05705096945166588,21.01531219482422,0.7106378078460693,-0.20218193531036377,0.0,0.0
3064,765.75,45.853641510009766,47.37046432495117,130.93016052246094,109.56416320800781,113.21331787109375,0.0005560539430007339,0.05705815926194191,21.015254974365234,0.7106378078460693,-0.29166141152381897,0.0,0.0
3065,766,45.61823272705078,47.573974609375,131.0011444091797,109.55226135253906,112.49923706054688,0.0005676939617842436,0.057086385786533356,21.01520347595215,0.7106378078460693,-0.2363019436597824,0.0,0.0
3066,766.25,45.56285095214844,47.61347198486328,128.55178833007812,109.54476928710938,112.42615509033203,0.0005781700019724667,0.05711178854107857,21.015155792236328,0.7106378078460693,-0.23112604022026062,0.0,0.0
3067,766.5,45.95008850097656,48.133426666259766,128.48614501953125,109.55887603759766,113.36097717285156,0.0005875984206795692,0.05713465064764023,21.015113830566406,0.7006288170814514,-0.3036937713623047,0.0,0.0
3068,766.75,45.73833084106445,47.66424560546875,126.09709930419922,109.5650405883789,112.72146606445312,0.000594795448705554,0.05715522542595863,21.01507568359375,0.6906198859214783,-0.25283083319664,0.0,0.0
3069,767,46.09946823120117,47.586368560791016,128.06787109375,109.55754852294922,112.87059783935547,0.0006012727972120047,0.05717374384403229,21.01504135131836,0.6906198859214783,-0.26520922780036926,0.0,0.0
3070,767.25,45.84379577636719,47.28059005737305,127.32978820800781,109.56151580810547,113.08492279052734,0.0006071024108678102,0.0571831576526165,21.015010833740234,0.7006288170814514,-0.28177493810653687,0.0,0.0
3071,767.5,45.73196792602539,48.02674102783203,132.724609375,109.55314636230469,112.2607192993164,0.0006123490747995675,0.0571916289627552,21.014982223510742,0.7006288170814514,-0.21733598411083221,0.0,0.0
3072,767.75,45.959449768066406,47.9798469543457,132.14222717285156,109.5544662475586,112.37677001953125,0.0006170710548758507,0.057199254631996155,21.014957427978516,0.7006288170814514,-0.22642666101455688,0.0,0.0
3073,768,46.00971603393555,47.57377243041992,127.30917358398438,109.55270385742188,113.16294860839844,0.0006170710548758507,0.05720611661672592,21.014934539794922,0.7006288170814514,-0.2886310815811157,0.0,0.0
3074,768.25,45.76982498168945,47.97270965576172,126.90845489501953,109.55049896240234,112.88097381591797,0.000610373099334538,0.057205040007829666,21.014934539794922,0.7006288170814514,-0.2666005492210388,0.0,0.0
3075,768.5,45.99032974243164,47.284706115722656,129.028076171875,109.5557861328125,112.85529327392578,0.0006043449393473566,0.057204071432352066,21.01491355895996,0.7006288170814514,-0.26414552330970764,0.0,0.0
3076,768.75,45.94272232055664,47.62242889404297,130.0348358154297,109.55138397216797,112.75603485107422,0.000598919577896595,0.057203199714422226,21.014896392822266,0.7006288170814514,-0.2566703259944916,0.0,0.0
3077,769,46.35784149169922,48.06220626831055,131.14158630371094,109.54080200195312,112.93084716796875,0.0005940367700532079,0.05720241740345955,21.01487922668457,0.7006288170814514,-0.2713206708431244,0.0,0.0
3078,769.25,46.13357162475586,47.87229537963867,127.93429565429688,109.53727722167969,112.39800262451172,0.0005896422662772238,0.05720171332359314,21.014863967895508,0.6906198859214783,-0.2295050472021103,0.0,0.0
3079,769.5,45.71342086791992,48.1904182434082,129.43719482421875,109.54300689697266,112.72492218017578,0.0005676692817360163,0.0572010762989521,21.014850616455078,0.6906198859214783,-0.25489452481269836,0.0,0.0
3080,769.75,45.67345428466797,47.6765251159668,129.90431213378906,109.54962158203125,112.81381225585938,0.0005300955381244421,0.05720050632953644,21.014827728271484,0.6906198859214783,-0.26137369871139526,0.0,0.0
3081,770,45.88810348510742,47.886409759521484,128.9830322265625,109.5284652709961,112.64392852783203,0.0005140772555023432,0.05719999223947525,21.01481819152832,0.6906198859214783,-0.24967779219150543,0.0,0.0
3082,770.25,45.70439147949219,47.47480010986328,129.42039489746094,109.53419494628906,113.08985900878906,0.0004913010052405298,0.05719953030347824,21.01481819152832,0.7006288170814514,-0.28438329696655273,0.0,0.0
3083,770.5,45.95851135253906,47.950775146484375,131.11639404296875,109.5377197265625,113.23060607910156,0.0004913010052405298,0.05720636621117592,21.01481056213379,0.7006288170814514,-0.2951694130897522,0.0,0.0
3084,770.75,46.24938201904297,48.34785461425781,129.37384033203125,109.53154754638672,112.92245483398438,0.00047080236254259944,0.05721251666545868,21.014802932739258,0.7006288170814514,-0.2714114487171173,0.0,0.0
3085,771,46.35457229614258,47.55527114868164,125.88490295410156,109.52537536621094,112.65430450439453,0.00045235358993522823,0.057218052446842194,21.014795303344727,0.7006288170814514,-0.25074905157089233,0.0,0.0
3086,771.25,46.30712890625,47.88269805908203,126.08183288574219,109.53419494628906,112.22615051269531,0.0004357496800366789,0.057218052446842194,21.014789581298828,0.7106378078460693,-0.2161344587802887,0.0,0.0
3087,771.5,45.5010871887207,47.63922882080078,126.99241638183594,109.53948211669922,113.06072235107422,0.0004208061727695167,0.057223036885261536,21.01478385925293,0.73065584897995,-0.28165993094444275,0.0,0.0
3088,771.75,46.489471435546875,47.75374984741211,131.59268188476562,109.53727722167969,112.41973114013672,0.0004047855909448117,0.057227522134780884,21.01477813720703,0.720646858215332,-0.23122625052928925,0.0,0.0
3089,772,46.341976165771484,47.816749572753906,128.37547302246094,109.52802276611328,112.40788269042969,0.0003773903881665319,0.05723880976438522,21.0147705078125,0.720646858215332,-0.23104000091552734,0.0,0.0
3090,772.25,45.948787689208984,48.010658264160156,132.1796417236328,109.5209732055664,112.6014633178711,0.0003773903881665319,0.05724896863102913,21.0147705078125,0.720646858215332,-0.2469300776720047,0.0,0.0
3091,772.5,45.83094024658203,47.48855972290039,132.70553588867188,109.5218505859375,112.83949279785156,0.00036571137025021017,0.05725811421871185,21.014766693115234,0.73065584897995,-0.2656569480895996,0.0,0.0
3092,772.75,46.214786529541016,48.1726188659668,128.611328125,109.5377197265625,113.01875305175781,0.0003603434597607702,0.0572737492620945,21.014530181884766,0.73065584897995,-0.2784983217716217,0.0,0.0
3093,773,45.86238479614258,47.59699249267578,127.30078125,109.5205307006836,113.33332061767578,0.00035551234032027423,0.057280413806438446,21.014318466186523,0.720646858215332,-0.3046381175518036,0.0,0.0
3094,773.25,46.38072204589844,48.148746490478516,129.92263793945312,109.52229309082031,112.90121459960938,0.00035116434446536005,0.057280413806438446,21.014127731323242,0.7106378078460693,-0.27048924565315247,0.0,0.0
3095,773.5,46.0133171081543,47.60104751586914,133.20318603515625,109.52141571044922,113.22418212890625,0.0003530391841195524,0.05728641152381897,21.01395606994629,0.720646858215332,-0.295989453792572,0.0,0.0
3096,773.75,45.54347610473633,47.94522476196289,132.55287170410156,109.54168701171875,112.4819564819336,0.0003547265368979424,0.05729180946946144,21.01380157470703,0.73065584897995,-0.2357935905456543,0.0,0.0
3097,774,45.58464813232422,47.65149688720703,132.12391662597656,109.51568603515625,112.25676727294922,0.00035624514566734433,0.057296670973300934,21.013662338256836,0.73065584897995,-0.22006693482398987,0.0,0.0
3098,774.25,46.48945999145508,47.8796272277832,130.2783203125,109.51612091064453,113.19208526611328,0.000357611890649423,0.057322800159454346,21.01353645324707,0.720646858215332,-0.2938959300518036,0.0,0.0
3099,774.5,46.485931396484375,47.9294319152832,129.86767578125,109.5051040649414,113.28887939453125,0.00035884196404367685,0.057346317917108536,21.013423919677734,0.720646858215332,-0.3024003505706787,0.0,0.0
3100,774.75,46.24335861206055,48.14779281616211,127.83736419677734,109.50686645507812,112.92689514160156,0.00035994904465042055,0.057367485016584396,21.013322830200195,0.7106378078460693,-0.2737678587436676,0.0,0.0
3101,775,45.88825607299805,47.824256896972656,130.96755981445312,109.50730895996094,112.001953125,0.0003609454142861068,0.05741092935204506,21.01323127746582,0.7106378078460693,-0.2005184292793274,0.0,0.0
3102,775.25,46.152156829833984,47.77083969116211,128.25869750976562,109.50686645507812,111.66219329833984,0.00036184213240630925,0.05741092935204506,21.01314926147461,0.720646858215332,-0.17350855469703674,0.0,0.0
3103,775.5,45.711849212646484,47.5784797668457,127.82667541503906,109.51039123535156,112.11800384521484,0.00036264918162487447,0.057432886213064194,21.01307487487793,0.7106378078460693,-0.20948655903339386,0.0,0.0
3104,775.75,46.19412612915039,47.469032287597656,131.8621063232422,109.51788330078125,112.85874938964844,0.0003633755259215832,0.057452648878097534,21.01300811767578,0.7006288170814514,-0.26749834418296814,0.0,0.0
3105,776,45.9638671875,47.674583435058594,130.3218231201172,109.5051040649414,112.78961181640625,0.0003653154708445072,0.05747043341398239,21.01294708251953,0.7106378078460693,-0.26308247447013855,0.0,0.0
3106,776.25,45.56488037109375,47.501346588134766,129.77073669433594,109.4971694946289,112.01725769042969,0.00036706140963360667,0.05748644098639488,21.012893676757812,0.720646858215332,-0.20255863666534424,0.0,0.0
3107,776.5,45.58625411987305,47.81454849243164,129.52725219726562,109.50995635986328,112.8513412475586,0.0003686327545437962,0.057500846683979034,21.01284408569336,0.720646858215332,-0.2675584852695465,0.0,0.0
3108,776.75,45.66652297973633,47.69324493408203,128.08236694335938,109.49761199951172,112.13528442382812,0.0003700469678733498,0.05751381069421768,21.012800216674805,0.6906198859214783,-0.21189776062965393,0.0,0.0
3109,777,45.82188034057617,47.83057403564453,128.2502899169922,109.49408721923828,111.81380462646484,0.0003713197656907141,0.057525478303432465,21.012760162353516,0.7006288170814514,-0.186626136302948,0.0,0.0
3110,777.25,45.83245849609375,48.011470794677734,135.09840393066406,109.49143981933594,111.828125,0.0003724652633536607,0.05753597989678383,21.012723922729492,0.7106378078460693,-0.18798136711120605,0.0,0.0
3111,777.5,46.04426193237305,48.00374221801758,131.685791015625,109.5024642944336,112.75701904296875,0.00037349623744376004,0.05754543095827103,21.012691497802734,0.7106378078460693,-0.2607240378856659,0.0,0.0
3112,777.75,45.91765213012695,47.66105270385742,132.59791564941406,109.4865951538086,112.39800262451172,0.00037506723310798407,0.057553939521312714,21.012662887573242,0.7006288170814514,-0.2336253672838211,0.0,0.0
3113,778,45.92531967163086,47.919036865234375,128.45103454589844,109.48615264892578,112.10368347167969,0.00037648112629540265,0.05756159499287605,21.012636184692383,0.6906198859214783,-0.2103199064731598,0.0,0.0
3114,778.25,46.19155502319336,47.204139709472656,127.39313507080078,109.49232482910156,112.29035186767578,0.0003777536330744624,0.05756848677992821,21.01261329650879,0.7106378078460693,-0.22462910413742065,0.0,0.0
3115,778.5,46.22706985473633,47.72709274291992,125.27657318115234,109.4945297241211,112.6557846069336,0.00037889889790676534,0.057545680552721024,21.012592315673828,0.7106378078460693,-0.2533734440803528,0.0,0.0
3116,778.75,46.037784576416016,47.6713981628418,128.91128540039062,109.47645568847656,113.34516906738281,0.000379929639166221,0.0575251542031765,21.0125732421875,0.7106378078460693,-0.3091515600681305,0.0,0.0
3117,779,45.690975189208984,48.08794403076172,129.3997802734375,109.48307037353516,112.83899688720703,0.0003776414378080517,0.057506680488586426,21.012556076049805,0.73065584897995,-0.2687702775001526,0.0,0.0
3118,779.25,45.661643981933594,47.43056106567383,130.9507598876953,109.47513580322266,112.38516235351562,0.00037558205076493323,0.05749005451798439,21.012773513793945,0.720646858215332,-0.2335398644208908,0.0,0.0
3119,779.5,46.22749710083008,47.517154693603516,128.91510009765625,109.4865951538086,112.27108764648438,0.0003737286024261266,0.05747509002685547,21.012969970703125,0.73065584897995,-0.22356750071048737,0.0,0.0
3120,779.75,45.67718505859375,47.86979293823242,132.8421630859375,109.4786605834961,112.72541046142578,0.0003720605163834989,0.05746162310242653,21.013145446777344,0.73065584897995,-0.26016348600387573,0.0,0.0
3121,780,45.92393112182617,47.67471694946289,131.9918670654297,109.4685287475586,112.22071838378906,0.00037055922439321876,0.057449501007795334,21.013303756713867,0.720646858215332,-0.22104217112064362,0.0,0.0
3122,780.25,45.79240798950195,47.322635650634766,130.02566528320312,109.46588134765625,111.9496078491211,0.00036920804996043444,0.057409584522247314,21.013446807861328,0.7106378078460693,-0.19972506165504456,0.0,0.0
3123,780.5,46.30128860473633,48.211524963378906,127.78546142578125,109.48351287841797,112.01380157470703,0.00036799200461246073,0.057373661547899246,21.013574600219727,0.7106378078460693,-0.20339460670948029,0.0,0.0
3124,780.75,45.88088607788086,47.99464416503906,133.00091552734375,109.46588134765625,111.9826889038086,0.00036689755506813526,0.057341329753398895,21.013690948486328,0.7006288170814514,-0.20235508680343628,0.0,0.0
3125,781,46.24404525756836,48.095123291015625,130.7446746826172,109.48218536376953,112.97529602050781,0.0003665556141640991,0.05731223151087761,21.013795852661133,0.7106378078460693,-0.279588907957077,0.0,0.0
3126,781.25,45.799556732177734,47.593467712402344,130.57217407226562,109.46808624267578,112.14862060546875,0.0003662478702608496,0.05728604272007942,21.01388931274414,0.7006288170814514,-0.21535706520080566,0.0,0.0
3127,781.5,45.743385314941406,47.90624237060547,130.79124450683594,109.47425842285156,112.20491790771484,0.00036597088910639286,0.057240720838308334,21.013973236083984,0.7106378078460693,-0.21932238340377808,0.0,0.0
3128,781.75,46.33184814453125,47.59621810913086,130.8148956298828,109.45530700683594,112.18318939208984,0.00036572161479853094,0.057199932634830475,21.014049530029297,0.720646858215332,-0.21913966536521912,0.0,0.0
3129,782,45.52789306640625,47.4925537109375,130.14398193359375,109.46015167236328,112.22516632080078,0.00036549728247337043,0.05716321989893913,21.014118194580078,0.720646858215332,-0.22207626700401306,0.0,0.0
3130,782.25,45.8373908996582,47.363067626953125,128.86244201660156,109.45486450195312,112.43997955322266,0.000363365892553702,0.057130180299282074,21.01441192626953,0.7106378078460693,-0.23952928185462952,0.0,0.0
3131,782.5,45.74361801147461,47.64279556274414,130.53782653808594,109.4791030883789,112.7822036743164,0.0003614476590882987,0.05710044503211975,21.014677047729492,0.7106378078460693,-0.26461124420166016,0.0,0.0
3132,782.75,45.91329574584961,47.7826042175293,129.27919006347656,109.47293090820312,112.29035186767578,0.0003597212489694357,0.05705917999148369,21.014915466308594,0.7106378078460693,-0.2262062132358551,0.0,0.0
3133,783,46.21602249145508,47.48198699951172,126.8061752319336,109.44692993164062,112.7298583984375,0.00035816748277284205,0.05702204257249832,21.0151309967041,0.7106378078460693,-0.2630956172943115,0.0,0.0
3134,783.25,46.32658004760742,47.887245178222656,131.74456787109375,109.4451675415039,112.31158447265625,0.00035676907282322645,0.05698861926794052,21.015323638916016,0.7106378078460693,-0.23014698922634125,0.0,0.0
3135,783.5,46.04512023925781,47.800193786621094,128.81283569335938,109.45133972167969,112.89183807373047,0.0003574399743229151,0.05695853754878044,21.0154972076416,0.7106378078460693,-0.27551841735839844,0.0,0.0
3136,783.75,46.25472640991211,47.81990432739258,127.48014831542969,109.4345932006836,112.31306457519531,0.00035804379149340093,0.05690246447920799,21.015653610229492,0.7106378078460693,-0.2311244010925293,0.0,0.0
3137,784,45.8178825378418,47.60736846923828,126.58483123779297,109.44605255126953,112.72393035888672,0.00035858721821568906,0.05685199797153473,21.01579475402832,0.7006288170814514,-0.26269829273223877,0.0,0.0
3138,784.25,46.2473258972168,47.48807144165039,129.31658935546875,109.44561004638672,112.15849304199219,0.0003590763080865145,0.05680657923221588,21.015920639038086,0.7106378078460693,-0.21796834468841553,0.0,0.0
3139,784.5,45.972923278808594,47.99626541137695,128.1716766357422,109.44296264648438,111.79058837890625,0.00035951650352217257,0.05676570162177086,21.016035079956055,0.7106378078460693,-0.18893520534038544,0.0,0.0
3140,784.75,45.951019287109375,47.82470703125,131.0950164794922,109.4451675415039,111.57972717285156,0.00036248547257855535,0.05672891438007355,21.016138076782227,0.7106378078460693,-0.1719488650560379,0.0,0.0
3141,785,46.26357650756836,48.36494827270508,131.96974182128906,109.4425277709961,111.9175033569336,0.000365157553460449,0.05669580399990082,21.0162296295166,0.7006288170814514,-0.19907119870185852,0.0,0.0
3142,785.25,46.06528091430664,47.6662483215332,126.2589111328125,109.43326568603516,112.19158172607422,0.00036756243207491934,0.05666600540280342,21.016313552856445,0.7006288170814514,-0.22159864008426666,0.0,0.0
3143,785.5,45.877376556396484,47.89047622680664,133.21157836914062,109.4345932006836,112.83949279785156,0.0003697268257383257,0.056639187037944794,21.016387939453125,0.6906198859214783,-0.2727523446083069,0.0,0.0
3144,785.75,45.79679870605469,47.33435821533203,128.39761352539062,109.43326568603516,112.60887145996094,0.00037553481524810195,0.05661505088210106,21.016454696655273,0.7006288170814514,-0.25464773178100586,0.0,0.0
3145,786,45.85124588012695,47.68070602416992,127.03134155273438,109.42974090576172,112.91948699951172,0.0003807620087172836,0.05660782754421234,21.016515731811523,0.7006288170814514,-0.2794553339481354,0.0,0.0
3146,786.25,46.58525085449219,47.398990631103516,130.6782684326172,109.43018341064453,112.17676544189453,0.0003854664973914623,0.056601326912641525,21.016571044921875,0.6906198859214783,-0.22067338228225708,0.0,0.0
3147,786.5,45.82978820800781,47.592586517333984,129.15248107910156,109.43635559082031,112.0542984008789,0.00038970052264630795,0.05659547448158264,21.016620635986328,0.6906198859214783,-0.21044757962226868,0.0,0.0
3148,786.75,46.09981918334961,47.936283111572266,130.45310974121094,109.4187240600586,111.84293365478516,0.0003993026621174067,0.056590206921100616,21.016664505004883,0.6906198859214783,-0.195074200630188,0.0,0.0
3149,787,46.0781364440918,47.79463195800781,130.38746643066406,109.42137145996094,111.65972900390625,0.00040794460801407695,0.05658546835184097,21.016704559326172,0.6906198859214783,-0.18026499450206757,0.0,0.0
3150,787.25,45.790042877197266,47.352813720703125,127.584716796875,109.42577362060547,111.98368072509766,0.0004157223447691649,0.0565449558198452,21.016740798950195,0.6806108951568604,-0.20569665729999542,0.0,0.0
3151,787.5,45.88532257080078,47.51762008666992,132.06971740722656,109.42181396484375,112.54368591308594,0.0004310907970648259,0.05650849640369415,21.016773223876953,0.6906198859214783,-0.250424861907959,0.0,0.0
3152,787.75,45.706478118896484,47.74196243286133,128.6265869140625,109.4200439453125,112.2434310913086,0.00044492242159321904,0.056475680321455,21.016801834106445,0.6906198859214783,-0.22678697109222412,0.0,0.0
3153,788,46.23751449584961,47.528690338134766,128.0526123046875,109.41696166992188,112.4384994506836,0.0004573708865791559,0.056446146219968796,21.017061233520508,0.6806108951568604,-0.24249552190303802,0.0,0.0
3154,788.25,45.710968017578125,47.76277160644531,126.3138656616211,109.4200439453125,112.48689270019531,0.00046857449342496693,0.05639057233929634,21.01729393005371,0.6906198859214783,-0.24607528746128082,0.0,0.0
3155,788.5,46.39393997192383,47.46419143676758,131.27362060546875,109.40726470947266,112.69380950927734,0.000478657748317346,0.05634055659174919,21.01750373840332,0.7106378078460693,-0.2634749114513397,0.0,0.0
3156,788.75,45.90195846557617,47.99638748168945,127.67784118652344,109.40286254882812,112.73776245117188,0.000487732671899721,0.05629554018378258,21.01769256591797,0.720646858215332,-0.2673042118549347,0.0,0.0
3157,789,45.767005920410156,48.153560638427734,130.63018798828125,109.39713287353516,112.34911346435547,0.000506848911754787,0.056255027651786804,21.01786231994629,0.7006288170814514,-0.2370288223028183,0.0,0.0
3158,789.25,46.09652328491211,48.04104995727539,127.13896942138672,109.40418243408203,111.86565399169922,0.000506848911754787,0.056254807859659195,21.018014907836914,0.7006288170814514,-0.19806581735610962,0.0,0.0
3159,789.5,46.41715621948242,47.92296600341797,126.75045776367188,109.40462493896484,112.10516357421875,0.0005240535247139633,0.056254610419273376,21.018014907836914,0.7006288170814514,-0.21706901490688324,0.0,0.0
3160,789.75,46.17936325073242,47.75055694580078,127.09011840820312,109.39889526367188,111.96343231201172,0.0005395376938395202,0.05625443533062935,21.018152236938477,0.6906198859214783,-0.20627333223819733,0.0,0.0
3161,790,45.8898811340332,48.285099029541016,132.11399841308594,109.39228057861328,112.45429992675781,0.000553473480977118,0.056254275143146515,21.01827621459961,0.6906198859214783,-0.24575453996658325,0.0,0.0
3162,790.25,45.60786437988281,47.979740142822266,125.42770385742188,109.409912109375,112.66763305664062,0.0005660156602971256,0.05624688044190407,21.018388748168945,0.6906198859214783,-0.261191725730896,0.0,0.0
3163,790.5,46.33272171020508,47.79562759399414,127.18170928955078,109.4011001586914,111.89083862304688,0.000572794524487108,0.056240227073431015,21.018489837646484,0.6906198859214783,-0.20032034814357758,0.0,0.0
3164,790.75,45.81852340698242,48.05086898803711,129.4852752685547,109.39183807373047,112.4562759399414,0.0005788955022580922,0.05623424053192139,21.018579483032227,0.6806108951568604,-0.24594710767269135,0.0,0.0
3165,791,45.70759582519531,47.42902374267578,130.22946166992188,109.38964080810547,112.20294189453125,0.0005843864055350423,0.05622885003685951,21.018661499023438,0.6806108951568604,-0.2260494828224182,0.0,0.0
3166,791.25,46.21701431274414,48.03851318359375,129.9432373046875,109.4006576538086,112.42615509033203,0.0005893282359465957,0.056223999708890915,21.018733978271484,0.6806108951568604,-0.24284449219703674,0.0,0.0
3167,791.5,46.534698486328125,47.695186614990234,128.41439819335938,109.38082122802734,112.09330749511719,0.0005937758833169937,0.056226883083581924,21.018800735473633,0.6806108951568604,-0.2180645912885666,0.0,0.0
3168,791.75,45.842933654785156,47.62352752685547,130.89198303222656,109.37994384765625,112.31800079345703,0.0005829705041833222,0.05622947961091995,21.01885986328125,0.7006288170814514,-0.23596249520778656,0.0,0.0
3169,792,45.47341537475586,47.30934143066406,132.17123413085938,109.38214874267578,113.0972671508789,0.0005732456338591874,0.05623181536793709,21.01891326904297,0.6906198859214783,-0.2973323464393616,0.0,0.0
3170,792.25,45.96430206298828,48.34758377075195,131.41407775878906,109.39448547363281,111.94911193847656,0.0005644932971335948,0.05623391643166542,21.01896095275879,0.7006288170814514,-0.20549358427524567,0.0,0.0
3171,792.5,45.68718719482422,47.94208908081055,133.17723083496094,109.3927230834961,111.54663848876953,0.000556616170797497,0.05623391643166542,21.019004821777344,0.7006288170814514,-0.17357510328292847,0.0,0.0
3172,792.75,45.57441329956055,48.26347351074219,129.37612915039062,109.4006576538086,112.87800598144531,0.0005373023450374603,0.05623580887913704,21.01904296875,0.720646858215332,-0.2785508632659912,0.0,0.0
3173,793,45.71039962768555,47.448177337646484,127.71524047851562,109.41035461425781,112.20146179199219,0.0005199199076741934,0.056237511336803436,21.01907730102539,0.7106378078460693,-0.2242465615272522,0.0,0.0
3174,793.25,46.22067642211914,47.82597732543945,128.6678009033203,109.39801025390625,111.72096252441406,0.0005042757256887853,0.0562390461564064,21.01910972595215,0.7006288170814514,-0.18704606592655182,0.0,0.0
3175,793.5,45.89918518066406,47.759708404541016,128.2884521484375,109.38699340820312,112.25083923339844,0.0004901959910057485,0.056240424513816833,21.01913833618164,0.7006288170814514,-0.23006421327590942,0.0,0.0
3176,793.75,46.330039978027344,47.867061614990234,133.63597106933594,109.3746566772461,112.14269256591797,0.0004685219028033316,0.05624166503548622,21.019163131713867,0.7006288170814514,-0.22248753905296326,0.0,0.0
3177,794,46.39528274536133,47.97519302368164,132.72232055664062,109.38170623779297,112.14911651611328,0.0004490152350626886,0.05624278262257576,21.01918601989746,0.6906198859214783,-0.22242334485054016,0.0,0.0
3178,794.25,45.73945236206055,47.88312530517578,131.02479553222656,109.38038635253906,111.8044204711914,0.0004314592224545777,0.05622928962111473,21.019207000732422,0.7006288170814514,-0.19512790441513062,0.0,0.0
3179,794.5,45.90114212036133,47.761573791503906,128.63726806640625,109.4112319946289,111.96343231201172,0.00041565881110727787,0.056217145174741745,21.01922607421875,0.7006288170814514,-0.20526985824108124,0.0,0.0
3180,794.75,45.770626068115234,47.89799118041992,129.34178161621094,109.37289428710938,111.98516082763672,0.00040015295962803066,0.05620621517300606,21.019243240356445,0.7006288170814514,-0.21011672914028168,0.0,0.0
3181,795,45.779388427734375,47.21623992919922,127.3099365234375,109.37332916259766,112.41775512695312,0.0003861977020278573,0.05619638040661812,21.019258499145508,0.7106378078460693,-0.24440357089042664,0.0,0.0
3182,795.25,45.977237701416016,48.02574157714844,129.58297729492188,109.37905883789062,111.90911102294922,0.0003736379439942539,0.05617303028702736,21.019271850585938,0.7006288170814514,-0.20356778800487518,0.0,0.0
3183,795.5,46.49186706542969,47.67311096191406,131.93463134765625,109.38082122802734,112.67800903320312,0.0003623341617640108,0.056152015924453735,21.019283294677734,0.7006288170814514,-0.2643783986568451,0.0,0.0
3184,795.75,46.08673858642578,47.83293533325195,129.97605895996094,109.3667221069336,111.9693603515625,0.00035666109761223197,0.056133102625608444,21.01929473876953,0.7106378078460693,-0.20936323702335358,0.0,0.0
3185,796,46.52299880981445,47.99907302856445,131.79417419433594,109.36540222167969,112.6192398071289,0.0003515553253237158,0.05611608177423477,21.019304275512695,0.7106378078460693,-0.26098957657814026,0.0,0.0
3186,796.25,45.85212707519531,47.5141716003418,128.484619140625,109.37553405761719,112.60393524169922,0.0003469601506367326,0.05611525848507881,21.01931381225586,0.720646858215332,-0.2589550316333771,0.0,0.0
3187,796.5,46.03804397583008,48.07908248901367,130.72789001464844,109.3667221069336,111.54120635986328,0.0003428244963288307,0.05611451715230942,21.01932144165039,0.73065584897995,-0.17525793612003326,0.0,0.0
3188,796.75,46.406742095947266,47.537742614746094,129.9684295654297,109.35482025146484,111.48392486572266,0.00033910240745171905,0.05611385032534599,21.019329071044922,0.73065584897995,-0.17165404558181763,0.0,0.0
3189,797,46.027225494384766,47.896453857421875,127.58319091796875,109.35702514648438,113.01529693603516,0.00033575252746231854,0.05611325055360794,21.01933479309082,0.73065584897995,-0.29292309284210205,0.0,0.0
3190,797.25,45.829261779785156,47.59208679199219,132.6872100830078,109.36759948730469,112.64739227294922,0.0003378820256330073,0.056105464696884155,21.01934051513672,0.73065584897995,-0.26303547620773315,0.0,0.0
3191,797.5,46.3523063659668,47.8330078125,129.5806884765625,109.35746765136719,111.68343353271484,0.0003397985710762441,0.05609845742583275,21.019346237182617,0.720646858215332,-0.1873549371957779,0.0,0.0
3192,797.75,46.362552642822266,47.59435272216797,131.2789764404297,109.35305786132812,112.64244842529297,0.00034152346779592335,0.05609215050935745,21.019350051879883,0.73065584897995,-0.2638285160064697,0.0,0.0
3193,798,46.32045364379883,47.99082565307617,131.79571533203125,109.34512329101562,112.15158081054688,0.000343075895216316,0.056086473166942596,21.01935386657715,0.73065584897995,-0.22559721767902374,0.0,0.0
3194,798.25,45.903770446777344,47.87832260131836,128.9387664794922,109.35394287109375,113.2207260131836,0.00034961887286044657,0.05609586089849472,21.019357681274414,0.7106378078460693,-0.30934053659439087,0.0,0.0
3195,798.5,46.0090217590332,48.17302322387695,128.8861083984375,109.33543395996094,112.20146179199219,0.00035550753818824887,0.05610430985689163,21.01936149597168,0.73065584897995,-0.23034408688545227,0.0,0.0
3196,798.75,46.09613800048828,47.45561218261719,129.14637756347656,109.33454895019531,111.88787841796875,0.0003608073457144201,0.05611191317439079,21.019365310668945,0.7106378078460693,-0.2055017203092575,0.0,0.0
3197,799,45.93952941894531,48.288787841796875,132.45059204101562,109.3592300415039,112.05380249023438,0.00036557717248797417,0.05611875653266907,21.019367218017578,0.720646858215332,-0.21668408811092377,0.0,0.0
3198,799.25,46.13145065307617,47.70130157470703,131.2308807373047,109.33983612060547,111.75601959228516,0.00036987001658417284,0.056124914437532425,21.01936912536621,0.720646858215332,-0.19457417726516724,0.0,0.0
3199,799.5,46.032684326171875,47.81596374511719,131.26751708984375,109.326171875,112.26713562011719,0.000385362800443545,0.05612320825457573,21.019371032714844,0.73065584897995,-0.23630739748477936,0.0,0.0
3200,799.75,45.29975128173828,47.701988220214844,129.41123962402344,109.326171875,112.61133575439453,0.0003993063292000443,0.05612167343497276,21.019372940063477,0.7106378078460693,-0.2635585367679596,0.0,0.0
3201,800,45.5911750793457,47.4091682434082,127.7320327758789,109.32044219970703,112.39997863769531,0.00041185549343936145,0.056120291352272034,21.01937484741211,0.7106378078460693,-0.24730105698108673,0.0,0.0
3202,800.25,45.8995246887207,47.53632736206055,131.46063232421875,109.34556579589844,112.7752914428711,0.00042314972961321473,0.05611904710531235,21.019290924072266,0.7106378078460693,-0.2749306559562683,0.0,0.0
3203,800.5,45.86293029785156,47.794620513916016,129.44406127929688,109.32221221923828,112.41874694824219,0.000433314562542364,0.05611792951822281,21.019214630126953,0.720646858215332,-0.2486431896686554,0.0,0.0
3204,800.75,46.03205871582031,47.94126510620117,127.02142333984375,109.3147201538086,112.76689910888672,0.0004424629150889814,0.056116923689842224,21.019145965576172,0.720646858215332,-0.27677997946739197,0.0,0.0
3205,801,46.44164276123047,47.97261047363281,129.4196319580078,109.323974609375,112.88047790527344,0.0004506964178290218,0.0561160184442997,21.019084930419922,0.7106378078460693,-0.28498756885528564,0.0,0.0
3206,801.25,45.884727478027344,47.951171875,128.85862731933594,109.31956481933594,112.81529235839844,0.00046776459203101695,0.056115202605724335,21.01902961730957,0.7006288170814514,-0.2802049219608307,0.0,0.0
3207,801.5,45.691734313964844,48.322784423828125,132.53761291503906,109.31207275390625,112.91207885742188,0.0004831259429920465,0.05611446872353554,21.019132614135742,0.7006288170814514,-0.2884485721588135,0.0,0.0
3208,801.75,46.232704162597656,47.86759567260742,129.9775848388672,109.30590057373047,112.57084655761719,0.0004969511646777391,0.05611380562186241,21.019224166870117,0.6906198859214783,-0.26200810074806213,0.0,0.0
3209,802,45.95181655883789,47.83005142211914,128.49072265625,109.31824493408203,112.53380584716797,0.0005093938671052456,0.05611279979348183,21.019306182861328,0.7106378078460693,-0.2580729126930237,0.0,0.0
3210,802.25,45.5850944519043,47.814971923828125,134.3442840576172,109.31912231445312,112.7318344116211,0.0005199483712203801,0.0561118945479393,21.019380569458008,0.7106378078460693,-0.27365291118621826,0.0,0.0
3211,802.5,46.072654724121094,48.0129280090332,129.67532348632812,109.29796600341797,112.40837097167969,0.0005294474540278316,0.056111082434654236,21.019447326660156,0.7106378078460693,-0.24979619681835175,0.0,0.0
3212,802.75,46.16129684448242,47.23323059082031,127.30307006835938,109.29664611816406,113.10862731933594,0.0005379965878091753,0.05611034855246544,21.019508361816406,0.7106378078460693,-0.30518776178359985,0.0,0.0
3213,803,45.461849212646484,47.64452362060547,125.6604995727539,109.29400634765625,112.72442626953125,0.0005411832244135439,0.05610968917608261,21.019561767578125,0.7106378078460693,-0.27511343359947205,0.0,0.0
3214,803.25,45.5888786315918,47.24532699584961,126.55277252197266,109.3173599243164,112.6626968383789,0.0005440512322820723,0.056109096854925156,21.019378662109375,0.720646858215332,-0.2683349847793579,0.0,0.0
3215,803.5,45.60185623168945,47.79023361206055,130.9293975830078,109.30326080322266,112.51652526855469,0.00054663245100528,0.056108564138412476,21.01921272277832,0.720646858215332,-0.25792598724365234,0.0,0.0
3216,803.75,46.39183044433594,47.61323165893555,132.40098571777344,109.30326080322266,112.38961029052734,0.0005489555187523365,0.056108083575963974,21.01906394958496,0.720646858215332,-0.24787934124469757,0.0,0.0
3217,804,45.77267074584961,47.663002014160156,131.00953674316406,109.27902221679688,111.71009826660156,0.0005510462797246873,0.05610765144228935,21.018930435180664,0.720646858215332,-0.19586825370788574,0.0,0.0
3218,804.25,46.2056999206543,47.813961029052734,131.462158203125,109.29576873779297,112.16046905517578,0.000552927958779037,0.05610726401209831,21.018810272216797,0.7006288170814514,-0.23032121360301971,0.0,0.0
3219,804.5,46.39799499511719,47.931976318359375,131.89111328125,109.2807846069336,112.2108383178711,0.0005501149571500719,0.05610691383481026,21.018701553344727,0.7006288170814514,-0.23553860187530518,0.0,0.0
3220,804.75,45.43853759765625,47.911617279052734,129.2715606689453,109.27240753173828,112.69133758544922,0.0005475832731463015,0.05609934777021408,21.018604278564453,0.7006288170814514,-0.27425920963287354,0.0,0.0
3221,805,45.74367141723633,47.57477569580078,134.65188598632812,109.28034210205078,112.66912078857422,0.0005453047342598438,0.05609254166483879,21.018516540527344,0.720646858215332,-0.2718578577041626,0.0,0.0
3222,805.25,46.21656036376953,47.7033576965332,126.40087890625,109.28254699707031,111.82022094726562,0.0005432540783658624,0.05608641356229782,21.018436431884766,0.7106378078460693,-0.2043522745370865,0.0,0.0
3223,805.5,45.85065841674805,48.219329833984375,131.48582458496094,109.28034210205078,111.8152847290039,0.0005484905559569597,0.0560809001326561,21.01836585998535,0.7106378078460693,-0.20413890480995178,0.0,0.0
3224,805.75,45.666404724121094,47.89018630981445,126.0047378540039,109.27153015136719,111.719482421875,0.0005532033974304795,0.05609043687582016,21.018301010131836,0.7106378078460693,-0.19722653925418854,0.0,0.0
3225,806,45.85824203491211,47.749942779541016,127.6969223022461,109.28562927246094,111.67750549316406,0.0005532033974304795,0.056099019944667816,21.018301010131836,0.7106378078460693,-0.19273263216018677,0.0,0.0
3226,806.25,45.82341766357422,47.774417877197266,125.58646392822266,109.28034210205078,111.60491180419922,0.000557444931473583,0.05610674247145653,21.01824378967285,0.7106378078460693,-0.18737444281578064,0.0,0.0
3227,806.5,46.11752700805664,47.389591217041016,129.05020141601562,109.2653579711914,112.03948211669922,0.00056126230629161,0.05611369386315346,21.018192291259766,0.7006288170814514,-0.2231910079717636,0.0,0.0
3228,806.75,45.76632308959961,47.36027145385742,127.9052963256836,109.2649154663086,111.62812042236328,0.0005646979552693665,0.056119948625564575,21.018144607543945,0.7006288170814514,-0.19048216938972473,0.0,0.0
3229,807,45.78767013549805,47.82909393310547,133.1092987060547,109.2732925415039,112.20442199707031,0.0005722982459701598,0.056118328124284744,21.018102645874023,0.7106378078460693,-0.23563994467258453,0.0,0.0
3230,807.25,45.78602600097656,47.84819793701172,130.25160217285156,109.2574234008789,111.74664306640625,0.0005852947360835969,0.056116871535778046,21.018064498901367,0.7106378078460693,-0.20053960382938385,0.0,0.0
3231,807.5,46.09756851196289,48.18292236328125,125.87651062011719,109.25169372558594,112.697265625,0.0005852947360835969,0.05611556023359299,21.018030166625977,0.7006288170814514,-0.2764149010181427,0.0,0.0
3232,807.75,46.2322998046875,48.116050720214844,127.11148834228516,109.24243927001953,112.81035614013672,0.0005908353487029672,0.056114379316568375,21.01799964904785,0.6806108951568604,-0.28609761595726013,0.0,0.0
3233,808,45.59207534790039,47.74637222290039,132.91009521484375,109.26007080078125,112.39750671386719,0.0005906698643229902,0.05611331760883331,21.017972946166992,0.7006288170814514,-0.252022922039032,0.0,0.0
3234,808.25,45.60017776489258,47.55147933959961,131.95751953125,109.25962829589844,112.46220397949219,0.0005903868586756289,0.05613410845398903,21.017948150634766,0.7006288170814514,-0.2571814954280853,0.0,0.0
3235,808.5,45.907344818115234,47.70707321166992,126.50697326660156,109.25389862060547,112.86862182617188,0.0005903868586756289,0.0561528205871582,21.017925262451172,0.7006288170814514,-0.2897607386112213,0.0,0.0
3236,808.75,45.79092788696289,48.23367691040039,129.9554443359375,109.24420166015625,112.80640411376953,0.0005902662524022162,0.05616966262459755,21.01790428161621,0.6906198859214783,-0.2856423258781433,0.0,0.0
3237,809,45.876312255859375,47.18116760253906,129.48985290527344,109.2494888305664,113.11998748779297,0.0005901576951146126,0.05616966262459755,21.017887115478516,0.6906198859214783,-0.3099234104156494,0.0,0.0
3238,809.25,45.839454650878906,48.064430236816406,125.18116760253906,109.23715209960938,112.96640014648438,0.0005816449993290007,0.05618481710553169,21.01786994934082,0.7006288170814514,-0.2988341152667999,0.0,0.0
3239,809.5,45.9073486328125,47.852264404296875,126.6611557006836,109.22040557861328,112.55751037597656,0.0005739835905842483,0.05620570853352547,21.017854690551758,0.7106378078460693,-0.2679188549518585,0.0,0.0
3240,809.75,45.841609954833984,47.161319732666016,132.3971710205078,109.22657012939453,112.15750885009766,0.000567088311072439,0.056224510073661804,21.017841339111328,0.6906198859214783,-0.23572438955307007,0.0,0.0
3241,810,45.636314392089844,47.775665283203125,127.3847427368164,109.23759460449219,112.2538070678711,0.0005608825595118105,0.05624143034219742,21.01782989501953,0.7006288170814514,-0.24246607720851898,0.0,0.0
3242,810.25,46.163326263427734,47.93159484863281,128.69528198242188,109.22745513916016,112.7278823852539,0.0005501490086317062,0.05624862015247345,21.017818450927734,0.6906198859214783,-0.28080832958221436,0.0,0.0
3243,810.5,45.90476989746094,47.62743377685547,128.98915100097656,109.21026611328125,112.81776428222656,0.0005404888070188463,0.05624862015247345,21.01780891418457,0.7006288170814514,-0.2893047034740448,0.0,0.0
3244,810.75,45.68885040283203,47.38514709472656,132.3712158203125,109.20056915283203,112.35504150390625,0.0005317946197465062,0.05624138191342354,21.017887115478516,0.6806108951568604,-0.2535082697868347,0.0,0.0
3245,811,45.91272735595703,47.36428451538086,128.69985961914062,109.21334838867188,111.51404571533203,0.0005239698803052306,0.05623487010598183,21.01795768737793,0.6906198859214783,-0.18558257818222046,0.0,0.0
3246,811.25,45.530296325683594,47.530521392822266,128.72047424316406,109.21026611328125,111.6676254272461,0.0005169276264496148,0.05622900649905205,21.018020629882812,0.7106378078460693,-0.19808588922023773,0.0,0.0
3247,811.5,45.63943099975586,47.73733901977539,128.6586456298828,109.19792938232422,112.45331573486328,0.00051058956887573,0.056223731487989426,21.018077850341797,0.7006288170814514,-0.26150646805763245,0.0,0.0
3248,811.75,46.03937911987305,47.764827728271484,128.13961791992188,109.18867492675781,112.04837036132812,0.0004939489881508052,0.05621898174285889,21.018129348754883,0.7106378078460693,-0.23014698922634125,0.0,0.0
3249,812,45.78699493408203,47.43871307373047,130.0325469970703,109.19351959228516,111.91602325439453,0.00047897244803607464,0.05621470883488655,21.01817512512207,0.7106378078460693,-0.2192310392856598,0.0,0.0
3250,812.25,45.75821304321289,47.37289810180664,129.5012969970703,109.19483947753906,112.08096313476562,0.0004654935619328171,0.05621086433529854,21.01821517944336,0.7106378078460693,-0.2322331964969635,0.0,0.0
3251,812.5,45.551841735839844,47.38166427612305,127.90758514404297,109.18602752685547,111.24046325683594,0.0004334432596806437,0.05620740354061127,21.018251419067383,0.7106378078460693,-0.16594363749027252,0.0,0.0
3252,812.75,46.13936233520508,48.00094985961914,130.1737518310547,109.18382263183594,112.04393005371094,0.0004334432596806437,0.05619744956493378,21.01828384399414,0.7006288170814514,-0.2301894575357437,0.0,0.0
3253,813,45.55647659301758,47.223270416259766,127.96025085449219,109.18294525146484,111.47997283935547,0.00041551588219590485,0.056188490241765976,21.018314361572266,0.6906198859214783,-0.18534095585346222,0.0,0.0
3254,813.25,45.572418212890625,47.88077163696289,131.70640563964844,109.17501068115234,112.0691146850586,0.0003993812424596399,0.056180424988269806,21.018341064453125,0.6806108951568604,-0.23290856182575226,0.0,0.0
3255,813.5,46.09526824951172,47.34209442138672,127.8594970703125,109.16178894042969,112.30022430419922,0.00038486006087623537,0.0561731681227684,21.01836585998535,0.7006288170814514,-0.2523258924484253,0.0,0.0
3256,813.75,45.8733024597168,47.545654296875,132.22695922851562,109.1631088256836,111.99898529052734,0.0003660068323370069,0.0561666376888752,21.018386840820312,0.6906198859214783,-0.22830675542354584,0.0,0.0
3257,814,45.718082427978516,47.698787689208984,129.39443969726562,109.1714859008789,112.23799896240234,0.00034903892083093524,0.056160759180784225,21.01840591430664,0.6906198859214783,-0.2466011345386505,0.0,0.0
3258,814.25,45.946693420410156,47.5730094909668,128.46630859375,109.15782165527344,111.82120513916016,0.0003337677917443216,0.056140974164009094,21.018423080444336,0.6806108951568604,-0.21459661424160004,0.0,0.0
3259,814.5,46.088558197021484,47.646549224853516,130.2935791015625,109.154296875,112.89232635498047,0.00032002379884943366,0.056123167276382446,21.0184383392334,0.6806108951568604,-0.29974937438964844,0.0,0.0
3260,814.75,45.64107894897461,47.66930389404297,126.26654052734375,109.14944458007812,111.9481201171875,0.000305083958664909,0.05610714107751846,21.01845359802246,0.6806108951568604,-0.22537735104560852,0.0,0.0
3261,815,46.28007507324219,47.72969436645508,128.79527282714844,109.15914154052734,112.79158782958984,0.00029163810540921986,0.05609271675348282,21.01846694946289,0.6806108951568604,-0.29140704870224,0.0,0.0
3262,815.25,45.57267379760742,47.543296813964844,132.86810302734375,109.1450424194336,112.08837127685547,0.0002795368491206318,0.05607973411679268,21.018478393554688,0.6806108951568604,-0.2368822544813156,0.0,0.0
3263,815.5,45.923423767089844,48.15708923339844,128.0388641357422,109.1463623046875,112.79652404785156,0.0002686457009986043,0.056089796125888824,21.018489837646484,0.6906198859214783,-0.2928391993045807,0.0,0.0
3264,815.75,45.46268844604492,47.772743225097656,131.34002685546875,109.13975524902344,112.66220092773438,0.0002607710484880954,0.056098852306604385,21.01849937438965,0.6906198859214783,-0.28277066349983215,0.0,0.0
3265,816,46.15432357788086,47.62186813354492,127.05348205566406,109.13931274414062,111.97874450683594,0.00025368385831825435,0.05610700324177742,21.01850700378418,0.6806108951568604,-0.22863884270191193,0.0,0.0
3266,816.25,45.708011627197266,47.319820404052734,130.1737518310547,109.1454849243164,112.39750671386719,0.0002473053755238652,0.05611433833837509,21.01851463317871,0.6806108951568604,-0.2613638639450073,0.0,0.0
3267,816.5,45.88169860839844,47.88288497924805,129.2333984375,109.1190414428711,111.86565399169922,0.0002415647468296811,0.05611369013786316,21.018522262573242,0.6806108951568604,-0.22129729390144348,0.0,0.0
3268,816.75,45.544578552246094,47.40113830566406,130.25083923339844,109.120361328125,111.66170501708984,0.00023961161787156016,0.0561131052672863,21.01852798461914,0.6806108951568604,-0.2049451619386673,0.0,0.0
3269,817,46.06988525390625,47.78642272949219,126.94432830810547,109.13578796386719,111.92886352539062,0.00023785380471963435,0.05611258000135422,21.01853370666504,0.6806108951568604,-0.22495996952056885,0.0,0.0
3270,817.25,45.98225784301758,47.94629669189453,130.20046997070312,109.11286926269531,111.7303466796875,0.000236271764151752,0.05611210688948631,21.018539428710938,0.6906198859214783,-0.21102675795555115,0.0,0.0
3271,817.5,45.758888244628906,47.56470489501953,131.56825256347656,109.1111068725586,111.328857421875,0.00023484793200623244,0.0561261810362339,21.018543243408203,0.6906198859214783,-0.17912475764751434,0.0,0.0
3272,817.75,45.32274627685547,48.029991149902344,133.49781799316406,109.10802459716797,111.9910888671875,0.00023356647579930723,0.05613884702324867,21.01854705810547,0.7006288170814514,-0.23217274248600006,0.0,0.0
3273,818,45.90476608276367,47.82744598388672,129.84706115722656,109.11551666259766,112.38911437988281,0.000232413163757883,0.056150246411561966,21.018550872802734,0.6906198859214783,-0.2631436884403229,0.0,0.0
3274,818.25,46.57329559326172,47.68340301513672,127.93811798095703,109.09259796142578,111.50416564941406,0.00022944713418837637,0.05616050586104393,21.0185546875,0.7006288170814514,-0.19464196264743805,0.0,0.0
3275,818.5,45.36727523803711,47.93964767456055,133.55047607421875,109.08377838134766,111.44046783447266,0.00022677771630696952,0.056176990270614624,21.018558502197266,0.6906198859214783,-0.19027508795261383,0.0,0.0
3276,818.75,46.074371337890625,47.709442138671875,129.47230529785156,109.09700012207031,111.74762725830078,0.00022437523875851184,0.0561918243765831,21.0185604095459,0.7106378078460693,-0.21369872987270355,0.0,0.0
3277,819,45.954444885253906,47.51407241821289,129.75852966308594,109.09347534179688,112.02664184570312,0.0002222130133304745,0.05620517581701279,21.01856231689453,0.7106378078460693,-0.23618532717227936,0.0,0.0
3278,819.25,45.682064056396484,47.80805969238281,131.0667724609375,109.10052490234375,112.20935821533203,0.00022026700025890023,0.056217193603515625,21.018564224243164,0.6906198859214783,-0.25011762976646423,0.0,0.0
3279,819.5,45.97985076904297,47.91574478149414,130.9530487060547,109.07364654541016,112.09725952148438,0.0002088782493956387,0.05622075870633125,21.018566131591797,0.7006288170814514,-0.24341322481632233,0.0,0.0
3280,819.75,45.90263366699219,48.10089874267578,132.0620880126953,109.08334350585938,111.45527648925781,0.00019862837507389486,0.05622396618127823,21.01856803894043,0.6706019043922424,-0.1914932131767273,0.0,0.0
3281,820,45.646827697753906,48.15789794921875,127.62364959716797,109.09039306640625,111.86911010742188,0.0001894034940050915,0.05622685328125954,21.018569946289062,0.6806108951568604,-0.22390975058078766,0.0,0.0
3282,820.25,45.92574691772461,47.623260498046875,127.50534057617188,109.08377838134766,112.61528778076172,0.00018110110249835998,0.05622945353388786,21.018571853637695,0.6806108951568604,-0.2836301028728485,0.0,0.0
3283,820.5,45.928863525390625,48.00553512573242,127.89765930175781,109.08334350585938,112.53677368164062,0.00017362894141115248,0.0562317930161953,21.018573760986328,0.6906198859214783,-0.2774571180343628,0.0,0.0
3284,820.75,45.805137634277344,48.04641342163086,132.51165771484375,109.08334350585938,112.1234359741211,0.00015727187565062195,0.05622664839029312,21.01857566833496,0.6706019043922424,-0.24470025300979614,0.0,0.0
3285,821,45.59343338012695,47.91661071777344,134.0725555419922,109.08290100097656,112.7970199584961,0.000142550517921336,0.05622201785445213,21.01857566833496,0.6806108951568604,-0.298055499792099,0.0,0.0
3286,821.25,45.88349533081055,47.7810173034668,127.15499114990234,109.07981872558594,112.1239242553711,0.00012930129014421254,0.056217849254608154,21.01857566833496,0.6906198859214783,-0.24502693116664886,0.0,0.0
3287,821.5,46.1176872253418,47.4296989440918,131.74761962890625,109.08422088623047,112.47306823730469,0.00011737699242075905,0.0562140978872776,21.01857566833496,0.6906198859214783,-0.2723447382450104,0.0,0.0
3288,821.75,45.845558166503906,47.79349136352539,133.10548400878906,109.09788513183594,112.37034606933594,0.00010728737834142521,0.0562107227742672,21.01857566833496,0.7006288170814514,-0.2630956172943115,0.0,0.0
3289,822,45.93014907836914,47.79648208618164,129.7760772705078,109.1111068725586,112.09232330322266,9.82067285804078e-05,0.056222185492515564,21.01857566833496,0.7106378078460693,-0.23996424674987793,0.0,0.0
3290,822.25,46.2448616027832,47.87377166748047,131.05914306640625,109.08377838134766,112.65776062011719,9.003414015751332e-05,0.056232500821352005,21.01857566833496,0.7106378078460693,-0.28698641061782837,0.0,0.0
3291,822.5,46.1109619140625,47.950439453125,128.27166748046875,109.09171295166016,112.02220153808594,8.267881639767438e-05,0.05624178424477577,21.01857566833496,0.7106378078460693,-0.23597611486911774,0.0,0.0
3292,822.75,46.1458854675293,48.219276428222656,129.9623260498047,109.10052490234375,112.21874237060547,8.633370453026146e-05,0.05625014007091522,21.01857566833496,0.720646858215332,-0.2508620321750641,0.0,0.0
3293,823,45.72100067138672,47.84097671508789,129.7753143310547,109.09832763671875,112.41627502441406,8.962310675997287e-05,0.05625766143202782,21.01857566833496,0.7006288170814514,-0.26669734716415405,0.0,0.0
3294,823.25,45.9951286315918,48.055477142333984,128.55789184570312,109.09083557128906,112.37973022460938,9.258357022190467e-05,0.05626443028450012,21.01857566833496,0.7006288170814514,-0.26441389322280884,0.0,0.0
3295,823.5,46.52989196777344,48.17924499511719,130.01803588867188,109.09744262695312,111.78812408447266,9.524798952043056e-05,0.05627052113413811,21.01857566833496,0.7006288170814514,-0.21688798069953918,0.0,0.0
3296,823.75,45.78419876098633,47.78561019897461,130.20809936523438,109.11639404296875,111.56441497802734,9.764596325112507e-05,0.056276001036167145,21.01857566833496,0.7106378078460693,-0.19750918447971344,0.0,0.0
3297,824,45.59893798828125,47.65248489379883,128.13656616210938,109.1216812133789,112.07503509521484,9.980414324672893e-05,0.05628093332052231,21.01857566833496,0.7006288170814514,-0.237728551030159,0.0,0.0
3298,824.25,46.04153823852539,48.09587478637695,127.72210693359375,109.10140991210938,112.20985412597656,0.00011716924200300127,0.056285373866558075,21.01857566833496,0.7006288170814514,-0.2500843107700348,0.0,0.0
3299,824.5,46.15085983276367,47.58433151245117,127.7060775756836,109.09744262695312,112.05923461914062,0.00013279783888719976,0.056289371103048325,21.01842498779297,0.7006288170814514,-0.23845118284225464,0.0,0.0
3300,824.75,45.778743743896484,47.85711669921875,126.76419830322266,109.1036148071289,112.00886535644531,0.00014686357462778687,0.05629296600818634,21.01828956604004,0.7006288170814514,-0.2339451164007187,0.0,0.0
3301,825,45.828033447265625,47.343414306640625,130.4485321044922,109.10758209228516,112.06368255615234,0.00015952273679431528,0.056296203285455704,21.01816749572754,0.6906198859214783,-0.2379770427942276,0.0,0.0
3302,825.25,45.98372268676758,47.64704132080078,131.75372314453125,109.10185241699219,112.3407211303711,0.00017091598419938236,0.05628461763262749,21.018056869506836,0.6906198859214783,-0.2604246437549591,0.0,0.0
3303,825.5,45.945709228515625,47.31423568725586,133.24134826660156,109.10978698730469,112.32244873046875,0.0001946749398484826,0.05627419054508209,21.01795768737793,0.7006288170814514,-0.25832903385162354,0.0,0.0
3304,825.75,45.790462493896484,47.68812942504883,131.23316955566406,109.11418914794922,112.26367950439453,0.0002160580042982474,0.05626480653882027,21.017868041992188,0.7006288170814514,-0.2533112168312073,0.0,0.0
3305,826,45.715065002441406,47.799564361572266,129.42420959472656,109.11727905273438,111.95800018310547,0.00023530276666861027,0.056256361305713654,21.01778793334961,0.6906198859214783,-0.2287869155406952,0.0,0.0
3306,826.25,45.605079650878906,47.98005676269531,130.72178649902344,109.10845947265625,111.8740463256836,0.00025262305280193686,0.05624875798821449,21.017715454101562,0.7006288170814514,-0.22282865643501282,0.0,0.0
3307,826.5,46.009178161621094,48.097652435302734,128.8509979248047,109.1115493774414,112.23405456542969,0.000275289494311437,0.05624191835522652,21.017650604248047,0.6906198859214783,-0.2511769235134125,0.0,0.0
3308,826.75,45.79402160644531,47.28568649291992,129.0876007080078,109.11683654785156,112.38565826416016,0.0002956892712973058,0.056221265345811844,21.01759147644043,0.6906198859214783,-0.2627622187137604,0.0,0.0
3309,827,45.611698150634766,47.7095832824707,128.07168579101562,109.11551666259766,111.9476318359375,0.0003140490734949708,0.05620267614722252,21.01753807067871,0.6906198859214783,-0.22810642421245575,0.0,0.0
3310,827.25,46.18564987182617,48.31829833984375,131.37132263183594,109.13005828857422,112.2108383178711,0.0003305728896521032,0.056185945868492126,21.01749038696289,0.6906198859214783,-0.24782533943653107,0.0,0.0
3311,827.5,45.26134490966797,47.727294921875,129.03494262695312,109.12080383300781,111.63948059082031,0.0003454443358350545,0.05617088824510574,21.01744842529297,0.6906198859214783,-0.20313730835914612,0.0,0.0
3312,827.75,45.93315124511719,47.56991195678711,129.1532440185547,109.13666534423828,112.284423828125,0.0003671968588605523,0.05615733936429024,21.017410278320312,0.7006288170814514,-0.2531222999095917,0.0,0.0
3313,828,46.4454460144043,47.86384963989258,131.73770141601562,109.13182067871094,111.66170501708984,0.00038677413249388337,0.056166891008615494,21.017375946044922,0.7006288170814514,-0.2040102481842041,0.0,0.0
3314,828.25,45.91563415527344,47.73762130737305,127.79156494140625,109.12300872802734,112.09923553466797,0.0004043936787638813,0.056175485253334045,21.017345428466797,0.6906198859214783,-0.23954236507415771,0.0,0.0
3315,828.5,45.56587219238281,47.6905632019043,132.9673309326172,109.12432861328125,112.284423828125,0.00043119973270222545,0.05618322268128395,21.017316818237305,0.6906198859214783,-0.25412848591804504,0.0,0.0
3316,828.75,45.98928451538086,47.80379104614258,135.42202758789062,109.13490295410156,111.86911010742188,0.0004553251783363521,0.056190185248851776,21.017292022705078,0.6806108951568604,-0.2202785164117813,0.0,0.0
3317,829,45.81815719604492,48.20020294189453,127.31069946289062,109.13226318359375,111.67108154296875,0.0004770380910485983,0.05619645118713379,21.017269134521484,0.7006288170814514,-0.20472145080566406,0.0,0.0
3318,829.25,45.52915573120117,47.600616455078125,132.2521514892578,109.1371078491211,112.3259048461914,0.0004965796833857894,0.056216586381196976,21.017248153686523,0.7006288170814514,-0.256374329328537,0.0,0.0
3319,829.5,46.54265213012695,47.9935302734375,128.24342346191406,109.13005828857422,112.67108917236328,0.0005141671281307936,0.05623470991849899,21.017229080200195,0.7006288170814514,-0.2842639088630676,0.0,0.0
3320,829.75,45.492515563964844,48.3520622253418,128.9105224609375,109.14151763916016,111.47306060791016,0.0005338615737855434,0.05625101923942566,21.0172119140625,0.6806108951568604,-0.1881672590970993,0.0,0.0
3321,830,46.29170608520508,47.84062576293945,132.3307647705078,109.15693664550781,112.14911651611328,0.0005515865632332861,0.0562656968832016,21.017196655273438,0.6806108951568604,-0.24073505401611328,0.0,0.0
3322,830.25,45.840293884277344,47.880157470703125,128.9708251953125,109.15341186523438,112.48393249511719,0.0005675390711985528,0.05625716224312782,21.017183303833008,0.7006288170814514,-0.26755958795547485,0.0,0.0
3323,830.5,45.95155715942383,47.78087615966797,132.85818481445312,109.14019012451172,111.49824523925781,0.0005818963400088251,0.056249480694532394,21.01717185974121,0.6806108951568604,-0.19028648734092712,0.0,0.0
3324,830.75,45.920745849609375,47.83903121948242,131.93309020996094,109.15914154052734,111.44293212890625,0.0005948178586550057,0.05624256655573845,21.017160415649414,0.6806108951568604,-0.18432359397411346,0.0,0.0
3325,831,45.83805847167969,47.819969177246094,128.9899139404297,109.15782165527344,112.22467041015625,0.0005967843462713063,0.05623634532094002,21.01715087890625,0.7006288170814514,-0.24665841460227966,0.0,0.0
3326,831.25,46.115234375,47.929561614990234,127.1412582397461,109.14988708496094,111.83602142333984,0.0005985541502013803,0.05623074620962143,21.017141342163086,0.6906198859214783,-0.2164231389760971,0.0,0.0
3327,831.5,45.6012077331543,47.930301666259766,132.923828125,109.14988708496094,111.8197250366211,0.0006001470028422773,0.05622570589184761,21.017133712768555,0.6906198859214783,-0.21512550115585327,0.0,0.0
3328,831.75,46.032249450683594,47.843727111816406,134.5015106201172,109.17060089111328,111.87158203125,0.0006015805411152542,0.056221168488264084,21.017126083374023,0.6906198859214783,-0.21756377816200256,0.0,0.0
3329,832,45.82134246826172,47.4997444152832,128.3083038330078,109.16134643554688,111.69034576416016,0.0006028707721270621,0.05621708557009697,21.017120361328125,0.6906198859214783,-0.20388536155223846,0.0,0.0
3330,832.25,46.280128479003906,47.549049377441406,130.2470245361328,109.16178894042969,112.21281433105469,0.0005860076635144651,0.056191667914390564,21.017114639282227,0.6806108951568604,-0.2453940063714981,0.0,0.0
3331,832.5,45.836307525634766,47.702850341796875,130.74696350097656,109.16178894042969,112.57874298095703,0.0005708308890461922,0.05616879090666771,21.017108917236328,0.6906198859214783,-0.27437683939933777,0.0,0.0
3332,832.75,46.05354309082031,48.12122344970703,127.70149993896484,109.16487121582031,112.10713958740234,0.0005571717629209161,0.05614820122718811,21.017105102539062,0.7006288170814514,-0.236755833029747,0.0,0.0
3333,833,45.73733139038086,47.685489654541016,130.37525939941406,109.16531372070312,112.13084411621094,0.0005448785377666354,0.05612967163324356,21.017101287841797,0.7006288170814514,-0.23860161006450653,0.0,0.0
3334,833.25,45.49411392211914,47.4633903503418,129.83409118652344,109.15385437011719,112.18071746826172,0.0005254524294286966,0.05611299350857735,21.01709747314453,0.6906198859214783,-0.24349448084831238,0.0,0.0
3335,833.5,46.15673828125,48.17390060424805,127.68470764160156,109.16619873046875,111.29774475097656,0.000507968885358423,0.056097984313964844,21.017093658447266,0.6906198859214783,-0.17214307188987732,0.0,0.0
3336,833.75,45.733726501464844,48.00042724609375,130.3821258544922,109.17369079589844,112.74368286132812,0.0004922337247990072,0.05608447641134262,21.01708984375,0.7006288170814514,-0.2864390015602112,0.0,0.0
3337,834,46.440101623535156,47.84074020385742,127.1733169555664,109.17280578613281,112.1125717163086,0.00047807206283323467,0.05607231706380844,21.017087936401367,0.6906198859214783,-0.2365400642156601,0.0,0.0
3338,834.25,45.922332763671875,47.78726577758789,131.13853454589844,109.1631088256836,111.7718276977539,0.0004653265932574868,0.05606137588620186,21.017086029052734,0.6906198859214783,-0.21023353934288025,0.0,0.0
3339,834.5,45.89044189453125,47.521339416503906,132.51394653320312,109.16796112060547,112.08441925048828,0.0004506400728132576,0.056051526218652725,21.0170841217041,0.6806108951568604,-0.2346990704536438,0.0,0.0
3340,834.75,45.887699127197266,47.760101318359375,130.2371063232422,109.17456817626953,111.86713409423828,0.0004374222189653665,0.056057158857584,21.01708221435547,0.6806108951568604,-0.21688632667064667,0.0,0.0
3341,835,46.14409637451172,47.642822265625,131.05685424804688,109.16619873046875,111.58367919921875,0.0004255261446814984,0.056062228977680206,21.017080307006836,0.6906198859214783,-0.19498363137245178,0.0,0.0
3342,835.25,45.622291564941406,47.88768768310547,132.1307830810547,109.16663360595703,112.0997314453125,0.00041481966036371887,0.05606679245829582,21.017078399658203,0.6906198859214783,-0.23602353036403656,0.0,0.0
3343,835.5,45.652069091796875,48.197330474853516,127.84957885742188,109.17015838623047,112.59652709960938,0.00040904246270656586,0.05607089772820473,21.01707649230957,0.6906198859214783,-0.2751002907752991,0.0,0.0
3344,835.75,45.731082916259766,47.508888244628906,126.70160675048828,109.17985534667969,112.11553192138672,0.000403842976083979,0.0560745932161808,21.017074584960938,0.6706019043922424,-0.23620004951953888,0.0,0.0
3345,836,46.0822639465332,47.89958572387695,128.0556640625,109.1802978515625,112.36738586425781,0.0003991634293925017,0.056085169315338135,21.017072677612305,0.6706019043922424,-0.25613895058631897,0.0,0.0
3346,836.25,45.56565475463867,48.00444412231445,132.48570251464844,109.17721557617188,112.61726379394531,0.00039495184319093823,0.056094687432050705,21.017070770263672,0.6906198859214783,-0.2761642336845398,0.0,0.0
3347,836.5,45.47555160522461,47.298152923583984,131.93768310546875,109.17192840576172,112.55059814453125,0.0003943772753700614,0.05610325187444687,21.017070770263672,0.6806108951568604,-0.27132391929626465,0.0,0.0
3348,836.75,46.048370361328125,47.30567169189453,127.0405044555664,109.18602752685547,112.46961212158203,0.0003938601876143366,0.05611095950007439,21.017070770263672,0.6806108951568604,-0.2637667655944824,0.0,0.0
3349,837,46.05803680419922,47.76576232910156,131.07518005371094,109.1816177368164,112.25083923339844,0.000393394788261503,0.05610340088605881,21.017070770263672,0.6906198859214783,-0.24679315090179443,0.0,0.0
3350,837.25,45.94307327270508,48.02426528930664,129.1501922607422,109.17985534667969,112.65825653076172,0.00039297592593356967,0.056096598505973816,21.017070770263672,0.6906198859214783,-0.27918869256973267,0.0,0.0
3351,837.5,46.069637298583984,47.935855865478516,126.54055786132812,109.1789779663086,111.7288589477539,0.0003977459855377674,0.05609047785401344,21.017070770263672,0.7006288170814514,-0.20551636815071106,0.0,0.0
3352,837.75,45.82314682006836,47.874874114990234,127.01607513427734,109.1869125366211,112.80986022949219,0.0004020390333607793,0.05608496814966202,21.017303466796875,0.6906198859214783,-0.29058465361595154,0.0,0.0
3353,838,45.60556411743164,48.016136169433594,128.91893005371094,109.18734741210938,112.02220153808594,0.0004059027705807239,0.056109003722667694,21.017513275146484,0.6906198859214783,-0.2281755656003952,0.0,0.0
3354,838.25,46.12382888793945,47.062408447265625,129.65853881835938,109.19219970703125,112.5580062866211,0.00040938015445135534,0.05613063648343086,21.017702102661133,0.7006288170814514,-0.27025729417800903,0.0,0.0
3355,838.5,45.87361145019531,48.334083557128906,128.6929931640625,109.1895523071289,111.72589874267578,0.0004125097766518593,0.056150104850530624,21.017871856689453,0.7006288170814514,-0.20441849529743195,0.0,0.0
3356,838.75,45.591896057128906,47.953609466552734,128.6326904296875,109.1983642578125,111.53627014160156,0.00042755575850605965,0.05616762861609459,21.018024444580078,0.7006288170814514,-0.1885780394077301,0.0,0.0
3357,839,45.89830780029297,47.766258239746094,128.00527954101562,109.19483947753906,112.28343200683594,0.0004410971305333078,0.05617614835500717,21.01816177368164,0.7106378078460693,-0.2483000010251999,0.0,0.0
3358,839.25,46.02943801879883,48.29117965698242,129.87149047851562,109.19043731689453,111.4937973022461,0.00045328435953706503,0.056183818727731705,21.018285751342773,0.7106378078460693,-0.18583397567272186,0.0,0.0
3359,839.5,46.15840148925781,47.83489990234375,132.13841247558594,109.20982360839844,111.5767593383789,0.00046425286564044654,0.056190721690654755,21.018396377563477,0.7106378078460693,-0.19087518751621246,0.0,0.0
3360,839.75,45.80807113647461,47.71169662475586,128.91433715820312,109.21070861816406,112.2538070678711,0.00048056369996629655,0.05619693547487259,21.018495559692383,0.7106378078460693,-0.24465715885162354,0.0,0.0
3361,840,45.99986267089844,47.70322799682617,130.03407287597656,109.20277404785156,112.74713897705078,0.0004952434683218598,0.05618802830576897,21.018585205078125,0.720646858215332,-0.2843405604362488,0.0,0.0
3362,840.25,45.62919616699219,47.172969818115234,128.95556640625,109.19528198242188,112.10022735595703,0.0005084552685730159,0.05618001148104668,21.018665313720703,0.7106378078460693,-0.23372723162174225,0.0,0.0
3363,840.5,46.20500564575195,47.70515060424805,132.24526977539062,109.21731567382812,112.25923919677734,0.0005203458713367581,0.056172795593738556,21.01873779296875,0.7006288170814514,-0.24454918503761292,0.0,0.0
3364,840.75,46.08097839355469,47.656822204589844,130.96298217773438,109.2142333984375,112.53874969482422,0.00053104740800336,0.05616630241274834,21.018802642822266,0.7006288170814514,-0.26693791151046753,0.0,0.0
3365,841,45.78046417236328,47.55375671386719,129.32498168945312,109.2129135131836,112.4345474243164,0.0005406787968240678,0.05616045743227005,21.018861770629883,0.6906198859214783,-0.25879937410354614,0.0,0.0
3366,841.25,46.162288665771484,47.44169998168945,127.30535888671875,109.2054214477539,112.23603057861328,0.0005390450824052095,0.05616244673728943,21.0189151763916,0.6806108951568604,-0.2436782568693161,0.0,0.0
3367,841.5,45.7052116394043,47.87862014770508,131.3667449951172,109.2415542602539,111.7308349609375,0.0005375747568905354,0.05616423487663269,21.018962860107422,0.6906198859214783,-0.20057325065135956,0.0,0.0
3368,841.75,45.87903594970703,47.66550827026367,130.23863220214844,109.22613525390625,111.55256652832031,0.0005362514639273286,0.056165844202041626,21.019006729125977,0.6806108951568604,-0.1876150369644165,0.0,0.0
3369,842,45.51048278808594,47.77751541137695,129.6280059814453,109.21643829345703,111.06713104248047,0.000535060535185039,0.05616729333996773,21.019044876098633,0.6906198859214783,-0.14958271384239197,0.0,0.0
3370,842.25,45.65216827392578,47.63751220703125,129.34483337402344,109.2230453491211,111.85478973388672,0.000520475092343986,0.05616859719157219,21.019079208374023,0.6806108951568604,-0.2119520902633667,0.0,0.0
3371,842.5,46.04193878173828,47.724483489990234,128.3647918701172,109.22437286376953,112.48146057128906,0.0005073482170701027,0.05617702007293701,21.01910972595215,0.6806108951568604,-0.26157858967781067,0.0,0.0
3372,842.75,46.22705078125,48.042686462402344,129.42039489746094,109.23494720458984,111.57231903076172,0.0004955340409651399,0.05618460103869438,21.01913833618164,0.6806108951568604,-0.1884729117155075,0.0,0.0
3373,843,45.54109191894531,47.87028884887695,130.4989013671875,109.21907806396484,113.04739379882812,0.00048490127664990723,0.056191425770521164,21.019163131713867,0.6906198859214783,-0.3066869378089905,0.0,0.0
3374,843.25,45.7458610534668,47.78583526611328,130.08673095703125,109.22833251953125,112.2868881225586,0.0004663282597903162,0.05619756877422333,21.01918601989746,0.7006288170814514,-0.2458440065383911,0.0,0.0
3375,843.5,45.49554443359375,47.472198486328125,127.14583587646484,109.23362731933594,112.09577941894531,0.0004496125620789826,0.056203097105026245,21.01897430419922,0.7106378078460693,-0.23024824261665344,0.0,0.0
3376,843.75,46.01713562011719,48.06259536743164,128.1029815673828,109.2490463256836,112.68590545654297,0.000434568413766101,0.05619357153773308,21.018783569335938,0.720646858215332,-0.27573350071907043,0.0,0.0
3377,844,46.172569274902344,47.54086685180664,131.00038146972656,109.21952056884766,112.07257080078125,0.0004210287006571889,0.05618499964475632,21.018611907958984,0.720646858215332,-0.22955457866191864,0.0,0.0
3378,844.25,45.542381286621094,47.846343994140625,131.41941833496094,109.22921752929688,111.9822006225586,0.00040884295594878495,0.0561772845685482,21.018457412719727,0.7106378078460693,-0.22158342599868774,0.0,0.0
3379,844.5,45.75262451171875,47.96144104003906,131.30491638183594,109.25874328613281,112.30269622802734,0.0004004481015726924,0.05617034062743187,21.01831817626953,0.73065584897995,-0.2446189820766449,0.0,0.0
3380,844.75,45.89104461669922,47.57965850830078,128.91893005371094,109.24772644042969,111.676513671875,0.00039289271808229387,0.056149594485759735,21.018192291259766,0.720646858215332,-0.19574134051799774,0.0,0.0
3381,845,45.727420806884766,47.5806999206543,126.3199691772461,109.24508666992188,112.35010528564453,0.00038609287003055215,0.056130923330783844,21.01807975769043,0.73065584897995,-0.2494889795780182,0.0,0.0
3382,845.25,46.10896301269531,47.486209869384766,130.71337890625,109.24552154541016,112.33627319335938,0.00037997300387360156,0.05611412227153778,21.01797866821289,0.720646858215332,-0.24835729598999023,0.0,0.0
3383,845.5,45.762393951416016,47.347476959228516,129.0120391845703,109.256103515625,112.42615509033203,0.00037446513306349516,0.056099001318216324,21.017887115478516,0.720646858215332,-0.2546149492263794,0.0,0.0
3384,845.75,45.73882293701172,47.30762481689453,127.46870422363281,109.25477600097656,112.63701629638672,0.0003849473432637751,0.056085389107465744,21.017805099487305,0.7006288170814514,-0.27140381932258606,0.0,0.0
3385,846,46.070064544677734,47.58366012573242,130.4706573486328,109.25874328613281,111.6957778930664,0.00039438134990632534,0.0560731403529644,21.017730712890625,0.7006288170814514,-0.19637922942638397,0.0,0.0
3386,846.25,45.758056640625,47.99941635131836,128.1174774169922,109.24772644042969,112.5036849975586,0.00040287195588462055,0.05606211721897125,21.017663955688477,0.7106378078460693,-0.2614343464374542,0.0,0.0
3387,846.5,45.71653747558594,47.29722213745117,130.09742736816406,109.274169921875,112.86270141601562,0.000410513486713171,0.05605219677090645,21.017602920532227,0.7006288170814514,-0.28764235973358154,0.0,0.0
3388,846.75,45.72750473022461,47.76156997680664,127.07714080810547,109.26315307617188,112.78517150878906,0.00041739086736924946,0.056043267250061035,21.017549514770508,0.720646858215332,-0.28242233395576477,0.0,0.0
3389,847,45.67707824707031,47.81644058227539,129.4921417236328,109.26315307617188,112.06664276123047,0.0004235805245116353,0.05604247748851776,21.017499923706055,0.7106378078460693,-0.22552810609340668,0.0,0.0
3390,847.25,46.09380340576172,47.45919418334961,130.52561950683594,109.2569808959961,112.22911071777344,0.0004420268232934177,0.05604176968336105,21.0174560546875,0.7006288170814514,-0.23892754316329956,0.0,0.0
3391,847.5,45.74258804321289,47.93659973144531,131.78883361816406,109.29708862304688,113.0360336303711,0.00045862849219702184,0.056041132658720016,21.017250061035156,0.7006288170814514,-0.2994365990161896,0.0,0.0
3392,847.75,45.8857421875,47.53141784667969,128.64720153808594,109.27196502685547,112.35800170898438,0.000473570020403713,0.05604055896401405,21.01706314086914,0.7106378078460693,-0.24792464077472687,0.0,0.0
3393,848,46.15544128417969,48.117774963378906,129.2608642578125,109.27945709228516,112.762451171875,0.0004870173870585859,0.05604004114866257,21.016895294189453,0.7106378078460693,-0.2793009281158447,0.0,0.0
3394,848.25,45.58237075805664,47.6003303527832,127.6656265258789,109.27108764648438,113.04640197753906,0.0005023400881327689,0.05601783096790314,21.01674461364746,0.7006288170814514,-0.30237072706222534,0.0,0.0
3395,848.5,46.03026580810547,47.86684799194336,128.21670532226562,109.29973602294922,112.81973266601562,0.0005161305307410657,0.05599784106016159,21.01660919189453,0.7006288170814514,-0.28216981887817383,0.0,0.0
3396,848.75,45.61787414550781,47.2460823059082,129.6211395263672,109.28254699707031,112.02022552490234,0.0005285419174470007,0.05597984790802002,21.01648712158203,0.7006288170814514,-0.22026056051254272,0.0,0.0
3397,849,45.790653228759766,47.59938049316406,131.54534912109375,109.3001708984375,111.87997436523438,0.0005397121421992779,0.055963654071092606,21.016376495361328,0.6906198859214783,-0.20767231285572052,0.0,0.0
3398,849.25,46.20570755004883,47.538368225097656,127.64273071289062,109.30105590820312,112.15010070800781,0.0005478331004269421,0.05594908073544502,21.016277313232422,0.7006288170814514,-0.2290678471326828,0.0,0.0
3399,849.5,45.68073272705078,47.901512145996094,129.16012573242188,109.29708862304688,111.92688751220703,0.0005551420035772026,0.05593596398830414,21.016422271728516,0.7106378078460693,-0.2116554230451584,0.0,0.0
3400,849.75,45.94947052001953,47.5328254699707,131.172119140625,109.27637481689453,112.2301025390625,0.0005617199931293726,0.05592415854334831,21.016551971435547,0.7006288170814514,-0.23742608726024628,0.0,0.0
3401,850,45.766563415527344,47.97978973388672,129.41200256347656,109.28254699707031,112.2083740234375,0.0005676401779055595,0.0559135340154171,21.01666831970215,0.7006288170814514,-0.2351997345685959,0.0,0.0
3402,850.25,45.86869430541992,47.77216339111328,126.21998596191406,109.29576873779297,112.95850372314453,0.0005729683325625956,0.055903974920511246,21.016773223876953,0.7006288170814514,-0.29343581199645996,0.0,0.0
3403,850.5,46.356136322021484,47.44126510620117,131.7689971923828,109.30061340332031,112.88097381591797,0.0005745439557358623,0.0558953694999218,21.016868591308594,0.7006288170814514,-0.2869294285774231,0.0,0.0
3404,850.75,45.75312805175781,47.60049819946289,130.88206481933594,109.3067855834961,112.45874786376953,0.0005759620107710361,0.055887624621391296,21.01695442199707,0.6906198859214783,-0.25306662917137146,0.0,0.0
3405,851,45.81412124633789,47.365055084228516,128.9334259033203,109.30193328857422,112.0128173828125,0.0005772382719442248,0.055873408913612366,21.017030715942383,0.6706019043922424,-0.21809285879135132,0.0,0.0
3406,851.25,45.66444396972656,47.35335922241211,129.87149047851562,109.31163024902344,112.62071990966797,0.0005783868837170303,0.05586061254143715,21.017099380493164,0.6806108951568604,-0.2654842138290405,0.0,0.0
3407,851.5,45.72685241699219,47.489784240722656,128.75711059570312,109.30766296386719,112.49331665039062,0.0005794206517748535,0.0558490976691246,21.017162322998047,0.6806108951568604,-0.2557310461997986,0.0,0.0
3408,851.75,46.11620330810547,47.582305908203125,127.5328140258789,109.31339263916016,112.22713470458984,0.0005764877423644066,0.05583873391151428,21.0172176361084,0.6906198859214783,-0.23417554795742035,0.0,0.0
3409,852,46.14010238647461,47.8002815246582,131.2247772216797,109.3147201538086,112.22615051269531,0.0005738481413573027,0.05581491068005562,21.01726722717285,0.6906198859214783,-0.23398923873901367,0.0,0.0
3410,852.25,45.63020706176758,47.5562629699707,131.10418701171875,109.31648254394531,111.5673828125,0.0005714724538847804,0.05579347163438797,21.01731300354004,0.6906198859214783,-0.18143732845783234,0.0,0.0
3411,852.5,45.758766174316406,47.93793487548828,130.5851593017578,109.32970428466797,112.25331115722656,0.0005693343700841069,0.05577417463064194,21.017353057861328,0.7006288170814514,-0.23492351174354553,0.0,0.0
3412,852.75,45.88933181762695,47.8639030456543,129.35398864746094,109.3169174194336,112.53528594970703,0.0005674100830219686,0.05575680732727051,21.01738929748535,0.7006288170814514,-0.2582979202270508,0.0,0.0
3413,853,45.96672439575195,47.716007232666016,126.81076049804688,109.3341064453125,112.25775909423828,0.000564390909858048,0.05575567111372948,21.01742172241211,0.6906198859214783,-0.23491805791854858,0.0,0.0
3414,853.25,45.43959045410156,47.64597702026367,127.228271484375,109.33675384521484,112.64244842529297,0.0005616736016236246,0.0557546503841877,21.017452239990234,0.6906198859214783,-0.2651556730270386,0.0,0.0
3415,853.5,45.7145881652832,48.0582160949707,126.02916717529297,109.34864807128906,112.50961303710938,0.0005592280649580061,0.05575373023748398,21.017478942871094,0.6906198859214783,-0.25368353724479675,0.0,0.0
3416,853.75,45.499942779541016,47.68545913696289,129.00364685058594,109.32749938964844,112.0784912109375,0.0005570270586758852,0.05575290322303772,21.01750373840332,0.6806108951568604,-0.22122874855995178,0.0,0.0
3417,854,45.472068786621094,48.0072021484375,128.77008056640625,109.3327865600586,112.28837585449219,0.0005589087959378958,0.055788397789001465,21.01752471923828,0.6706019043922424,-0.23745279014110565,0.0,0.0
3418,854.25,45.555545806884766,47.81654739379883,129.66082763671875,109.33983612060547,112.35652160644531,0.000560602406039834,0.055820342153310776,21.01754379272461,0.6706019043922424,-0.24227960407733917,0.0,0.0
3419,854.5,46.075218200683594,47.31025695800781,131.20492553710938,109.35218048095703,112.36096954345703,0.0005621266318485141,0.055849093943834305,21.017560958862305,0.6906198859214783,-0.24162696301937103,0.0,0.0
3420,854.75,45.88827896118164,47.54584503173828,131.65756225585938,109.34424591064453,112.61479949951172,0.0005634984117932618,0.05587496981024742,21.017576217651367,0.6906198859214783,-0.2623605728149414,0.0,0.0
3421,855,45.66078186035156,47.548221588134766,129.65701293945312,109.35658264160156,112.18121337890625,0.0005647330544888973,0.05589825659990311,21.01759147644043,0.6906198859214783,-0.2270161211490631,0.0,0.0
3422,855.25,45.997344970703125,47.41474914550781,125.66813659667969,109.34688568115234,112.5145492553711,0.0005742166540585458,0.05591921508312225,21.01760482788086,0.6906198859214783,-0.2542174756526947,0.0,0.0
3423,855.5,45.8853874206543,47.72068786621094,127.00386810302734,109.35967254638672,111.99059295654297,0.0005827518762089312,0.05593083053827286,21.017616271972656,0.7006288170814514,-0.21162499487400055,0.0,0.0
3424,855.75,45.96359634399414,47.769203186035156,126.86113739013672,109.34953308105469,112.77924346923828,0.0005904335994273424,0.05594128742814064,21.017627716064453,0.6806108951568604,-0.274919718503952,0.0,0.0
3425,856,45.53794479370117,47.35447692871094,130.6843719482422,109.34777069091797,112.86318969726562,0.0005973470979370177,0.055950697511434555,21.017637252807617,0.6806108951568604,-0.2816867530345917,0.0,0.0
3426,856.25,45.98248291015625,47.61326599121094,129.48374938964844,109.35570526123047,112.59603118896484,0.0006125897052697837,0.05595916509628296,21.01764488220215,0.6906198859214783,-0.2599438428878784,0.0,0.0
3427,856.5,45.79131317138672,47.68305587768555,131.27362060546875,109.37024688720703,111.8626937866211,0.0006263080285862088,0.05596678704023361,21.01765251159668,0.7006288170814514,-0.20059169828891754,0.0,0.0
3428,856.75,45.607975006103516,48.09407043457031,131.04159545898438,109.36099243164062,111.97627258300781,0.0006386545137502253,0.05596639961004257,21.01766014099121,0.7006288170814514,-0.21037913858890533,0.0,0.0
3429,857,45.580589294433594,47.38075256347656,128.71971130371094,109.36451721191406,111.8389892578125,0.0006497663562186062,0.05596604943275452,21.01766586303711,0.7006288170814514,-0.19917158782482147,0.0,0.0
3430,857.25,45.89151382446289,48.10747146606445,128.2098388671875,109.36892700195312,112.43553161621094,0.0006642788066528738,0.05596573278307915,21.017671585083008,0.7006288170814514,-0.24616912007331848,0.0,0.0
3431,857.5,45.665977478027344,47.538570404052734,128.6746826171875,109.37553405761719,112.78911590576172,0.0006773400236852467,0.055965449661016464,21.017677307128906,0.6906198859214783,-0.2735823392868042,0.0,0.0
3432,857.75,45.67162322998047,47.59463882446289,132.95741271972656,109.3671646118164,112.83602905273438,0.0006890951190143824,0.05597244203090668,21.017681121826172,0.6906198859214783,-0.27796563506126404,0.0,0.0
3433,858,45.85145950317383,47.4822998046875,129.89210510253906,109.36319732666016,112.56739044189453,0.0006996747106313705,0.05597873777151108,21.017684936523438,0.6806108951568604,-0.25706955790519714,0.0,0.0
3434,858.25,45.88176727294922,48.06816101074219,130.50958251953125,109.37509155273438,111.9066390991211,0.0007053292938508093,0.05598440393805504,21.017688751220703,0.6706019043922424,-0.20369428396224976,0.0,0.0
3435,858.5,45.665340423583984,47.97654724121094,129.28224182128906,109.40638732910156,112.83356475830078,0.0007104183896444738,0.055989500135183334,21.01769256591797,0.6706019043922424,-0.27457934617996216,0.0,0.0
3436,858.75,45.608795166015625,47.98974609375,131.95904541015625,109.39051818847656,112.75751495361328,0.0007149985758587718,0.05598684027791023,21.017696380615234,0.6806108951568604,-0.2698684334754944,0.0,0.0
3437,859,45.954586029052734,47.991214752197266,127.53662872314453,109.37818145751953,112.85035705566406,0.0007191207841970026,0.05598444491624832,21.017698287963867,0.6806108951568604,-0.2781994044780731,0.0,0.0
3438,859.25,45.67177200317383,47.92524719238281,129.75013732910156,109.38655090332031,112.5866470336914,0.0007228307658806443,0.05598229169845581,21.0177001953125,0.6806108951568604,-0.2566916346549988,0.0,0.0
3439,859.5,45.77202224731445,48.152671813964844,132.38954162597656,109.39580535888672,112.51207733154297,0.0007261697319336236,0.05598035082221031,21.017702102661133,0.6706019043922424,-0.25004011392593384,0.0,0.0
3440,859.75,46.02781677246094,48.02445983886719,131.60870361328125,109.38611602783203,112.28985595703125,0.0007175771752372384,0.05597860366106033,21.017704010009766,0.6906198859214783,-0.23322883248329163,0.0,0.0
3441,860,46.12648391723633,47.54523849487305,130.9416046142578,109.38787841796875,112.18417358398438,0.0007098438800312579,0.05597703158855438,21.017473220825195,0.6906198859214783,-0.22470365464687347,0.0,0.0
3442,860.25,45.84834671020508,48.03337097167969,129.57151794433594,109.39713287353516,113.4987564086914,0.0007028839318081737,0.055975619703531265,21.01726531982422,0.6906198859214783,-0.32765868306159973,0.0,0.0
3443,860.5,45.6211051940918,47.89540100097656,127.3152847290039,109.39360809326172,113.17974090576172,0.0006966199725866318,0.05597434565424919,21.017078399658203,0.6906198859214783,-0.3028889298439026,0.0,0.0
3444,860.75,46.01408386230469,47.696685791015625,130.43936157226562,109.38875579833984,112.75109100341797,0.0006748866871930659,0.05595145747065544,21.016908645629883,0.7006288170814514,-0.26950472593307495,0.0,0.0
3445,861,45.71584701538086,47.815155029296875,131.5697784423828,109.39051818847656,112.25775909423828,0.000655326759442687,0.05593085661530495,21.016990661621094,0.7006288170814514,-0.2303261160850525,0.0,0.0
3446,861.25,45.78436279296875,47.51899719238281,128.91357421875,109.39845275878906,112.61133575439453,0.0006377228419296443,0.0559123158454895,21.01706314086914,0.6706019043922424,-0.2576746940612793,0.0,0.0
3447,861.5,45.80810546875,48.06431198120117,132.1475830078125,109.39624786376953,112.32343292236328,0.0006218792987056077,0.05589563027024269,21.01712989807129,0.6706019043922424,-0.2350662499666214,0.0,0.0
3448,861.75,46.30078125,47.704410552978516,128.9235076904297,109.4006576538086,112.32392883300781,0.0006076201098039746,0.05588061362504959,21.017189025878906,0.6706019043922424,-0.23474645614624023,0.0,0.0
3449,862,45.63389205932617,47.60444641113281,132.53150939941406,109.40462493896484,112.54812622070312,0.0005729180993512273,0.05586709827184677,21.017242431640625,0.6706019043922424,-0.25217413902282715,0.0,0.0
3450,862.25,45.96604919433594,47.71080017089844,128.7975616455078,109.40594482421875,111.75157928466797,0.000541686313226819,0.0558621808886528,21.017057418823242,0.6706019043922424,-0.1888398379087448,0.0,0.0
3451,862.5,46.282554626464844,47.9559440612793,133.63290405273438,109.41299438476562,111.63750457763672,0.0005135777173563838,0.05585775524377823,21.016891479492188,0.7006288170814514,-0.17917455732822418,0.0,0.0
3452,862.75,45.78667068481445,48.21763229370117,130.8805389404297,109.40814971923828,112.25479125976562,0.0004882799694314599,0.05585377290844917,21.016740798950195,0.6906198859214783,-0.22865574061870575,0.0,0.0
3453,863,45.96668243408203,47.51895523071289,130.1455078125,109.40286254882812,112.90270233154297,0.0004655119846574962,0.05585018917918205,21.016605377197266,0.7106378078460693,-0.2803187966346741,0.0,0.0
3454,863.25,46.30781555175781,47.773765563964844,129.34559631347656,109.41960906982422,112.54812622070312,0.00043730821926146746,0.05583246797323227,21.016483306884766,0.7106378078460693,-0.25095534324645996,0.0,0.0
3455,863.5,45.907535552978516,47.86582946777344,129.6280059814453,109.42224884033203,112.47702026367188,0.00041192484786733985,0.055816520005464554,21.016374588012695,0.7106378078460693,-0.2451147586107254,0.0,0.0
3456,863.75,45.63467025756836,48.179988861083984,129.40054321289062,109.4191665649414,112.74170684814453,0.00038907979615032673,0.05580216646194458,21.01627540588379,0.7006288170814514,-0.26628947257995605,0.0,0.0
3457,864,45.913917541503906,47.5477409362793,130.30349731445312,109.4187240600586,112.53134155273438,0.0003685192496050149,0.055789247155189514,21.01618766784668,0.6906198859214783,-0.24969960749149323,0.0,0.0
3458,864.25,45.942256927490234,47.830894470214844,128.47393798828125,109.42753601074219,112.65479278564453,0.00035258516436442733,0.055777620524168015,21.0161075592041,0.7006288170814514,-0.2587431073188782,0.0,0.0
3459,864.5,46.31783676147461,47.56303405761719,129.70738220214844,109.4359130859375,112.83751678466797,0.00033824448473751545,0.05575991049408913,21.016035079956055,0.7006288170814514,-0.27248919010162354,0.0,0.0
3460,864.75,45.66849899291992,47.951499938964844,128.52659606933594,109.4271011352539,112.60047149658203,0.00032533786725252867,0.05574396997690201,21.01597023010254,0.6906198859214783,-0.25448501110076904,0.0,0.0
3461,865,46.16338348388672,47.84432601928711,129.61045837402344,109.42930603027344,112.4493637084961,0.00031372191733680665,0.05572962388396263,21.015913009643555,0.7106378078460693,-0.2423510104417801,0.0,0.0
3462,865.25,46.0120964050293,47.783592224121094,128.7052001953125,109.43370819091797,112.61726379394531,0.0003122668422292918,0.05571671202778816,21.01586151123047,0.7006288170814514,-0.25527510046958923,0.0,0.0
3463,865.5,46.118934631347656,47.672515869140625,130.6317138671875,109.4372329711914,112.24935913085938,0.0003109572862740606,0.05570509284734726,21.01581382751465,0.6906198859214783,-0.22585900127887726,0.0,0.0
3464,865.75,46.0689811706543,47.884849548339844,128.42813110351562,109.44561004638672,112.33281707763672,0.00030977866845205426,0.0557163767516613,21.015771865844727,0.6706019043922424,-0.23179368674755096,0.0,0.0
3465,866,45.53694534301758,47.448368072509766,128.5762176513672,109.43370819091797,112.1021957397461,0.0003087179211433977,0.05572653189301491,21.01573371887207,0.6806108951568604,-0.21446725726127625,0.0,0.0
3466,866.25,46.255531311035156,47.94670867919922,130.0531463623047,109.4517822265625,112.92294311523438,0.0003077632572967559,0.055735670030117035,21.01569938659668,0.6906198859214783,-0.2779349982738495,0.0,0.0
3467,866.5,45.62221145629883,47.856529235839844,128.01214599609375,109.44032287597656,112.50516510009766,0.0003069040540140122,0.05574389547109604,21.015668869018555,0.6906198859214783,-0.24587129056453705,0.0,0.0
3468,866.75,45.93993377685547,47.739681243896484,128.0907745361328,109.43988037109375,112.74517059326172,0.00031642100657336414,0.05572955682873726,21.015640258789062,0.7006288170814514,-0.26487797498703003,0.0,0.0
3469,867,45.880287170410156,47.3852653503418,128.7220001220703,109.4425277709961,112.53380584716797,0.00032498626387678087,0.05571665242314339,21.015615463256836,0.6906198859214783,-0.24795791506767273,0.0,0.0
3470,867.25,46.249656677246094,47.665313720703125,127.90758514404297,109.44913482666016,112.07109069824219,0.0003326949954498559,0.05570503696799278,21.015592575073242,0.6806108951568604,-0.2107420563697815,0.0,0.0
3471,867.5,45.66691589355469,47.74409484863281,127.33894348144531,109.4619140625,112.12837219238281,0.0003396328538656235,0.0556945838034153,21.01557159423828,0.6906198859214783,-0.21425147354602814,0.0,0.0
3472,867.75,45.7545051574707,47.9633903503418,131.4400177001953,109.43988037109375,112.21874237060547,0.00034973720903508365,0.05568517744541168,21.015552520751953,0.6906198859214783,-0.2232154756784439,0.0,0.0
3473,868,45.790260314941406,48.184226989746094,129.4219207763672,109.44340515136719,111.75849151611328,0.00035883113741874695,0.05570570006966591,21.015535354614258,0.7006288170814514,-0.1863427460193634,0.0,0.0
3474,868.25,45.828590393066406,48.080284118652344,130.6637725830078,109.45001983642578,112.35602569580078,0.00036701568751595914,0.05572417005896568,21.015520095825195,0.6906198859214783,-0.23327404260635376,0.0,0.0
3475,868.5,46.423709869384766,48.19613265991211,131.82394409179688,109.45618438720703,112.53775787353516,0.0003743817796930671,0.05574079230427742,21.015506744384766,0.6706019043922424,-0.24715973436832428,0.0,0.0
3476,868.75,46.23123550415039,47.95357131958008,129.84095764160156,109.45706939697266,112.57923889160156,0.0003803675645031035,0.05575575307011604,21.01549530029297,0.6605929732322693,-0.2503686547279358,0.0,0.0
3477,869,46.19205856323242,47.944068908691406,127.02676391601562,109.45927429199219,112.36096954345703,0.0003857547708321363,0.05576921999454498,21.015483856201172,0.6605929732322693,-0.23291344940662384,0.0,0.0
3478,869.25,45.9087028503418,48.1484375,132.58187866210938,109.46632385253906,112.42961120605469,0.0003906032652594149,0.05577408894896507,21.015474319458008,0.6706019043922424,-0.2377765029668808,0.0,0.0
3479,869.5,45.99940490722656,47.935359954833984,129.11660766601562,109.46324157714844,112.52442169189453,0.0003949669189751148,0.05577847361564636,21.015466690063477,0.6706019043922424,-0.24553091824054718,0.0,0.0
3480,869.75,45.83001708984375,48.170597076416016,132.85284423828125,109.4605941772461,112.29429626464844,0.00039889418985694647,0.055782418698072433,21.015459060668945,0.6806108951568604,-0.22752180695533752,0.0,0.0
3481,870,45.824951171875,47.25586700439453,127.20995330810547,109.47822570800781,112.13380432128906,0.00040242873365059495,0.05578596889972687,21.015451431274414,0.6806108951568604,-0.21335633099079132,0.0,0.0
3482,870.25,46.187774658203125,47.753143310546875,131.74609375,109.4711685180664,112.52886962890625,0.0004049665294587612,0.05578916519880295,21.015445709228516,0.6706019043922424,-0.24523800611495972,0.0,0.0
3483,870.5,45.770294189453125,47.956878662109375,127.8770523071289,109.47293090820312,112.97825622558594,0.00040725053986534476,0.055806539952754974,21.01573944091797,0.6706019043922424,-0.2805745303630829,0.0,0.0
3484,870.75,45.4700927734375,47.772796630859375,129.18377685546875,109.46279907226562,112.5975112915039,0.0004093061725143343,0.05582217499613762,21.016002655029297,0.6706019043922424,-0.2513471841812134,0.0,0.0
3485,871,45.95622634887695,47.268455505371094,127.71600341796875,109.46235656738281,112.42022705078125,0.00041115624480880797,0.05583624541759491,21.0162410736084,0.6706019043922424,-0.23735634982585907,0.0,0.0
3486,871.25,45.701927185058594,47.69906234741211,128.7823028564453,109.47381591796875,113.7510986328125,0.00041282130405306816,0.05584891140460968,21.016454696655273,0.6605929732322693,-0.34119078516960144,0.0,0.0
3487,871.5,45.98725509643555,48.063926696777344,127.87552642822266,109.47205352783203,112.66072082519531,0.0004136765783187002,0.05583856627345085,21.016647338867188,0.6806108951568604,-0.2555907070636749,0.0,0.0
3488,871.75,45.67319869995117,47.86739730834961,128.72276306152344,109.47425842285156,112.67158508300781,0.0004144463164266199,0.055829256772994995,21.016820907592773,0.6906198859214783,-0.25627002120018005,0.0,0.0
3489,872,45.924842834472656,47.6801643371582,130.17527770996094,109.47205352783203,112.77825164794922,0.0004151390749029815,0.055820878595113754,21.016977310180664,0.6906198859214783,-0.26487305760383606,0.0,0.0
3490,872.25,46.006961822509766,47.9058723449707,130.35617065429688,109.47602081298828,111.47354888916016,0.0004157625662628561,0.05581333488225937,21.01711654663086,0.6906198859214783,-0.16096460819244385,0.0,0.0
3491,872.5,46.10090637207031,48.17594528198242,131.1408233642578,109.47205352783203,111.6217041015625,0.0004163237172178924,0.05580654740333557,21.017242431640625,0.6906198859214783,-0.17311090230941772,0.0,0.0
3492,872.75,46.02434158325195,47.361690521240234,129.60052490234375,109.47381591796875,112.37232208251953,0.00040718077798373997,0.055800437927246094,21.017356872558594,0.6906198859214783,-0.23263023793697357,0.0,0.0
3493,873,45.888858795166016,47.747928619384766,131.23927307128906,109.47029113769531,111.95108795166016,0.0003989521355833858,0.055787693709135056,21.017459869384766,0.6906198859214783,-0.19948412477970123,0.0,0.0
3494,873.25,46.15863037109375,47.664756774902344,127.91063690185547,109.48130798339844,113.12393951416016,0.0003915463457815349,0.05577622354030609,21.01755142211914,0.7006288170814514,-0.2913648188114166,0.0,0.0
3495,873.5,45.98392868041992,47.641380310058594,129.79974365234375,109.48086547851562,113.64690399169922,0.00038488113204948604,0.05576590076088905,21.01763343811035,0.7006288170814514,-0.3324597179889679,0.0,0.0
3496,873.75,45.576873779296875,47.593448638916016,132.1101837158203,109.48351287841797,112.21824645996094,0.0003788824542425573,0.05575660988688469,21.01770782470703,0.6906198859214783,-0.2196274846792221,0.0,0.0
3497,874,45.85387420654297,47.887813568115234,131.4911651611328,109.48262786865234,113.54862976074219,0.00037348363548517227,0.05577723681926727,21.01777458190918,0.6906198859214783,-0.3246149718761444,0.0,0.0
3498,874.25,46.1874885559082,47.82840347290039,131.9827117919922,109.49056243896484,112.59850311279297,0.0003525550418999046,0.05579580366611481,21.01783561706543,0.6906198859214783,-0.24916811287403107,0.0,0.0
3499,874.5,46.21035385131836,47.90752410888672,131.2316436767578,109.48218536376953,112.43899536132812,0.00033371930476278067,0.05581251159310341,21.01788902282715,0.6806108951568604,-0.23722991347312927,0.0,0.0
3500,874.75,45.86164855957031,47.617061614990234,129.5577850341797,109.48307037353516,112.6883773803711,0.00031676713842898607,0.0558275505900383,21.0179386138916,0.6806108951568604,-0.2568800449371338,0.0,0.0
3501,875,45.92110824584961,47.81570053100586,133.056640625,109.48394775390625,112.93727111816406,0.0003015102120116353,0.05584108456969261,21.017982482910156,0.6806108951568604,-0.2764488458633423,0.0,0.0
3502,875.25,46.02974319458008,48.156715393066406,131.62014770507812,109.49232482910156,112.77973937988281,0.00027685947134159505,0.05585326626896858,21.018022537231445,0.6806108951568604,-0.2633420526981354,0.0,0.0
3503,875.5,45.96781539916992,47.72160339355469,129.7638702392578,109.48483276367188,112.57183074951172,0.0002546737960074097,0.055864229798316956,21.01805877685547,0.6806108951568604,-0.24752528965473175,0.0,0.0
3504,875.75,45.827545166015625,47.762264251708984,130.49813842773438,109.48880004882812,112.97134399414062,0.00023470667656511068,0.05587409809231758,21.018091201782227,0.6806108951568604,-0.2787397503852844,0.0,0.0
3505,876,46.1120719909668,48.04191970825195,127.16567993164062,109.48218536376953,112.77627563476562,0.00021288410061970353,0.055882979184389114,21.01811981201172,0.6706019043922424,-0.2638930082321167,0.0,0.0
3506,876.25,45.97216796875,47.37328338623047,129.34864807128906,109.50025939941406,113.18665313720703,0.00019324377353768796,0.055890969932079315,21.018146514892578,0.6806108951568604,-0.29475805163383484,0.0,0.0
3507,876.5,46.51975631713867,47.57364273071289,127.2198715209961,109.49011993408203,113.00541687011719,0.0001755674893502146,0.05590541288256645,21.018169403076172,0.6806108951568604,-0.2813165485858917,0.0,0.0
3508,876.75,45.94025802612305,47.87776565551758,129.12501525878906,109.49056243896484,112.33726501464844,0.00015965882630553097,0.055918410420417786,21.018190383911133,0.6806108951568604,-0.22849076986312866,0.0,0.0
3509,877,46.086387634277344,47.638519287109375,130.628662109375,109.49981689453125,112.6014633178711,0.00014726683730259538,0.055930107831954956,21.01820945739746,0.6906198859214783,-0.2486497312784195,0.0,0.0
3510,877.25,45.96724319458008,48.178714752197266,126.53140258789062,109.5051040649414,112.67060089111328,0.00013611404574476182,0.05594063550233841,21.018226623535156,0.6906198859214783,-0.25368407368659973,0.0,0.0
3511,877.5,46.35403060913086,47.82585525512695,132.71163940429688,109.49056243896484,112.20590209960938,0.00012607654207386076,0.0559501089155674,21.01824188232422,0.6906198859214783,-0.21807491779327393,0.0,0.0
3512,877.75,45.79053497314453,48.09114456176758,132.30328369140625,109.49761199951172,112.89825439453125,0.00011704278585966676,0.055936891585588455,21.01825523376465,0.7006288170814514,-0.2722621262073517,0.0,0.0
3513,878,46.001426696777344,47.577354431152344,129.9180450439453,109.50202178955078,112.37429809570312,0.00011340744094923139,0.055924996733665466,21.018266677856445,0.7006288170814514,-0.23049329221248627,0.0,0.0
3514,878.25,46.081199645996094,47.89997482299805,136.11660766601562,109.49805450439453,111.95355224609375,0.00011013563198503107,0.05591429024934769,21.018278121948242,0.720646858215332,-0.19742293655872345,0.0,0.0
3515,878.5,46.19207000732422,47.84478759765625,132.09490966796875,109.50025939941406,111.96392822265625,0.00010719100828282535,0.055904652923345566,21.018287658691406,0.7106378078460693,-0.1980685293674469,0.0,0.0
3516,878.75,46.02734375,47.83729553222656,129.04791259765625,109.51127624511719,112.4908447265625,0.00010454084258526564,0.05588148534297943,21.01829719543457,0.7006288170814514,-0.23896895349025726,0.0,0.0
3517,879,45.75753402709961,47.830101013183594,131.5178680419922,109.52714538574219,112.2063980102539,0.00010215569636784494,0.05586063489317894,21.0183048248291,0.7006288170814514,-0.21514073014259338,0.0,0.0
3518,879.25,45.80781555175781,47.318756103515625,130.01116943359375,109.50951385498047,112.07454681396484,0.00010707478213589638,0.05584187060594559,21.018312454223633,0.6906198859214783,-0.20610716938972473,0.0,0.0
3519,879.5,46.15042495727539,47.56760787963867,129.16165161132812,109.50643157958984,112.37232208251953,0.00011150195496156812,0.05582498013973236,21.01831817626953,0.6906198859214783,-0.22997818887233734,0.0,0.0
3520,879.75,45.65589904785156,47.76412582397461,128.3647918701172,109.50157928466797,112.58812713623047,0.00011548641487024724,0.05583877116441727,21.01832389831543,0.7006288170814514,-0.24745216965675354,0.0,0.0
3521,880,45.79692459106445,47.83091354370117,129.04257202148438,109.50643157958984,112.59800720214844,0.00011907242878805846,0.05585118383169174,21.018329620361328,0.7006288170814514,-0.24783897399902344,0.0,0.0
3522,880.25,45.83140563964844,47.76161193847656,125.88261413574219,109.51744842529297,113.5140609741211,0.00012229983985889703,0.05586235597729683,21.018335342407227,0.6906198859214783,-0.31907397508621216,0.0,0.0
3523,880.5,45.761146545410156,48.13880920410156,127.54121398925781,109.50289916992188,112.33528900146484,0.00013677262177225202,0.05587241053581238,21.018339157104492,0.6806108951568604,-0.227331280708313,0.0,0.0
3524,880.75,46.014862060546875,47.77890396118164,127.57632446289062,109.49761199951172,112.8404769897461,0.00014979811385273933,0.05591045320034027,21.018342971801758,0.6906198859214783,-0.2677050530910492,0.0,0.0
3525,881,45.351898193359375,48.109432220458984,131.13394165039062,109.51744842529297,111.98763275146484,0.00016152106400113553,0.055944692343473434,21.018346786499023,0.7006288170814514,-0.19855573773384094,0.0,0.0
3526,881.25,46.07514572143555,47.85392379760742,129.4257354736328,109.51612091064453,112.14466857910156,0.0001720717118587345,0.05597550794482231,21.01835060119629,0.7106378078460693,-0.21113760769367218,0.0,0.0
3527,881.5,45.64746856689453,47.7335205078125,125.97344207763672,109.52317810058594,112.2217025756836,0.00018928288773167878,0.05600324273109436,21.018352508544922,0.6906198859214783,-0.21667702496051788,0.0,0.0
3528,881.75,45.44425964355469,47.9024543762207,130.9561004638672,109.50862884521484,112.82911682128906,0.00020477295038290322,0.05604270100593567,21.018354415893555,0.6906198859214783,-0.26591333746910095,0.0,0.0
3529,882,45.967742919921875,47.51848220825195,128.79298400878906,109.51171875,112.55455017089844,0.00021871400531381369,0.05607821047306061,21.018356323242188,0.7106378078460693,-0.24397273361682892,0.0,0.0
3530,882.25,46.587894439697266,47.78242874145508,130.1103973388672,109.52494049072266,112.7298583984375,0.00023126095766201615,0.05611016973853111,21.01835823059082,0.7006288170814514,-0.25675225257873535,0.0,0.0
3531,882.5,45.93186569213867,47.495994567871094,126.61001586914062,109.51524353027344,113.17430877685547,0.00024255321477539837,0.05613893270492554,21.018360137939453,0.7006288170814514,-0.2925688326358795,0.0,0.0
3532,882.75,45.47295379638672,47.702945709228516,132.13917541503906,109.51392364501953,112.30713653564453,0.000262365530943498,0.05616481974720955,21.018362045288086,0.7006288170814514,-0.22420357167720795,0.0,0.0
3533,883,45.929569244384766,48.096656799316406,126.52452850341797,109.54521179199219,112.20491790771484,0.00028019663295708597,0.05616637319326401,21.01836395263672,0.7006288170814514,-0.21355469524860382,0.0,0.0
3534,883.25,45.70378112792969,47.974853515625,132.28726196289062,109.52273559570312,111.77528381347656,0.0002962446305900812,0.05616777017712593,21.01836585998535,0.7106378078460693,-0.18122990429401398,0.0,0.0
3535,883.5,46.232112884521484,47.48921203613281,130.83551025390625,109.5385971069336,112.5145492553711,0.0003106878139078617,0.05616902932524681,21.018367767333984,0.6906198859214783,-0.2386239469051361,0.0,0.0
3536,883.75,45.7288703918457,47.77030944824219,132.35824584960938,109.51700592041016,112.53578186035156,0.00032368669053539634,0.05617016181349754,21.018369674682617,0.6906198859214783,-0.24205821752548218,0.0,0.0
3537,884,46.37141799926758,47.50096130371094,131.31942749023438,109.54168701171875,112.65282440185547,0.00034375221002846956,0.05617117881774902,21.018369674682617,0.7006288170814514,-0.24930615723133087,0.0,0.0
3538,884.25,45.90771484375,47.905941009521484,129.73562622070312,109.53419494628906,112.71454620361328,0.0003618111659307033,0.05616484582424164,21.018369674682617,0.7006288170814514,-0.2547912895679474,0.0,0.0
3539,884.5,45.757076263427734,47.897727966308594,129.0593719482422,109.54035949707031,112.83800506591797,0.0003780642291530967,0.05615914613008499,21.018369674682617,0.6906198859214783,-0.26403510570526123,0.0,0.0
3540,884.75,45.70228958129883,47.737857818603516,124.94073486328125,109.52494049072266,112.87800598144531,0.0003926919889636338,0.05615401640534401,21.018369674682617,0.7006288170814514,-0.2684437930583954,0.0,0.0
3541,885,45.89261245727539,47.79607391357422,131.81402587890625,109.53507232666016,112.71454620361328,0.00040907601942308247,0.056149400770664215,21.018369674682617,0.6806108951568604,-0.2547197639942169,0.0,0.0
3542,885.25,45.820404052734375,47.97578430175781,129.74325561523438,109.5385971069336,112.42664337158203,0.00042382164974696934,0.056130751967430115,21.018369674682617,0.6706019043922424,-0.23166626691818237,0.0,0.0
3543,885.5,45.80535125732422,47.72075653076172,134.45266723632812,109.53375244140625,112.48985290527344,0.00043709270539693534,0.056113965809345245,21.018369674682617,0.6706019043922424,-0.23706316947937012,0.0,0.0
3544,885.75,46.09983444213867,47.59561538696289,132.2788543701172,109.52317810058594,112.2083740234375,0.00044903665548190475,0.05609885975718498,21.018369674682617,0.6806108951568604,-0.21561963856220245,0.0,0.0
3545,886,46.20294189453125,47.99341583251953,125.990234375,109.5385971069336,112.5431900024414,0.00045721078640781343,0.056085262447595596,21.018369674682617,0.7006288170814514,-0.24088934063911438,0.0,0.0
3546,886.25,46.015132904052734,47.570274353027344,129.3555145263672,109.53243255615234,112.39306640625,0.0004645675071515143,0.05607302486896515,21.018369674682617,0.6906198859214783,-0.22950831055641174,0.0,0.0
3547,886.5,45.80052947998047,47.810829162597656,130.92404174804688,109.5218505859375,112.45331573486328,0.0004711885703727603,0.0560692623257637,21.018369674682617,0.7106378078460693,-0.23513871431350708,0.0,0.0
3548,886.75,45.69435119628906,47.71662902832031,133.60848999023438,109.53727722167969,112.03009796142578,0.0004771475214511156,0.0560658760368824,21.018369674682617,0.6906198859214783,-0.20031927525997162,0.0,0.0
3549,887,46.03899002075195,48.17631149291992,127.35497283935547,109.5544662475586,112.41825103759766,0.0004825105716008693,0.05606282502412796,21.018369674682617,0.6906198859214783,-0.22971194982528687,0.0,0.0
3550,887.25,46.01423263549805,47.55897903442383,128.2983856201172,109.54080200195312,112.6083755493164,0.00048733732546679676,0.056060079485177994,21.018369674682617,0.6806108951568604,-0.24586471915245056,0.0,0.0
3551,887.5,46.14308547973633,48.17801284790039,127.88774108886719,109.54300689697266,112.77578735351562,0.00047945414553396404,0.056057609617710114,21.018369674682617,0.6806108951568604,-0.25891023874282837,0.0,0.0
3552,887.75,46.04616165161133,47.76421356201172,126.24898529052734,109.5465316772461,112.84986114501953,0.00047235930105671287,0.05605538561940193,21.018369674682617,0.7106378078460693,-0.26446911692619324,0.0,0.0
3553,888,46.03538131713867,47.543094635009766,130.55462646484375,109.56945037841797,112.13973236083984,0.0004659739206545055,0.05605338513851166,21.018369674682617,0.7006288170814514,-0.20641236007213593,0.0,0.0
3554,888.25,45.328006744384766,47.998268127441406,127.67249298095703,109.54962158203125,113.31159210205078,0.0004659739206545055,0.0560515858232975,21.018369674682617,0.6906198859214783,-0.30056655406951904,0.0,0.0
3555,888.5,45.88861846923828,47.95797348022461,128.74107360839844,109.5469741821289,112.09873962402344,0.000453151878900826,0.05604996532201767,21.018369674682617,0.7006288170814514,-0.20498372614383698,0.0,0.0
3556,888.75,45.904266357421875,47.97211837768555,129.73715209960938,109.56460571289062,113.04541778564453,0.0004416120355017483,0.05604850873351097,21.018369674682617,0.7106378078460693,-0.27841344475746155,0.0,0.0
3557,889,46.058258056640625,48.079994201660156,134.08094787597656,109.56195831298828,113.44986724853516,0.0004312261880841106,0.05604719743132591,21.018369674682617,0.720646858215332,-0.3104211688041687,0.0,0.0
3558,889.25,45.996185302734375,47.5232048034668,127.11988067626953,109.56680297851562,113.39949035644531,0.00042187891085632145,0.0560460165143013,21.018369674682617,0.720646858215332,-0.30607348680496216,0.0,0.0
3559,889.5,45.70710754394531,48.02116775512695,127.25269317626953,109.55754852294922,112.73825073242188,0.0004134663613513112,0.05604495480656624,21.018369674682617,0.7106378078460693,-0.254765123128891,0.0,0.0
3560,889.75,46.1048583984375,47.82136535644531,130.82635498046875,109.55534362792969,113.07701873779297,0.0004058950871694833,0.056043997406959534,21.018369674682617,0.7106378078460693,-0.28165391087532043,0.0,0.0
3561,890,45.88054656982422,47.92927551269531,132.42083740234375,109.5725326538086,112.34664916992188,0.00039908092003315687,0.05604313686490059,21.018136978149414,0.720646858215332,-0.2225724160671234,0.0,0.0
3562,890.25,46.288421630859375,47.77367401123047,131.10342407226562,109.55049896240234,112.46516418457031,0.0003929481899831444,0.05604236200451851,21.017929077148438,0.7106378078460693,-0.23374848067760468,0.0,0.0
3563,890.5,45.88864517211914,47.368404388427734,132.01171875,109.56327819824219,113.07158660888672,0.0003874287358485162,0.0560416653752327,21.01774024963379,0.720646858215332,-0.28058165311813354,0.0,0.0
3564,890.75,45.7490234375,47.73716735839844,127.5152587890625,109.5557861328125,112.23997497558594,0.0003798890975303948,0.056041035801172256,21.01757049560547,0.7006288170814514,-0.21547666192054749,0.0,0.0
3565,891,46.52278137207031,47.93813705444336,126.47567749023438,109.56900787353516,112.2868881225586,0.0003731034230440855,0.05601147934794426,21.017417907714844,0.6906198859214783,-0.2181222289800644,0.0,0.0
3566,891.25,45.88895797729492,48.04717254638672,128.84487915039062,109.55843353271484,112.95356750488281,0.00036699630436487496,0.05601147934794426,21.01728057861328,0.6906198859214783,-0.27167898416519165,0.0,0.0
3567,891.5,45.578914642333984,47.93606948852539,127.69004821777344,109.56768798828125,112.5649185180664,0.00036021380219608545,0.05598487704992294,21.01715660095215,0.6706019043922424,-0.24024443328380585,0.0,0.0
3568,891.75,45.677547454833984,47.849552154541016,129.44482421875,109.5703353881836,112.88294982910156,0.00035410953569225967,0.05596093460917473,21.017045974731445,0.6706019043922424,-0.2651447355747223,0.0,0.0
3569,892,45.860740661621094,47.974571228027344,127.42900848388672,109.57738494873047,112.84986114501953,0.0003486156929284334,0.055939387530088425,21.01694679260254,0.6605929732322693,-0.2619622051715851,0.0,0.0
3570,892.25,46.01744079589844,47.87779998779297,126.93746185302734,109.56592559814453,112.93529510498047,0.00034367124317213893,0.05592724308371544,21.016857147216797,0.6605929732322693,-0.26962998509407043,0.0,0.0
3571,892.5,46.02492141723633,47.744483947753906,129.09066772460938,109.56768798828125,112.33281707763672,0.0003392212383914739,0.05591631308197975,21.01677703857422,0.6806108951568604,-0.22187009453773499,0.0,0.0
3572,892.75,46.00750732421875,47.753841400146484,128.12435913085938,109.57826232910156,112.52639770507812,0.0003352162311784923,0.055906474590301514,21.016704559326172,0.6906198859214783,-0.23633843660354614,0.0,0.0
3573,893,45.78477478027344,47.86172103881836,130.5111083984375,109.57914733886719,112.18714141845703,0.00033161172177642584,0.05589761957526207,21.016639709472656,0.6806108951568604,-0.2093871384859085,0.0,0.0
3574,893.25,45.883060455322266,47.959869384765625,128.128173828125,109.5804672241211,112.01380157470703,0.000328367663314566,0.05588965117931366,21.01658058166504,0.6906198859214783,-0.19551461935043335,0.0,0.0
3575,893.5,45.81593704223633,48.04243087768555,128.18006896972656,109.56548309326172,111.65528106689453,0.0003408855991438031,0.05588247999548912,21.01652717590332,0.6806108951568604,-0.16819383203983307,0.0,0.0
3576,893.75,45.806968688964844,47.965415954589844,129.68067932128906,109.57870483398438,112.11750793457031,0.00035215175012126565,0.055876024067401886,21.01641273498535,0.7006288170814514,-0.203895702958107,0.0,0.0
3577,894,45.89456558227539,47.663272857666016,130.7889404296875,109.58443450927734,112.90813446044922,0.000362291291821748,0.055870212614536285,21.01630973815918,0.6806108951568604,-0.2659849524497986,0.0,0.0
3578,894.25,45.710628509521484,48.039527893066406,131.0202178955078,109.58663940429688,112.60343933105469,0.00037141688517294824,0.055864982306957245,21.016218185424805,0.6806108951568604,-0.24175071716308594,0.0,0.0
3579,894.5,46.342681884765625,47.49748611450195,130.54928588867188,109.58575439453125,112.47158813476562,0.0003796298988163471,0.05586027726531029,21.016136169433594,0.6706019043922424,-0.23139235377311707,0.0,0.0
3580,894.75,46.058345794677734,47.42086410522461,131.53848266601562,109.59457397460938,112.66516876220703,0.00038702163146808743,0.055856041610240936,21.016061782836914,0.6806108951568604,-0.245984748005867,0.0,0.0
3581,895,46.29933166503906,47.61712646484375,128.63116455078125,109.59765625,113.44739532470703,0.00040976773016154766,0.05585223063826561,21.015995025634766,0.6806108951568604,-0.3073267638683319,0.0,0.0
3582,895.25,46.27490997314453,48.047542572021484,134.4610595703125,109.59368896484375,112.26763153076172,0.00043023921898566186,0.055848799645900726,21.015933990478516,0.6806108951568604,-0.2145906388759613,0.0,0.0
3583,895.5,45.9980583190918,47.60804748535156,124.95447540283203,109.59500885009766,112.44689178466797,0.00043023921898566186,0.0558457113802433,21.015933990478516,0.6706019043922424,-0.228685662150383,0.0,0.0
3584,895.75,46.38016128540039,48.065269470214844,131.3759002685547,109.60735321044922,111.76441955566406,0.0004486635734792799,0.055850181728601456,21.015878677368164,0.6806108951568604,-0.17348961532115936,0.0,0.0
3585,896,45.56339645385742,47.68364715576172,132.93679809570312,109.60250091552734,111.72689056396484,0.0004652454808820039,0.055854205042123795,21.01582908630371,0.6906198859214783,-0.170894056558609,0.0,0.0
3586,896.25,45.81675720214844,47.76038360595703,129.43565368652344,109.60735321044922,112.39800262451172,0.00048403377877548337,0.0558578260242939,21.015785217285156,0.6806108951568604,-0.2238118052482605,0.0,0.0
3587,896.5,46.0013313293457,48.01264190673828,129.6188507080078,109.59854125976562,113.03010559082031,0.0005009432206861675,0.055861085653305054,21.01597785949707,0.6806108951568604,-0.27445074915885925,0.0,0.0
3588,896.75,45.66495895385742,48.11690902709961,127.14659881591797,109.60382843017578,113.86073303222656,0.0005161617300473154,0.05586401745676994,21.016151428222656,0.6706019043922424,-0.3392007052898407,0.0,0.0
3589,897,46.0114631652832,47.928001403808594,129.53793334960938,109.61219787597656,112.77776336669922,0.0005298584001138806,0.055866654962301254,21.016307830810547,0.6806108951568604,-0.25344550609588623,0.0,0.0
3590,897.25,46.15491485595703,47.58837890625,128.3899688720703,109.60867309570312,112.4345474243164,0.0005421853857114911,0.05586903169751167,21.016448974609375,0.6906198859214783,-0.22659865021705627,0.0,0.0
3591,897.5,45.71242904663086,47.671024322509766,129.82264709472656,109.59986114501953,112.84294891357422,0.0005532797076739371,0.0558784194290638,21.016576766967773,0.6806108951568604,-0.25959092378616333,0.0,0.0
3592,897.75,45.96799850463867,48.059532165527344,126.5512466430664,109.61968994140625,113.0859146118164,0.0005632645916193724,0.05588686838746071,21.016691207885742,0.6706019043922424,-0.27712756395339966,0.0,0.0
3593,898,45.66893005371094,48.02458953857422,127.95872497558594,109.6236572265625,112.27899169921875,0.0005703186034224927,0.05589447170495987,21.016794204711914,0.6706019043922424,-0.21305742859840393,0.0,0.0
3594,898.25,46.289154052734375,47.69734573364258,131.6361846923828,109.61837005615234,113.54023742675781,0.0005766671965830028,0.055901315063238144,21.016887664794922,0.6605929732322693,-0.3129269480705261,0.0,0.0
3595,898.5,45.74808120727539,47.71548843383789,132.6169891357422,109.61792755126953,113.15406036376953,0.0005823809187859297,0.055901315063238144,21.016971588134766,0.6706019043922424,-0.2826331555843353,0.0,0.0
3596,898.75,45.95783233642578,48.1248893737793,130.68667602539062,109.62718200683594,112.14269256591797,0.00058752327458933,0.05591472238302231,21.017045974731445,0.6806108951568604,-0.20195776224136353,0.0,0.0
3597,899,45.995243072509766,47.68232727050781,131.33087158203125,109.62938690185547,112.1214599609375,0.0005869995802640915,0.055926788598299026,21.017112731933594,0.6806108951568604,-0.20009352266788483,0.0,0.0
3598,899.25,46.000667572021484,47.7410774230957,128.24037170410156,109.61660766601562,113.00048065185547,0.0005865282146260142,0.05593764781951904,21.017173767089844,0.6906198859214783,-0.2706500291824341,0.0,0.0
3599,899.5,46.30062484741211,48.01695251464844,127.02142333984375,109.62189483642578,112.44689178466797,0.0005861039971932769,0.05594742298126221,21.017229080200195,0.6806108951568604,-0.22650231420993805,0.0,0.0
3600,899.75,45.95938491821289,47.75318908691406,131.23316955566406,109.6302719116211,113.27011108398438,0.0005857222131453454,0.05596346780657768,21.01727867126465,0.6806108951568604,-0.2907562255859375,0.0,0.0
3601,900,46.00979995727539,47.723533630371094,129.4478759765625,109.62718200683594,113.4118423461914,0.0005782966618426144,0.05597790703177452,21.017322540283203,0.6706019043922424,-0.3021390736103058,0.0,0.0
3602,900.25,46.301658630371094,47.983909606933594,126.29096984863281,109.61748504638672,112.5214614868164,0.0005716136656701565,0.055990900844335556,21.017362594604492,0.6605929732322693,-0.23276203870773315,0.0,0.0
3603,900.5,45.975318908691406,47.53055953979492,125.91009521484375,109.631591796875,113.00393676757812,0.0005655989516526461,0.05600259453058243,21.017398834228516,0.6706019043922424,-0.26970547437667847,0.0,0.0
3604,900.75,46.091243743896484,48.09964370727539,127.9526138305664,109.64481353759766,113.35850524902344,0.0005601856973953545,0.05601312220096588,21.017431259155273,0.6906198859214783,-0.2965199053287506,0.0,0.0
3605,901,46.21984100341797,47.67109298706055,127.016845703125,109.65010070800781,113.22319793701172,0.0005553137743845582,0.05602259561419487,21.017459869384766,0.6806108951568604,-0.28545820713043213,0.0,0.0
3606,901.25,45.563358306884766,47.52199935913086,130.8660430908203,109.63511657714844,113.11455535888672,0.0005509290494956076,0.05603112280368805,21.017486572265625,0.6906198859214783,-0.2781287729740143,0.0,0.0
3607,901.5,45.997127532958984,47.983455657958984,133.98707580566406,109.6408462524414,113.32986450195312,0.0005321839707903564,0.05603879690170288,21.01750946044922,0.6906198859214783,-0.2945924401283264,0.0,0.0
3608,901.75,45.92224884033203,47.776824951171875,131.38735961914062,109.65186309814453,112.70022583007812,0.0005153134115971625,0.05606020241975784,21.01753044128418,0.6806108951568604,-0.24410198628902435,0.0,0.0
3609,902,46.08535385131836,47.708621978759766,128.41744995117188,109.6487808227539,112.61084747314453,0.0005001298850402236,0.05607946589589119,21.017549514770508,0.6806108951568604,-0.23728984594345093,0.0,0.0
3610,902.25,45.65066909790039,48.041934967041016,127.01531219482422,109.65362548828125,112.2103500366211,0.0004864647053182125,0.05609680339694023,21.017566680908203,0.7006288170814514,-0.20518025755882263,0.0,0.0
3611,902.5,45.751583099365234,47.50565719604492,130.50119018554688,109.65054321289062,112.39257049560547,0.00046452099923044443,0.05611240863800049,21.017581939697266,0.6906198859214783,-0.21987494826316833,0.0,0.0
3612,902.75,46.18281555175781,47.79853820800781,130.20504760742188,109.65715026855469,113.02616119384766,0.00044477166375145316,0.056111954152584076,21.017595291137695,0.6906198859214783,-0.2693805694580078,0.0,0.0
3613,903,45.789833068847656,47.89498519897461,131.30186462402344,109.64745330810547,113.49282836914062,0.0004269972559995949,0.056111544370651245,21.017608642578125,0.6906198859214783,-0.30684730410575867,0.0,0.0
3614,903.25,45.90937805175781,48.0528450012207,127.32902526855469,109.64613342285156,112.7170181274414,0.00041100027738139033,0.0561111755669117,21.017620086669922,0.6906198859214783,-0.24589364230632782,0.0,0.0
3615,903.5,45.45003890991211,47.92015838623047,128.27090454101562,109.65230560302734,112.56047821044922,0.00039660301990807056,0.056110844016075134,21.017629623413086,0.6806108951568604,-0.23302076756954193,0.0,0.0
3616,903.75,46.16055679321289,47.71558380126953,128.7823028564453,109.65494537353516,112.8187484741211,0.00037207736750133336,0.05611054599285126,21.01763916015625,0.6806108951568604,-0.25320857763290405,0.0,0.0
3617,904,45.81846618652344,48.23164367675781,132.71316528320312,109.66596984863281,112.60985565185547,0.0003500042948871851,0.05609578266739845,21.017414093017578,0.7106378078460693,-0.23581592738628387,0.0,0.0
3618,904.25,46.2231330871582,47.410621643066406,130.87901306152344,109.65935516357422,112.00886535644531,0.0003500042948871851,0.05608249455690384,21.0172119140625,0.7006288170814514,-0.18871626257896423,0.0,0.0
3619,904.5,45.48074722290039,47.970062255859375,128.98532104492188,109.66816711425781,112.11454772949219,0.00033013851498253644,0.056070536375045776,21.0172119140625,0.7006288170814514,-0.19639603793621063,0.0,0.0
3620,904.75,46.153141021728516,48.127376556396484,130.6851348876953,109.67125701904297,112.70171356201172,0.0003122593043372035,0.05605977401137352,21.01702880859375,0.6906198859214783,-0.2426454722881317,0.0,0.0
3621,905,45.57298278808594,48.13322830200195,131.45681762695312,109.66949462890625,112.69281768798828,0.0002974531380459666,0.05605008453130722,21.016864776611328,0.7006288170814514,-0.2420855015516281,0.0,0.0
3622,905.25,46.3270263671875,47.908512115478516,126.58024597167969,109.66111755371094,112.88047790527344,0.0002841276000253856,0.05603411793708801,21.0167179107666,0.6906198859214783,-0.257577508687973,0.0,0.0
3623,905.5,46.462554931640625,47.65576934814453,129.11279296875,109.68183135986328,112.66862487792969,0.0002721346099860966,0.05601974576711655,21.016584396362305,0.7106378078460693,-0.2391728013753891,0.0,0.0
3624,905.75,46.14427185058594,47.6918830871582,131.4247589111328,109.67610168457031,113.13874816894531,0.0002613409305922687,0.05600681155920029,21.016464233398438,0.6906198859214783,-0.2767055332660675,0.0,0.0
3625,906,45.5937614440918,48.06214904785156,133.14976501464844,109.68756103515625,112.58417510986328,0.00026062378310598433,0.05599517002701759,21.016357421875,0.7006288170814514,-0.23203277587890625,0.0,0.0
3626,906.25,45.9992561340332,47.610774993896484,127.75645446777344,109.67389678955078,112.2063980102539,0.00025997834745794535,0.055991943925619125,21.016260147094727,0.6906198859214783,-0.2032208889722824,0.0,0.0
3627,906.5,46.56098175048828,47.853370666503906,127.29849243164062,109.68006896972656,112.81578826904297,0.0002593974641058594,0.055989038199186325,21.016172409057617,0.6906198859214783,-0.25093570351600647,0.0,0.0
3628,906.75,46.11668014526367,47.34724807739258,132.5963897705078,109.69681549072266,112.50121307373047,0.0002588746719993651,0.055986423045396805,21.016094207763672,0.6806108951568604,-0.22471998631954193,0.0,0.0
3629,907,45.974464416503906,47.760826110839844,128.47622680664062,109.69329071044922,112.32096862792969,0.0002667625667527318,0.05598406866192818,21.016023635864258,0.6906198859214783,-0.21073174476623535,0.0,0.0
3630,907.25,45.567771911621094,47.72216796875,128.58995056152344,109.6928482055664,112.32540893554688,0.00027386166038922966,0.05598919838666916,21.015960693359375,0.7106378078460693,-0.2111196666955948,0.0,0.0
3631,907.5,45.696937561035156,47.523681640625,129.44406127929688,109.7007827758789,112.41429901123047,0.00028025085339322686,0.05598919838666916,21.01590347290039,0.7006288170814514,-0.21751758456230164,0.0,0.0
3632,907.75,45.83137893676758,48.04458999633789,126.74053955078125,109.70166778564453,112.71800994873047,0.0002860011300072074,0.05599381774663925,21.015851974487305,0.7006288170814514,-0.2414644956588745,0.0,0.0
3633,908,46.0522575378418,47.776309967041016,130.71490478515625,109.69637298583984,113.61727142333984,0.0002911763731390238,0.055997975170612335,21.015806198120117,0.7006288170814514,-0.31263238191604614,0.0,0.0
3634,908.25,45.892738342285156,48.34431076049805,131.2285919189453,109.69108581542969,112.61479949951172,0.00029583409195765853,0.05600171536207199,21.015764236450195,0.7006288170814514,-0.2341679185628891,0.0,0.0
3635,908.5,45.598697662353516,48.092262268066406,128.59910583496094,109.69770050048828,112.53134155273438,0.00031611023587174714,0.0560050830245018,21.01572608947754,0.7006288170814514,-0.22703136503696442,0.0,0.0
3636,908.75,46.05051040649414,48.05156707763672,128.6143798828125,109.71092224121094,112.86615753173828,0.000334358774125576,0.05601536110043526,21.01569175720215,0.6806108951568604,-0.2524055540561676,0.0,0.0
3637,909,46.095970153808594,47.81106948852539,125.97115325927734,109.69549560546875,112.9708480834961,0.00035078247310593724,0.05602461099624634,21.015661239624023,0.7006288170814514,-0.2619108557701111,0.0,0.0
3638,909.25,45.705936431884766,47.92972946166992,132.0681915283203,109.70254516601562,112.21627044677734,0.00036556378472596407,0.0560329370200634,21.015634536743164,0.7006288170814514,-0.2016793191432953,0.0,0.0
3639,909.5,46.32722854614258,48.04500198364258,129.740966796875,109.71179962158203,112.33084106445312,0.0003923878539353609,0.05604042857885361,21.015609741210938,0.7006288170814514,-0.21001243591308594,0.0,0.0
3640,909.75,46.07530212402344,47.57560348510742,130.09666442871094,109.71356201171875,112.7061538696289,0.00041652951040305197,0.056039925664663315,21.015586853027344,0.7106378078460693,-0.239562526345253,0.0,0.0
3641,910,46.25079345703125,47.804229736328125,126.75045776367188,109.6981430053711,113.07998657226562,0.000438257004134357,0.0560394711792469,21.015567779541016,0.7106378078460693,-0.2702917754650116,0.0,0.0
3642,910.25,45.86491012573242,48.11058807373047,129.72113037109375,109.70254516601562,112.01873779296875,0.0004578117514029145,0.05603906139731407,21.01555061340332,0.7106378078460693,-0.1859954446554184,0.0,0.0
3643,910.5,45.77849197387695,47.2302131652832,127.57785034179688,109.70430755615234,113.05726623535156,0.000484430231153965,0.056038692593574524,21.015535354614258,0.720646858215332,-0.26800304651260376,0.0,0.0
3644,910.75,45.971744537353516,47.62031936645508,129.2234649658203,109.71973419189453,113.3817138671875,0.0005083868745714426,0.05606010928750038,21.015520095825195,0.720646858215332,-0.2922612130641937,0.0,0.0
3645,911,46.29880905151367,47.94401931762695,126.54208374023438,109.71179962158203,112.86961364746094,0.0005299478652887046,0.05607938393950462,21.015506744384766,0.73065584897995,-0.2526070177555084,0.0,0.0
3646,911.25,45.99274826049805,48.093109130859375,133.5550537109375,109.70783233642578,112.88689422607422,0.00054935272783041,0.05609672889113426,21.01549530029297,0.73065584897995,-0.25429171323776245,0.0,0.0
3647,911.5,46.036216735839844,47.71137619018555,127.55724334716797,109.70343017578125,112.62812805175781,0.000568750430829823,0.056112341582775116,21.015483856201172,0.73065584897995,-0.23421967029571533,0.0,0.0
3648,911.75,46.14519119262695,47.50761032104492,131.80029296875,109.72502136230469,112.23997497558594,0.0005862083635292947,0.056126393377780914,21.015474319458008,0.720646858215332,-0.20173576474189758,0.0,0.0
3649,912,46.07947540283203,48.169349670410156,129.36773681640625,109.71973419189453,112.83406066894531,0.0006019204738549888,0.05616803467273712,21.015466690063477,0.7106378078460693,-0.2491588443517685,0.0,0.0
3650,912.25,45.84452438354492,47.95545959472656,131.73770141601562,109.72149658203125,113.54369354248047,0.0006160613847896457,0.05620551109313965,21.015459060668945,0.7106378078460693,-0.3048269748687744,0.0,0.0
3651,912.5,46.31012725830078,47.90644836425781,128.5067596435547,109.72325897216797,112.63257598876953,0.0006281438982114196,0.05623923987150192,21.015451431274414,0.7106378078460693,-0.2329624742269516,0.0,0.0
3652,912.75,46.27118682861328,47.685325622558594,128.66627502441406,109.7342758178711,113.46912384033203,0.0006390181370079517,0.05626959726214409,21.015445709228516,0.6906198859214783,-0.2979419231414795,0.0,0.0
3653,913,45.820316314697266,47.90312957763672,128.3655548095703,109.72325897216797,113.07455444335938,0.0006488049402832985,0.05629691854119301,21.015439987182617,0.6906198859214783,-0.2678264081478119,0.0,0.0
3654,913.25,46.126564025878906,48.11417007446289,129.90431213378906,109.7342758178711,113.09628295898438,0.0006576130981557071,0.05629251152276993,21.01543426513672,0.6806108951568604,-0.2686428427696228,0.0,0.0
3655,913.5,46.13351821899414,48.04996871948242,129.95851135253906,109.72987365722656,112.90862274169922,0.0006636072066612542,0.056288544088602066,21.015430450439453,0.6906198859214783,-0.2542169392108917,0.0,0.0
3656,913.75,45.84419631958008,48.36686706542969,129.6127471923828,109.74176788330078,112.74417877197266,0.0006690018926747143,0.05628497526049614,21.015426635742188,0.7106378078460693,-0.24027715623378754,0.0,0.0
3657,914,46.00412368774414,48.151824951171875,131.7773895263672,109.75719451904297,112.41084289550781,0.0006738571100868285,0.05628176033496857,21.015422821044922,0.7106378078460693,-0.212667778134346,0.0,0.0
3658,914.25,45.71879577636719,47.90254211425781,129.2868194580078,109.72987365722656,113.65924835205078,0.0006782268173992634,0.05626437067985535,21.015419006347656,0.7106378078460693,-0.31320229172706604,0.0,0.0
3659,914.5,45.968040466308594,47.539546966552734,128.31517028808594,109.74000549316406,113.10319519042969,0.0006821595598012209,0.05624872073531151,21.01541519165039,0.7006288170814514,-0.26872214674949646,0.0,0.0
3660,914.75,45.766448974609375,48.0389404296875,130.92404174804688,109.74970245361328,112.70171356201172,0.0006856989930383861,0.056234635412693024,21.015413284301758,0.6806108951568604,-0.2362801432609558,0.0,0.0
3661,915,46.06793212890625,47.69413757324219,129.7600555419922,109.73956298828125,114.07604217529297,0.0006888844654895365,0.05622195824980736,21.015411376953125,0.7006288170814514,-0.3450007438659668,0.0,0.0
3662,915.25,45.90336990356445,48.10751724243164,131.65602111816406,109.7435302734375,113.2493667602539,0.0006833764491602778,0.05622504651546478,21.015409469604492,0.7006288170814514,-0.2799338698387146,0.0,0.0
3663,915.5,45.77698516845703,48.1161003112793,129.95851135253906,109.75322723388672,112.69281768798828,0.0006784192519262433,0.056227825582027435,21.01540756225586,0.6906198859214783,-0.2352912425994873,0.0,0.0
3664,915.75,45.741722106933594,47.857234954833984,125.8307113647461,109.7602767944336,112.87356567382812,0.0006739578093402088,0.056230328977108,21.015405654907227,0.6906198859214783,-0.2489864081144333,0.0,0.0
3665,916,45.66045379638672,47.97754669189453,125.99329376220703,109.7527847290039,112.75060272216797,0.000669942470267415,0.05623257905244827,21.015636444091797,0.6906198859214783,-0.2398906648159027,0.0,0.0
3666,916.25,45.98786163330078,47.674903869628906,126.94891357421875,109.75146484375,112.501708984375,0.0006663287058472633,0.05622010678052902,21.015844345092773,0.7006288170814514,-0.2203252911567688,0.0,0.0
3667,916.5,45.71638107299805,47.57411193847656,128.3174591064453,109.7765884399414,112.84640502929688,0.0006630762945860624,0.056208882480859756,21.01603126525879,0.7006288170814514,-0.24552109837532043,0.0,0.0
3668,916.75,45.66151428222656,47.84678649902344,128.08543395996094,109.77130126953125,112.74665069580078,0.000660149147734046,0.05619877949357033,21.01620101928711,0.7006288170814514,-0.238077312707901,0.0,0.0
3669,917,45.700504302978516,47.619041442871094,128.0182647705078,109.76997375488281,112.6992416381836,0.0006517186993733048,0.05618968605995178,21.016353607177734,0.6906198859214783,-0.2344408482313156,0.0,0.0
3670,917.25,45.61988830566406,47.9149169921875,126.57719421386719,109.76557159423828,113.23899841308594,0.0006441312725655735,0.05618150159716606,21.016490936279297,0.6806108951568604,-0.2773312032222748,0.0,0.0
3671,917.5,45.700103759765625,47.904571533203125,128.80137634277344,109.7761459350586,113.0424575805664,0.00063730264082551,0.056166891008615494,21.016613006591797,0.6806108951568604,-0.26100921630859375,0.0,0.0
3672,917.75,45.67368698120117,47.39369583129883,130.98434448242188,109.7774658203125,112.40097045898438,0.0006311568431556225,0.05615374073386192,21.0167236328125,0.6806108951568604,-0.2102416753768921,0.0,0.0
3673,918,46.180999755859375,47.54481887817383,126.9473876953125,109.79113006591797,113.30813598632812,0.0006256256019696593,0.05614190548658371,21.016822814941406,0.6806108951568604,-0.2806917130947113,0.0,0.0
3674,918.25,46.05654525756836,47.725730895996094,130.25999450683594,109.7761459350586,113.26220703125,0.0006193600129336119,0.05613125488162041,21.01691246032715,0.6806108951568604,-0.27829793095588684,0.0,0.0
3675,918.5,45.84828186035156,47.619956970214844,128.0930633544922,109.78495788574219,112.65528869628906,0.000613720971159637,0.056121665984392166,21.016992568969727,0.6906198859214783,-0.229753315448761,0.0,0.0
3676,918.75,45.9123649597168,48.197940826416016,130.2813720703125,109.7840805053711,112.18714141845703,0.0006086458452045918,0.05611303821206093,21.017065048217773,0.7006288170814514,-0.19275431334972382,0.0,0.0
3677,919,45.994441986083984,47.734806060791016,127.61524963378906,109.79774475097656,112.64590454101562,0.000604078231845051,0.056105270981788635,21.01712989807129,0.7006288170814514,-0.22797469794750214,0.0,0.0
3678,919.25,45.86395263671875,47.70671463012695,128.9303741455078,109.78143310546875,111.92540740966797,0.0005973922088742256,0.05609828233718872,21.017189025878906,0.7106378078460693,-0.1721760630607605,0.0,0.0
3679,919.5,46.0222282409668,48.09732437133789,129.2112579345703,109.7840805053711,112.50418090820312,0.0005913748173043132,0.05608474463224411,21.017242431640625,0.7006288170814514,-0.2178759127855301,0.0,0.0
3680,919.75,45.79779052734375,47.63177490234375,130.5401153564453,109.80787658691406,113.49776458740234,0.0005859591183252633,0.05607255920767784,21.017290115356445,0.7006288170814514,-0.2942194938659668,0.0,0.0
3681,920,46.08644104003906,47.29475402832031,125.79178619384766,109.78363800048828,112.45380401611328,0.0005810850416310132,0.05606159195303917,21.017333984375,0.7006288170814514,-0.2139248251914978,0.0,0.0
3682,920.25,46.11953353881836,47.567893981933594,127.26872253417969,109.79950714111328,112.83800506591797,0.0005741231725551188,0.056051723659038544,21.017372131347656,0.7006288170814514,-0.2429998815059662,0.0,0.0
3683,920.5,45.856361389160156,47.724308013916016,131.46978759765625,109.80390930175781,112.63998413085938,0.0005678575253114104,0.056057337671518326,21.017406463623047,0.7006288170814514,-0.2270074188709259,0.0,0.0
3684,920.75,46.02974319458008,47.839691162109375,131.685791015625,109.81625366210938,112.5036849975586,0.0005622184253297746,0.05606238916516304,21.017436981201172,0.6906198859214783,-0.21522824466228485,0.0,0.0
3685,921,46.39004898071289,47.49884033203125,130.5424041748047,109.80038452148438,112.75257110595703,0.0005571432411670685,0.056066934019327164,21.017465591430664,0.7006288170814514,-0.2361864298582077,0.0,0.0
3686,921.25,45.83270263671875,47.90812683105469,129.5638885498047,109.80523681640625,113.0646743774414,0.0005480704130604863,0.056071024388074875,21.01749038696289,0.6906198859214783,-0.26040005683898926,0.0,0.0
3687,921.5,46.086334228515625,47.8651237487793,133.36119079589844,109.82374572753906,112.57825469970703,0.0005399048677645624,0.056074708700180054,21.017513275146484,0.6806108951568604,-0.22051945328712463,0.0,0.0
3688,921.75,45.98102951049805,47.682899475097656,131.45529174804688,109.81581115722656,112.5234375,0.0005325558595359325,0.05606352910399437,21.017534255981445,0.6806108951568604,-0.21682652831077576,0.0,0.0
3689,922,46.265892028808594,47.693363189697266,130.88282775878906,109.81625366210938,113.05430603027344,0.0005259417812339962,0.056053467094898224,21.017553329467773,0.6906198859214783,-0.25869065523147583,0.0,0.0
3690,922.25,45.91797637939453,47.59773254394531,131.4842987060547,109.8105239868164,112.92591094970703,0.0005199891165830195,0.05604441091418266,21.01757049560547,0.6906198859214783,-0.24903933703899384,0.0,0.0
3691,922.5,46.08650588989258,47.948280334472656,128.03199768066406,109.82903289794922,112.64985656738281,0.000514631683472544,0.05603625997900963,21.01758575439453,0.6906198859214783,-0.22575069963932037,0.0,0.0
3692,922.75,46.00746154785156,47.90338897705078,128.1632843017578,109.835205078125,113.30961608886719,0.0005065925070084631,0.05602167546749115,21.01759910583496,0.6906198859214783,-0.27723538875579834,0.0,0.0
3693,923,46.22738265991211,47.893436431884766,128.9242706298828,109.83300018310547,112.76837921142578,0.0004993572365492582,0.05600854754447937,21.017610549926758,0.6906198859214783,-0.23479057848453522,0.0,0.0
3694,923.25,45.997718811035156,47.92771530151367,128.2380828857422,109.82286071777344,113.19010925292969,0.0004928454873152077,0.05599673464894295,21.017621994018555,0.7006288170814514,-0.2688418924808502,0.0,0.0
3695,923.5,46.162208557128906,47.89354705810547,130.69964599609375,109.84577941894531,112.91800689697266,0.00048698490718379617,0.05598610267043114,21.01763153076172,0.6906198859214783,-0.2455587387084961,0.0,0.0
3696,923.75,45.9947395324707,47.68326187133789,128.4151611328125,109.83916473388672,112.78961181640625,0.00047720703878439963,0.05600552633404732,21.017641067504883,0.6806108951568604,-0.23596684634685516,0.0,0.0
3697,924,45.98762512207031,47.54133987426758,128.8548126220703,109.85503387451172,112.59158325195312,0.00046840697177685797,0.056023009121418,21.017648696899414,0.6906198859214783,-0.21903742849826813,0.0,0.0
3698,924.25,46.30416488647461,47.64121627807617,130.34243774414062,109.84489440917969,113.20047760009766,0.00046048691729083657,0.056038741022348404,21.017656326293945,0.7006288170814514,-0.26787126064300537,0.0,0.0
3699,924.5,45.86834716796875,48.037025451660156,127.09622192382812,109.86473083496094,112.4473876953125,0.00045335886534303427,0.05605290085077286,21.017662048339844,0.6906198859214783,-0.2068435698747635,0.0,0.0
3700,924.75,46.17092514038086,47.844398498535156,132.43685913085938,109.84930419921875,112.61282348632812,0.00044694359530694783,0.056065645068883896,21.017667770385742,0.6906198859214783,-0.22118087112903595,0.0,0.0
3701,925,45.65224075317383,48.190162658691406,131.11257934570312,109.86341094970703,112.2498550415039,0.00042954846867360175,0.05607711523771286,21.01767349243164,0.7006288170814514,-0.19129857420921326,0.0,0.0
3702,925.25,45.81507873535156,47.58681869506836,131.62474060058594,109.85811614990234,112.71751403808594,0.0004138928488828242,0.05607294291257858,21.017677307128906,0.7006288170814514,-0.228738471865654,0.0,0.0
3703,925.5,45.698787689208984,48.07513427734375,130.17222595214844,109.86384582519531,113.21578979492188,0.0003998028114438057,0.05606918781995773,21.017681121826172,0.7006288170814514,-0.267539918422699,0.0,0.0
3704,925.75,46.171791076660156,47.54008102416992,129.13722229003906,109.86296844482422,112.09923553466797,0.00038712177774868906,0.05606580898165703,21.017684936523438,0.7006288170814514,-0.17938192188739777,0.0,0.0
3705,926,45.8210563659668,47.56465148925781,128.92503356933594,109.86032104492188,112.18960571289062,0.00037570882705040276,0.056062765419483185,21.017688751220703,0.7106378078460693,-0.18676970899105072,0.0,0.0
3706,926.25,45.48799514770508,47.50318908691406,126.962646484375,109.86693572998047,112.51158142089844,0.00035386873059906065,0.056060027331113815,21.01769256591797,0.720646858215332,-0.21174561977386475,0.0,0.0
3707,926.5,45.78303909301758,47.90154266357422,132.70401000976562,109.87310028076172,112.61627960205078,0.00033421264379285276,0.056057561188936234,21.01778221130371,0.7006288170814514,-0.2195257991552353,0.0,0.0
3708,926.75,45.90833282470703,47.40727996826172,127.60762023925781,109.86384582519531,112.8839340209961,0.0003165221423842013,0.05605534464120865,21.01786231994629,0.6906198859214783,-0.24140779674053192,0.0,0.0
3709,927,45.96648025512695,48.07282638549805,129.80584716796875,109.86649322509766,112.22367858886719,0.0003006006882060319,0.05605334788560867,21.017934799194336,0.6706019043922424,-0.18897315859794617,0.0,0.0
3710,927.25,45.41128921508789,48.18060302734375,129.60281372070312,109.86341094970703,112.41429901123047,0.00028498630854301155,0.056051552295684814,21.01799964904785,0.6806108951568604,-0.20433056354522705,0.0,0.0
3711,927.5,45.7418212890625,47.66926193237305,129.11050415039062,109.8858871459961,112.99504852294922,0.00028498630854301155,0.05605759471654892,21.01799964904785,0.6706019043922424,-0.24838021397590637,0.0,0.0
3712,927.75,45.85773468017578,47.964229583740234,131.68502807617188,109.8779525756836,112.29479217529297,0.0002709333784878254,0.056063033640384674,21.01805877685547,0.6806108951568604,-0.1936837136745453,0.0,0.0
3713,928,45.81636047363281,47.8518180847168,130.8248291015625,109.87310028076172,113.86369323730469,0.00025828572688624263,0.05606792867183685,21.018112182617188,0.6906198859214783,-0.3175886571407318,0.0,0.0
3714,928.25,45.96096420288086,47.717620849609375,126.11388397216797,109.88368225097656,113.76641082763672,0.0002546138712204993,0.056072331964969635,21.018159866333008,0.6906198859214783,-0.3091224431991577,0.0,0.0
3715,928.5,45.646446228027344,47.95622253417969,127.90377044677734,109.8951416015625,112.85973358154297,0.0002513091894797981,0.0560762956738472,21.01820182800293,0.6906198859214783,-0.23696400225162506,0.0,0.0
3716,928.75,46.00323486328125,47.56729507446289,131.0362548828125,109.87574768066406,113.70468139648438,0.0002483349817339331,0.056079864501953125,21.018239974975586,0.7006288170814514,-0.30493348836898804,0.0,0.0
3717,929,45.65175247192383,47.9393310546875,129.12501525878906,109.8858871459961,113.35652923583984,0.00024565818603150547,0.0560830757021904,21.018274307250977,0.7006288170814514,-0.2768133878707886,0.0,0.0
3718,929.25,45.62812805175781,47.54534912109375,128.91510009765625,109.90042877197266,113.31011199951172,0.00024324908736161888,0.056085966527462006,21.0183048248291,0.6806108951568604,-0.2719891667366028,0.0,0.0
3719,929.5,45.93836212158203,47.60183334350586,126.86495208740234,109.89734649658203,113.51949310302734,0.0002410808956483379,0.05608856678009033,21.018333435058594,0.6806108951568604,-0.2886732816696167,0.0,0.0
3720,929.75,45.803653717041016,48.09839630126953,129.88522338867188,109.8951416015625,112.72393035888672,0.00025327468756586313,0.056090906262397766,21.01835823059082,0.6806108951568604,-0.2262459397315979,0.0,0.0
3721,930,45.83856964111328,48.00591278076172,126.28180694580078,109.90130615234375,112.79800415039062,0.00026424910174682736,0.0560930110514164,21.018381118774414,0.6806108951568604,-0.23159436881542206,0.0,0.0
3722,930.25,45.906776428222656,47.5391731262207,128.01597595214844,109.90879821777344,113.65431213378906,0.0002741260686889291,0.056094907224178314,21.018402099609375,0.6906198859214783,-0.298311710357666,0.0,0.0
3723,930.5,45.57556915283203,47.6884651184082,128.19534301757812,109.92774963378906,113.09183502197266,0.0002830153389368206,0.056094907224178314,21.018421173095703,0.6906198859214783,-0.252611368894577,0.0,0.0
3724,930.75,45.627586364746094,47.89895248413086,126.49629211425781,109.91012573242188,112.89232635498047,0.00029101569089107215,0.05609661340713501,21.0184383392334,0.7006288170814514,-0.23832039535045624,0.0,0.0
3725,931,46.06404495239258,47.71400451660156,130.36532592773438,109.90483856201172,113.42961883544922,0.00030078881536610425,0.056098148226737976,21.01845359802246,0.6806108951568604,-0.28101590275764465,0.0,0.0
3726,931.25,46.19090270996094,47.683685302734375,130.2149658203125,109.91541290283203,112.67504119873047,0.0003095846332143992,0.056099530309438705,21.01846694946289,0.6906198859214783,-0.22074191272258759,0.0,0.0
3727,931.5,45.748748779296875,47.5827522277832,133.195556640625,109.92378234863281,112.93529510498047,0.00031750084599480033,0.05610077455639839,21.018478393554688,0.7006288170814514,-0.240602046251297,0.0,0.0
3728,931.75,45.93357467651367,48.087406158447266,128.406005859375,109.91365051269531,113.0424575805664,0.00032462546369060874,0.05610189214348793,21.018489837646484,0.6906198859214783,-0.24986550211906433,0.0,0.0
3729,932,46.07698440551758,47.55203628540039,126.87487030029297,109.91673278808594,112.4997329711914,0.0003246060514356941,0.056102897971868515,21.01849937438965,0.6806108951568604,-0.2067740559577942,0.0,0.0
3730,932.25,46.10653305053711,48.196388244628906,129.68373107910156,109.9290771484375,113.22467803955078,0.00032458858913742006,0.056096553802490234,21.01850700378418,0.6806108951568604,-0.26295459270477295,0.0,0.0
3731,932.5,45.93775177001953,47.928531646728516,127.88392639160156,109.92951202392578,113.00048065185547,0.0003245728730689734,0.05609084665775299,21.01851463317871,0.7006288170814514,-0.2452751100063324,0.0,0.0
3732,932.75,45.64189529418945,48.253883361816406,130.76300048828125,109.93083953857422,113.10369110107422,0.00032455872860737145,0.05608570948243141,21.018522262573242,0.7106378078460693,-0.25329428911209106,0.0,0.0
3733,933,45.519142150878906,47.88844299316406,130.8171844482422,109.93083953857422,112.73726654052734,0.00031425958150066435,0.05608108639717102,21.01852798461914,0.7006288170814514,-0.2244076281785965,0.0,0.0
3734,933.25,45.63365173339844,48.29747772216797,132.44525146484375,109.92555236816406,113.0143051147461,0.0003049903316423297,0.05607692524790764,21.01853370666504,0.7106378078460693,-0.24668461084365845,0.0,0.0
3735,933.5,45.51530456542969,47.773521423339844,127.0405044555664,109.93260192871094,112.67652130126953,0.00029664800968021154,0.05605868622660637,21.018539428710938,0.7106378078460693,-0.21946705877780914,0.0,0.0
3736,933.75,46.22771453857422,48.08038330078125,128.08236694335938,109.92642974853516,113.71456146240234,0.0002891399199143052,0.05604226887226105,21.018543243408203,0.7006288170814514,-0.30160170793533325,0.0,0.0
3737,934,45.881690979003906,48.284427642822266,127.67554473876953,109.93744659423828,113.87998962402344,0.00027595669962465763,0.05602749437093735,21.01854705810547,0.7106378078460693,-0.3136507570743561,0.0,0.0
3738,934.25,46.157894134521484,47.42103576660156,126.96952056884766,109.93744659423828,112.56639862060547,0.0002640917955432087,0.05601419508457184,21.018550872802734,0.720646858215332,-0.21036989986896515,0.0,0.0
3739,934.5,45.67227554321289,47.75244140625,129.8829345703125,109.93965148925781,113.36739349365234,0.0002534133964218199,0.055987730622291565,21.0185546875,0.7006288170814514,-0.2733120322227478,0.0,0.0
3740,934.75,46.09020233154297,47.72532653808594,126.50468444824219,109.94449615478516,113.34171295166016,0.00024380283139180392,0.0559639111161232,21.018558502197266,0.7106378078460693,-0.27090275287628174,0.0,0.0
3741,935,45.752220153808594,47.64115524291992,129.30743408203125,109.94141387939453,113.0577621459961,0.00023515331849921495,0.05594247579574585,21.0185604095459,0.7006288170814514,-0.24882271885871887,0.0,0.0
3742,935.25,45.92461395263672,47.9584846496582,129.4074249267578,109.94449615478516,112.92591094970703,0.00022608369181398302,0.055923182517290115,21.01856231689453,0.7006288170814514,-0.23818522691726685,0.0,0.0
3743,935.5,46.39441680908203,47.76995849609375,126.78938293457031,109.96477508544922,114.28246307373047,0.0002179210277972743,0.0559203177690506,21.018564224243164,0.7006288170814514,-0.34284380078315735,0.0,0.0
3744,935.75,45.94296646118164,47.72200393676758,135.17015075683594,109.9484634399414,112.97578430175781,0.00021057462436147034,0.055917736142873764,21.018566131591797,0.7006288170814514,-0.2417948991060257,0.0,0.0
3745,936,46.31035232543945,47.42667007446289,133.15892028808594,109.95198822021484,112.19651794433594,0.00020396285981405526,0.05591541528701782,21.01856803894043,0.6906198859214783,-0.17989355325698853,0.0,0.0
3746,936.25,45.91108703613281,47.66794967651367,129.7379150390625,109.95066833496094,112.87948608398438,0.00019801227608695626,0.055913325399160385,21.018569946289062,0.7106378078460693,-0.23402521014213562,0.0,0.0
3747,936.5,46.084571838378906,47.30927658081055,132.77957153320312,109.96917724609375,113.41134643554688,0.00019265674927737564,0.05591144412755966,21.018571853637695,0.7106378078460693,-0.2743719220161438,0.0,0.0
3748,936.75,46.08601760864258,47.87522888183594,126.30852508544922,109.95198822021484,113.41727447509766,0.0001955477928277105,0.05590975284576416,21.018573760986328,0.7106378078460693,-0.27622881531715393,0.0,0.0
3749,937,46.03385925292969,48.05720138549805,128.744140625,109.96874237060547,112.83751678466797,0.00019814973347820342,0.05590822920203209,21.01857566833496,0.7106378078460693,-0.22925132513046265,0.0,0.0
3750,937.25,45.792144775390625,47.79509735107422,128.14495849609375,109.97887420654297,112.74813079833984,0.0002004914713324979,0.055906858295202255,21.01857566833496,0.7106378078460693,-0.2213767021894455,0.0,0.0
3751,937.5,45.889678955078125,47.733985900878906,129.02197265625,109.9652099609375,112.43504333496094,0.0002025990397669375,0.055905625224113464,21.01857566833496,0.7006288170814514,-0.19772836565971375,0.0,0.0
3752,937.75,45.96129608154297,47.88103485107422,129.73944091796875,109.96080780029297,112.73578643798828,0.0002134960814146325,0.05591176450252533,21.01857566833496,0.7006288170814514,-0.22186410427093506,0.0,0.0
3753,938,45.84169006347656,48.15260314941406,128.47622680664062,109.95948028564453,112.87652587890625,0.00022330341744236648,0.05591728910803795,21.01857566833496,0.7106378078460693,-0.23307795822620392,0.0,0.0
3754,938.25,45.96735382080078,48.137420654296875,132.12620544433594,109.97358703613281,113.18912506103516,0.00023213002714328468,0.0559222586452961,21.01857566833496,0.7006288170814514,-0.25655508041381836,0.0,0.0
3755,938.5,45.72571563720703,47.82658004760742,131.13853454589844,109.97799682617188,113.35011291503906,0.00024007397587411106,0.05592673271894455,21.01857566833496,0.7006288170814514,-0.2688506543636322,0.0,0.0
3756,938.75,46.002262115478516,48.03451919555664,127.61448669433594,109.96917724609375,112.93875122070312,0.00025558442575857043,0.05593075975775719,21.01857566833496,0.7106378078460693,-0.23719939589500427,0.0,0.0
3757,939,45.916778564453125,47.95952606201172,130.56683349609375,109.97138214111328,113.17826080322266,0.0002695438452064991,0.05592713505029678,21.01857566833496,0.6906198859214783,-0.2558790445327759,0.0,0.0
3758,939.25,46.02790832519531,47.92385482788086,131.3736114501953,109.98328399658203,113.2725830078125,0.000282107328530401,0.05592387169599533,21.01857566833496,0.7106378078460693,-0.26233160495758057,0.0,0.0
3759,939.5,45.677425384521484,48.13387680053711,130.93016052246094,109.97666931152344,113.06221008300781,0.0002934144577011466,0.05592093616724014,21.01857566833496,0.7106378078460693,-0.24631856381893158,0.0,0.0
3760,939.75,45.80820083618164,48.01704406738281,129.9691925048828,109.9722671508789,112.8039321899414,0.00030359087395481765,0.05591829493641853,21.01857566833496,0.7006288170814514,-0.2263161689043045,0.0,0.0
3761,940,45.98571014404297,48.02835464477539,128.1083221435547,109.97799682617188,112.53479766845703,0.00031274964567273855,0.055915918201208115,21.01857566833496,0.7106378078460693,-0.2045878916978836,0.0,0.0
3762,940.25,45.91954040527344,47.6245231628418,130.3973846435547,109.98636627197266,113.36986541748047,0.0003325753496028483,0.05590653046965599,21.01857566833496,0.7006288170814514,-0.269724041223526,0.0,0.0
3763,940.5,46.07500457763672,48.086448669433594,129.3349151611328,109.97887420654297,112.99751281738281,0.00035041850060224533,0.05589808151125908,21.01857566833496,0.6906198859214783,-0.24104470014572144,0.0,0.0
3764,940.75,45.85752487182617,48.13146209716797,130.9324493408203,109.96829986572266,113.04985809326172,0.0003664773248601705,0.05589047819375992,21.018556594848633,0.7106378078460693,-0.24602346122264862,0.0,0.0
3765,941,45.76609802246094,48.07724380493164,130.338623046875,109.98680877685547,112.3822021484375,0.00038093028706498444,0.055883634835481644,21.018539428710938,0.7106378078460693,-0.19179518520832062,0.0,0.0
3766,941.25,46.160404205322266,47.87539291381836,129.58602905273438,109.98636627197266,112.10812377929688,0.000393937953049317,0.0558919720351696,21.018524169921875,0.7106378078460693,-0.17009411752223969,0.0,0.0
3767,941.5,45.82369613647461,48.07843017578125,130.68360900878906,109.99077606201172,112.92245483398438,0.0004075763572473079,0.055899474769830704,21.018508911132812,0.73065584897995,-0.23416627943515778,0.0,0.0
3768,941.75,46.066978454589844,47.93622589111328,130.31724548339844,109.97799682617188,112.50664520263672,0.0004198509268462658,0.055906228721141815,21.018495559692383,0.720646858215332,-0.20236051082611084,0.0,0.0
3769,942,45.897647857666016,47.773067474365234,128.93800354003906,109.97887420654297,113.46369171142578,0.00043089804239571095,0.05591230466961861,21.018484115600586,0.7106378078460693,-0.2776952087879181,0.0,0.0
3770,942.25,46.24378204345703,48.001708984375,126.76419830322266,109.99341583251953,113.4251708984375,0.0004408404347486794,0.05591777339577675,21.01847267150879,0.7106378078460693,-0.2734953463077545,0.0,0.0
3771,942.5,45.91796112060547,48.159217834472656,129.1952362060547,110.01016235351562,112.79356384277344,0.0004459264746401459,0.05592269450426102,21.018463134765625,0.6906198859214783,-0.2224309742450714,0.0,0.0
3772,942.75,46.210960388183594,48.39844512939453,129.1257781982422,109.98152160644531,112.63751220703125,0.000450503925094381,0.05591987818479538,21.018455505371094,0.7006288170814514,-0.21242377161979675,0.0,0.0
3773,943,45.599632263183594,48.13469696044922,131.2797393798828,109.98857116699219,113.10023498535156,0.00045462363050319254,0.05591734126210213,21.018447875976562,0.6906198859214783,-0.24834856390953064,0.0,0.0
3774,943.25,46.08591079711914,47.983272552490234,130.0264434814453,109.9991455078125,113.3357925415039,0.00045833137119188905,0.05591505765914917,21.01844024658203,0.7006288170814514,-0.2660139501094818,0.0,0.0
3775,943.5,45.57977294921875,48.01860046386719,129.03036499023438,109.99606323242188,113.36591339111328,0.00046166832908056676,0.05591300502419472,21.018434524536133,0.720646858215332,-0.26862919330596924,0.0,0.0
3776,943.75,46.01190185546875,48.00715255737305,127.44427490234375,109.989013671875,113.28788757324219,0.00046467158244922757,0.05591115728020668,21.018428802490234,0.7006288170814514,-0.2630704641342163,0.0,0.0
3777,944,45.94566345214844,47.56321334838867,129.83714294433594,109.99958801269531,112.22664642333984,0.00045450631296262145,0.05590224638581276,21.018423080444336,0.7006288170814514,-0.1784307062625885,0.0,0.0
3778,944.25,46.08614730834961,47.89759063720703,130.435546875,110.007080078125,113.11405944824219,0.00044535755296237767,0.05589422583580017,21.01841926574707,0.6906198859214783,-0.24793881177902222,0.0,0.0
3779,944.5,45.57465744018555,47.8950080871582,128.14877319335938,110.00972747802734,112.95159149169922,0.0004371236718725413,0.05588700622320175,21.018415451049805,0.6906198859214783,-0.23492950201034546,0.0,0.0
3780,944.75,46.00514221191406,47.98408508300781,128.23426818847656,110.00179290771484,112.34417724609375,0.00042971319635398686,0.055880509316921234,21.01841163635254,0.7006288170814514,-0.18757008016109467,0.0,0.0
3781,945,46.05387878417969,48.38376235961914,131.6041259765625,110.0057601928711,112.88986206054688,0.00041725594201125205,0.05589640513062477,21.018407821655273,0.720646858215332,-0.23038382828235626,0.0,0.0
3782,945.25,45.855621337890625,48.0362548828125,129.99896240234375,110.01236724853516,113.27751922607422,0.0004060444189235568,0.055910710245370865,21.018404006958008,0.7106378078460693,-0.26036617159843445,0.0,0.0
3783,945.5,45.742828369140625,47.88509750366211,129.72341918945312,110.00311279296875,113.07801055908203,0.00039595403359271586,0.05592358484864235,21.018402099609375,0.7106378078460693,-0.24542236328125,0.0,0.0
3784,945.75,45.961063385009766,47.80971908569336,131.89569091796875,110.01060485839844,113.34912109375,0.00038687270716764033,0.055935174226760864,21.018400192260742,0.7106378078460693,-0.2661336362361908,0.0,0.0
3785,946,45.91118240356445,48.084266662597656,126.17952728271484,110.0163345336914,113.41529846191406,0.00037869950756430626,0.05594560503959656,21.01839828491211,0.7006288170814514,-0.2708655595779419,0.0,0.0
3786,946.25,46.11281204223633,47.5641975402832,130.42791748046875,110.01853942871094,112.5234375,0.00037138990592211485,0.055947743356227875,21.018396377563477,0.7006288170814514,-0.20040826499462128,0.0,0.0
3787,946.5,45.947505950927734,47.735389709472656,131.52474975585938,110.01193237304688,113.08887481689453,0.00036481127608567476,0.05594966933131218,21.018394470214844,0.7006288170814514,-0.24556419253349304,0.0,0.0
3788,946.75,45.798641204833984,47.88898468017578,127.9320068359375,110.0057601928711,112.9254150390625,0.0003588905092328787,0.055951401591300964,21.01839256286621,0.7006288170814514,-0.23318690061569214,0.0,0.0
3789,947,46.07984924316406,47.64387130737305,129.5493927001953,110.01545715332031,113.84591674804688,0.00035356180160306394,0.05595296248793602,21.018390655517578,0.7006288170814514,-0.30467212200164795,0.0,0.0
3790,947.25,45.81674575805664,47.72928237915039,130.36074829101562,110.0163345336914,113.07899475097656,0.00034876595600508153,0.05595436692237854,21.018388748168945,0.7106378078460693,-0.24442975223064423,0.0,0.0
3791,947.5,46.028316497802734,47.49459457397461,131.6796875,110.00928497314453,112.5362777709961,0.00034444971242919564,0.05595562979578972,21.018386840820312,0.7006288170814514,-0.20217271149158478,0.0,0.0
3792,947.75,45.99312973022461,47.89059829711914,131.0706024169922,110.01325225830078,112.3259048461914,0.0003405650786589831,0.05595676600933075,21.018299102783203,0.7006288170814514,-0.1851946860551834,0.0,0.0
3793,948,45.91014862060547,47.33949279785156,131.1591339111328,110.0158920288086,113.12393951416016,0.00033706892281770706,0.05595779046416283,21.018220901489258,0.7106378078460693,-0.24800319969654083,0.0,0.0
3794,948.25,46.0244140625,47.90704345703125,126.28028106689453,110.01677703857422,113.79752349853516,0.00033392239129170775,0.05595871061086655,21.018150329589844,0.7106378078460693,-0.30078062415122986,0.0,0.0
3795,948.5,45.380611419677734,48.09968948364258,126.73824310302734,110.01721954345703,113.04146575927734,0.0003310905012767762,0.055959541350603104,21.018085479736328,0.720646858215332,-0.24140344560146332,0.0,0.0
3796,948.75,45.44913864135742,47.89263153076172,133.93516540527344,110.02515411376953,113.6291275024414,0.00032854179153218865,0.0559675358235836,21.018028259277344,0.7106378078460693,-0.28692007064819336,0.0,0.0
3797,949,45.883296966552734,47.79425811767578,130.68284606933594,110.01766204833984,113.06171417236328,0.0003262479731347412,0.05597472935914993,21.017976760864258,0.7006288170814514,-0.24296227097511292,0.0,0.0
3798,949.25,46.07242965698242,47.46753692626953,131.0896759033203,110.02515411376953,112.71356201171875,0.0003261126112192869,0.05598120391368866,21.01793098449707,0.7006288170814514,-0.21490153670310974,0.0,0.0
3799,949.5,46.08543395996094,47.90572738647461,126.64894104003906,110.01942443847656,112.79158782958984,0.00032599078258499503,0.055987030267715454,21.01788902282715,0.7006288170814514,-0.2215251922607422,0.0,0.0
3800,949.75,45.672271728515625,47.82353973388672,129.38223266601562,110.02162170410156,113.18467712402344,0.0003258811484556645,0.05599227547645569,21.017850875854492,0.6906198859214783,-0.25231823325157166,0.0,0.0
3801,950,45.72825241088867,48.24234390258789,130.07070922851562,110.03087615966797,113.370849609375,0.00032578245736658573,0.056011080741882324,21.0178165435791,0.6906198859214783,-0.26619982719421387,0.0,0.0
3802,950.25,46.16415786743164,47.79914474487305,129.25247192382812,110.0317611694336,113.17430877685547,0.0003256936324760318,0.056028008460998535,21.017786026000977,0.6906198859214783,-0.25068190693855286,0.0,0.0
3803,950.5,45.979488372802734,47.86359786987305,130.3599853515625,110.03352355957031,113.35406494140625,0.0003256137133575976,0.056043241173028946,21.017759323120117,0.7006288170814514,-0.2646675109863281,0.0,0.0
3804,950.75,45.68507766723633,47.9903678894043,129.48680114746094,110.02074432373047,112.83504486083984,0.00032554176868870854,0.056056950241327286,21.01773452758789,0.7006288170814514,-0.22484785318374634,0.0,0.0
3805,951,45.892276763916016,47.76466751098633,129.56541442871094,110.03131866455078,113.0775146484375,0.00032676293631084263,0.056054793298244476,21.017711639404297,0.7006288170814514,-0.2431013137102127,0.0,0.0
3806,951.25,45.70764923095703,47.91069793701172,126.5428466796875,110.04277801513672,113.0143051147461,0.00032786198426038027,0.05605285242199898,21.017690658569336,0.7006288170814514,-0.2371966689825058,0.0,0.0
3807,951.5,45.91476821899414,48.09965133666992,133.2367706298828,110.0401382446289,113.11751556396484,0.0003288511361461133,0.056051105260849,21.01767349243164,0.7006288170814514,-0.24553582072257996,0.0,0.0
3808,951.75,45.9650764465332,47.662540435791016,131.39804077148438,110.0242691040039,112.9906005859375,0.00032974136411212385,0.05604953318834305,21.017656326293945,0.7106378078460693,-0.23682665824890137,0.0,0.0
3809,952,45.66058349609375,47.789608001708984,126.16197204589844,110.0396957397461,112.54566192626953,0.0003292566689196974,0.056040868163108826,21.017641067504883,0.7106378078460693,-0.20045439898967743,0.0,0.0
3810,952.25,45.96611022949219,47.69322204589844,126.6298599243164,110.04542541503906,113.34468078613281,0.0003288204316049814,0.056033071130514145,21.017627716064453,0.7106378078460693,-0.2629677355289459,0.0,0.0
3811,952.5,45.32813262939453,47.9836540222168,131.54534912109375,110.03440856933594,113.80393981933594,0.0003284278209321201,0.05602605268359184,21.017616271972656,0.7106378078460693,-0.29985588788986206,0.0,0.0
3812,952.75,45.91291809082031,47.726043701171875,129.88369750976562,110.03396606445312,113.24986267089844,0.0003280744713265449,0.05601973831653595,21.01760482788086,0.7106378078460693,-0.2564447820186615,0.0,0.0
3813,953,45.753910064697266,48.08423614501953,132.3216094970703,110.04498291015625,112.46417999267578,0.00033547438215464354,0.0560140535235405,21.017595291137695,0.7106378078460693,-0.19357959926128387,0.0,0.0
3814,953.25,46.10124969482422,47.603004455566406,130.00430297851562,110.05644226074219,113.01628112792969,0.0003421342989895493,0.056023433804512024,21.017587661743164,0.7006288170814514,-0.23624691367149353,0.0,0.0
3815,953.5,46.032981872558594,47.490360260009766,131.32171630859375,110.03925323486328,113.1120834350586,0.00034812820376828313,0.05603187531232834,21.017580032348633,0.7006288170814514,-0.24518020451068878,0.0,0.0
3816,953.75,46.04811477661133,47.496578216552734,126.9015884399414,110.03396606445312,114.00147247314453,0.000353522744262591,0.0560394749045372,21.0175724029541,0.6906198859214783,-0.31533005833625793,0.0,0.0
3817,954,45.75774383544922,47.29838943481445,131.65908813476562,110.04498291015625,113.0794906616211,0.00037317961687222123,0.05604631453752518,21.017566680908203,0.6806108951568604,-0.24215145409107208,0.0,0.0
3818,954.25,45.805049896240234,47.412357330322266,129.8707275390625,110.04630279541016,112.63652801513672,0.00039087081677280366,0.056052468717098236,21.017560958862305,0.6806108951568604,-0.20710422098636627,0.0,0.0
3819,954.5,46.09032440185547,47.86467361450195,124.2934799194336,110.05158996582031,113.03652954101562,0.0004067928821314126,0.05605075880885124,21.017555236816406,0.6806108951568604,-0.238234281539917,0.0,0.0
3820,954.75,45.877410888671875,47.96309280395508,130.22030639648438,110.04322052001953,113.34764099121094,0.0004211227351333946,0.05604922026395798,21.01755142211914,0.6906198859214783,-0.26337870955467224,0.0,0.0
3821,955,45.70039749145508,48.109310150146484,131.117919921875,110.0498275756836,113.59554290771484,0.0004526990815065801,0.05604783818125725,21.017314910888672,0.6906198859214783,-0.28229251503944397,0.0,0.0
3822,955.25,45.62471389770508,47.7301139831543,129.32192993164062,110.05467987060547,112.65232849121094,0.0004811178077943623,0.05604659393429756,21.017101287841797,0.6906198859214783,-0.20767559111118317,0.0,0.0
3823,955.5,45.930397033691406,47.93753433227539,127.64730834960938,110.03881072998047,112.48590850830078,0.0005066946614533663,0.05605271831154823,21.016908645629883,0.6906198859214783,-0.19579829275608063,0.0,0.0
3824,955.75,45.85109329223633,47.53093719482422,131.2278289794922,110.06128692626953,113.00739288330078,0.0005297138122841716,0.05605823174118996,21.016735076904297,0.6906198859214783,-0.23515450954437256,0.0,0.0
3825,956,45.84920883178711,48.213443756103516,130.19435119628906,110.0489501953125,113.61233520507812,0.0005504310829564929,0.05606319382786751,21.01658058166504,0.6906198859214783,-0.28367936611175537,0.0,0.0
3826,956.25,45.87411117553711,47.94210433959961,132.21932983398438,110.0498275756836,113.04788970947266,0.0005884191486984491,0.056067660450935364,21.016441345214844,0.7006288170814514,-0.23927146196365356,0.0,0.0
3827,956.5,45.68758010864258,47.727691650390625,129.81195068359375,110.04939270019531,113.2508544921875,0.0006226084078662097,0.056071680039167404,21.016315460205078,0.7006288170814514,-0.25527453422546387,0.0,0.0
3828,956.75,46.0969352722168,47.9512939453125,137.7477264404297,110.04542541503906,112.89875030517578,0.000653378723654896,0.05607529729604721,21.016202926635742,0.6906198859214783,-0.22787563502788544,0.0,0.0
3829,957,45.78717041015625,47.794437408447266,128.7212371826172,110.05512237548828,112.89381408691406,0.0006810720078647137,0.056078553199768066,21.01609992980957,0.7106378078460693,-0.22670206427574158,0.0,0.0
3830,957.25,45.46399688720703,48.092472076416016,128.82733154296875,110.05599975585938,113.24640655517578,0.0007059960043989122,0.056081485003232956,21.016008377075195,0.73065584897995,-0.25439056754112244,0.0,0.0
3831,957.5,45.935333251953125,48.11722946166992,130.19664001464844,110.06040954589844,112.77183532714844,0.000728427607100457,0.056091371923685074,21.015926361083984,0.720646858215332,-0.21665038168430328,0.0,0.0
3832,957.75,45.33287048339844,47.515769958496094,130.50271606445312,110.05379486083984,112.63899230957031,0.0007479257183149457,0.0561002679169178,21.015851974487305,0.7006288170814514,-0.2066931277513504,0.0,0.0
3833,958,45.890193939208984,48.22765350341797,131.52780151367188,110.06393432617188,113.26319885253906,0.000765474047511816,0.056108277291059494,21.015871047973633,0.7006288170814514,-0.25506865978240967,0.0,0.0
3834,958.25,45.66963577270508,47.88753128051758,128.5014190673828,110.05335998535156,112.66171264648438,0.0007812675321474671,0.05611548572778702,21.015888214111328,0.7106378078460693,-0.2085234373807907,0.0,0.0
3835,958.5,46.07794952392578,47.85968017578125,126.6756591796875,110.04806518554688,113.44541931152344,0.0007954816683195531,0.05612922087311745,21.01590347290039,0.7006288170814514,-0.2706626355648041,0.0,0.0
3836,958.75,45.93162536621094,47.77138137817383,131.23316955566406,110.05423736572266,113.4987564086914,0.0007915098685771227,0.056141581386327744,21.01591682434082,0.7006288170814514,-0.27434784173965454,0.0,0.0
3837,959,45.83102035522461,47.50344467163086,131.063720703125,110.05996704101562,113.56196594238281,0.0007915098685771227,0.05615270882844925,21.01591682434082,0.6906198859214783,-0.27884048223495483,0.0,0.0
3838,959.25,46.06776428222656,47.96807098388672,124.37590789794922,110.06217193603516,113.91060638427734,0.0007879352779127657,0.056162722408771515,21.01593017578125,0.7106378078460693,-0.3059499263763428,0.0,0.0
3839,959.5,45.97267150878906,47.5753288269043,131.47894287109375,110.07406616210938,113.63406372070312,0.0007847181404940784,0.056171733886003494,21.015941619873047,0.7006288170814514,-0.2833501696586609,0.0,0.0
3840,959.75,46.059051513671875,47.63047790527344,128.6456756591797,110.04674530029297,113.02714538574219,0.0007818227168172598,0.056179843842983246,21.01595115661621,0.7106378078460693,-0.23788712918758392,0.0,0.0
3841,960,45.8543586730957,48.055667877197266,130.75306701660156,110.05599975585938,112.84838104248047,0.0007792168180458248,0.05619480460882187,21.015960693359375,0.6906198859214783,-0.22304736077785492,0.0,0.0
3842,960.25,46.056976318359375,48.06102752685547,127.88162994384766,110.06261444091797,113.83061218261719,0.0007581898244097829,0.05620826780796051,21.015968322753906,0.7006288170814514,-0.29966047406196594,0.0,0.0
3843,960.5,46.11664581298828,48.129459381103516,128.1495361328125,110.05512237548828,112.35899353027344,0.00073926558252424,0.05622038617730141,21.015975952148438,0.6906198859214783,-0.18442921340465546,0.0,0.0
3844,960.75,45.7977180480957,47.615447998046875,132.4597625732422,110.05555725097656,113.38319396972656,0.0007222337299026549,0.0562312938272953,21.01598358154297,0.6906198859214783,-0.2651726007461548,0.0,0.0
3845,961,45.356937408447266,48.47012710571289,127.48320007324219,110.05952453613281,112.64541625976562,0.0007069050916470587,0.05624110996723175,21.015989303588867,0.7006288170814514,-0.20673711597919464,0.0,0.0
3846,961.25,45.81680679321289,48.089332580566406,127.46946716308594,110.05158996582031,113.18270111083984,0.0006840973510406911,0.0562426932156086,21.015995025634766,0.7106378078460693,-0.24973835051059723,0.0,0.0
3847,961.5,46.17219924926758,47.53611373901367,130.3134307861328,110.04409790039062,113.06961822509766,0.0006635703612118959,0.05624411627650261,21.016000747680664,0.7006288170814514,-0.2414454072713852,0.0,0.0
3848,961.75,45.84926986694336,47.182289123535156,131.1011199951172,110.05644226074219,113.20245361328125,0.0006450961227528751,0.05624539777636528,21.01600456237793,0.7006288170814514,-0.25089913606643677,0.0,0.0
3849,962,46.15499496459961,47.677459716796875,130.34701538085938,110.06128692626953,113.00689697265625,0.0006271820748224854,0.05624539777636528,21.016008377075195,0.7106378078460693,-0.23511582612991333,0.0,0.0
3850,962.25,45.68757247924805,47.98983383178711,129.05172729492188,110.06437683105469,112.96492004394531,0.0006110594258643687,0.0562465526163578,21.01601219177246,0.7106378078460693,-0.2315584272146225,0.0,0.0
3851,962.5,45.497066497802734,48.116737365722656,132.35060119628906,110.0502700805664,112.94615936279297,0.0005965490126982331,0.056247591972351074,21.016016006469727,0.7106378078460693,-0.2312207818031311,0.0,0.0
3852,962.75,46.2816276550293,47.67500686645508,127.55036926269531,110.05731964111328,112.34812927246094,0.0005834896583110094,0.056234028190374374,21.016019821166992,0.73065584897995,-0.18339082598686218,0.0,0.0
3853,963,45.89421081542969,47.827369689941406,129.22193908691406,110.074951171875,111.90120697021484,0.0005717362510040402,0.056221820414066315,21.016021728515625,0.720646858215332,-0.14648166298866272,0.0,0.0
3854,963.25,45.955989837646484,47.72163772583008,129.10440063476562,110.06304931640625,113.09776306152344,0.0005611581727862358,0.05621083453297615,21.016023635864258,0.720646858215332,-0.24212799966335297,0.0,0.0
3855,963.5,46.08429718017578,47.44087219238281,128.03733825683594,110.06217193603516,113.4770278930664,0.0005522813298739493,0.05620094761252403,21.01602554321289,0.7106378078460693,-0.2720017433166504,0.0,0.0
3856,963.75,46.10690689086914,47.45453643798828,128.93495178222656,110.05291748046875,113.19850158691406,0.0005442921537905931,0.0561847984790802,21.016159057617188,0.7106378078460693,-0.25087347626686096,0.0,0.0
3857,964,45.6881217956543,47.90144348144531,127.294677734375,110.07406616210938,113.00096893310547,0.0005371018778532743,0.0561702661216259,21.016279220581055,0.7106378078460693,-0.23361501097679138,0.0,0.0
3858,964.25,45.71040344238281,47.9327392578125,129.54405212402344,110.05115509033203,113.0533218383789,0.0005306306411512196,0.056157186627388,21.016387939453125,0.7006288170814514,-0.23959141969680786,0.0,0.0
3859,964.5,46.033138275146484,47.89206314086914,130.4324951171875,110.04674530029297,112.75652313232422,0.0005248065572232008,0.05614541471004486,21.0164852142334,0.7106378078460693,-0.21654707193374634,0.0,0.0
3860,964.75,45.58941650390625,48.016387939453125,128.4273681640625,110.05599975585938,113.10665130615234,0.0005195648409426212,0.05611307546496391,21.016572952270508,0.720646858215332,-0.24339796602725983,0.0,0.0
3861,965,46.2974853515625,47.76053237915039,132.84674072265625,110.05731964111328,112.78862762451172,0.0005232156254351139,0.05608397349715233,21.016651153564453,0.7106378078460693,-0.2182260900735855,0.0,0.0
3862,965.25,46.066741943359375,47.804134368896484,129.25933837890625,110.05379486083984,113.92295837402344,0.0005265013314783573,0.05605778098106384,21.016721725463867,0.7106378078460693,-0.30759260058403015,0.0,0.0
3863,965.5,46.0592155456543,47.47954559326172,128.9998321533203,110.0502700805664,113.4794921875,0.0005294584552757442,0.056034207344055176,21.01678466796875,0.7106378078460693,-0.2731577754020691,0.0,0.0
3864,965.75,46.00807189941406,47.94841766357422,130.83016967773438,110.05908203125,112.9599838256836,0.0005321198259480298,0.056012991815805435,21.016841888427734,0.7106378078460693,-0.2315976321697235,0.0,0.0
3865,966,45.68571090698242,48.022132873535156,131.29957580566406,110.06657409667969,113.13085174560547,0.0005396662163548172,0.05599389597773552,21.01689338684082,0.7006288170814514,-0.24444718658924103,0.0,0.0
3866,966.25,45.677635192871094,47.668785095214844,132.23306274414062,110.06349182128906,112.51109313964844,0.0005464579444378614,0.055976711213588715,21.016939163208008,0.7006288170814514,-0.19579502940177917,0.0,0.0
3867,966.5,46.14091873168945,48.094482421875,128.45179748535156,110.05379486083984,113.42912292480469,0.0005525705055333674,0.0559612438082695,21.01698112487793,0.7106378078460693,-0.26892009377479553,0.0,0.0
3868,966.75,45.67115783691406,47.83281326293945,131.60946655273438,110.06217193603516,113.88196563720703,0.000558071827981621,0.05594732239842415,21.01725196838379,0.7106378078460693,-0.30371132493019104,0.0,0.0
3869,967,45.81529235839844,47.70415115356445,131.26828002929688,110.06922149658203,113.72740173339844,0.0005630230298265815,0.05593479424715042,21.01749610900879,0.7006288170814514,-0.2910511791706085,0.0,0.0
3870,967.25,45.77383041381836,47.97238540649414,130.59812927246094,110.05599975585938,112.88739013671875,0.0005707451491616666,0.05592351779341698,21.017715454101562,0.7006288170814514,-0.2261245846748352,0.0,0.0
3871,967.5,45.73351287841797,47.871395111083984,127.7060775756836,110.07142639160156,113.18122100830078,0.0005776950856670737,0.055942364037036896,21.017913818359375,0.7006288170814514,-0.24801737070083618,0.0,0.0
3872,967.75,46.081295013427734,48.20235061645508,132.54981994628906,110.05555725097656,112.87059783935547,0.000583950022701174,0.05595932528376579,21.018091201782227,0.7106378078460693,-0.22483588755130768,0.0,0.0
3873,968,46.18271255493164,48.01917266845703,131.546875,110.06657409667969,112.75010681152344,0.0005895794602110982,0.05597458779811859,21.018251419067383,0.7006288170814514,-0.2144368290901184,0.0,0.0
3874,968.25,45.49408721923828,48.0263557434082,132.4689178466797,110.0656967163086,112.74467468261719,0.0005946459714323282,0.05598832666873932,21.018396377563477,0.7006288170814514,-0.2140786200761795,0.0,0.0
3875,968.5,46.05503845214844,47.78207015991211,127.7381362915039,110.05203247070312,113.32443237304688,0.0005979174748063087,0.056000690907239914,21.018526077270508,0.7006288170814514,-0.26084259152412415,0.0,0.0
3876,968.75,45.822784423828125,47.77383041381836,127.44122314453125,110.06040954589844,112.85381317138672,0.0006008618511259556,0.056026313453912735,21.01832389831543,0.7006288170814514,-0.22311918437480927,0.0,0.0
3877,969,46.00077438354492,47.72788619995117,134.0008087158203,110.06304931640625,112.90714263916016,0.0006035118130967021,0.05604937672615051,21.01814079284668,0.7006288170814514,-0.22711138427257538,0.0,0.0
3878,969.25,45.874568939208984,47.840370178222656,130.87290954589844,110.0656967163086,113.48542022705078,0.0006058967555873096,0.05607013404369354,21.017976760864258,0.6806108951568604,-0.27237486839294434,0.0,0.0
3879,969.5,45.98833465576172,47.87694549560547,128.94410705566406,110.05996704101562,113.19406127929688,0.0006016040570102632,0.05608881264925003,21.0178279876709,0.7106378078460693,-0.24995388090610504,0.0,0.0
3880,969.75,45.614742279052734,47.607547760009766,132.29718017578125,110.05731964111328,112.47998046875,0.0005977405817247927,0.05610562488436699,21.017927169799805,0.7006288170814514,-0.19383229315280914,0.0,0.0
3881,970,45.91687774658203,47.6514778137207,129.6249542236328,110.06172943115234,113.25825500488281,0.0005942634888924658,0.0561058484017849,21.018016815185547,0.7006288170814514,-0.25485846400260925,0.0,0.0
3882,970.25,46.10533142089844,47.85154342651367,126.16426086425781,110.0502700805664,112.62171173095703,0.0005911340704187751,0.056106049567461014,21.018096923828125,0.7006288170814514,-0.20561249554157257,0.0,0.0
3883,970.5,45.89244079589844,47.44780349731445,133.255859375,110.05467987060547,113.22615814208984,0.000577375350985676,0.05610622838139534,21.018169403076172,0.7006288170814514,-0.25290560722351074,0.0,0.0
3884,970.75,45.553653717041016,48.097713470458984,128.86167907714844,110.06790161132812,113.07455444335938,0.0005649925442412496,0.05610639229416847,21.018234252929688,0.7006288170814514,-0.23990865051746368,0.0,0.0
3885,971,45.81330490112305,48.168758392333984,129.69822692871094,110.06217193603516,114.130859375,0.0005538479890674353,0.05610653758049011,21.018293380737305,0.7006288170814514,-0.3231457471847534,0.0,0.0
3886,971.25,45.50244140625,47.92066955566406,129.8936309814453,110.06217193603516,113.6962890625,0.0005438178777694702,0.05612116679549217,21.018346786499023,0.720646858215332,-0.28918519616127014,0.0,0.0
3887,971.5,45.88924789428711,47.447532653808594,132.49029541015625,110.05423736572266,114.05776977539062,0.000534790800884366,0.056134335696697235,21.018394470214844,0.73065584897995,-0.3180852234363556,0.0,0.0
3888,971.75,45.59431457519531,47.92793273925781,128.81283569335938,110.0656967163086,113.12837982177734,0.0005093000363558531,0.05614618584513664,21.0184383392334,0.7006288170814514,-0.24432338774204254,0.0,0.0
3889,972,45.47378921508789,47.64291763305664,129.97071838378906,110.06217193603516,113.30714416503906,0.00048635833081789315,0.05614960193634033,21.018476486206055,0.720646858215332,-0.25866445899009705,0.0,0.0
3890,972.25,45.82078170776367,47.76741027832031,131.528564453125,110.04718780517578,112.56146240234375,0.00046571079292334616,0.05615267530083656,21.018510818481445,0.720646858215332,-0.20109805464744568,0.0,0.0
3891,972.5,45.97845458984375,48.170719146728516,126.6031494140625,110.05467987060547,113.67208862304688,0.0004471279971767217,0.05615544319152832,21.01854133605957,0.73065584897995,-0.28789666295051575,0.0,0.0
3892,972.75,45.54767990112305,47.73324203491211,125.05522155761719,110.06085205078125,113.97135162353516,0.00042333302553743124,0.05615793168544769,21.018569946289062,0.73065584897995,-0.31080248951911926,0.0,0.0
3893,973,45.88514709472656,47.766475677490234,130.9759521484375,110.06304931640625,113.392578125,0.0004019175539724529,0.05613118037581444,21.01859474182129,0.73065584897995,-0.26530325412750244,0.0,0.0
3894,973.25,46.231964111328125,47.48762512207031,127.83507537841797,110.07186889648438,113.67900085449219,0.00038264362956397235,0.05610710382461548,21.018617630004883,0.720646858215332,-0.28704723715782166,0.0,0.0
3895,973.5,45.69779586791992,47.49790954589844,128.26556396484375,110.05291748046875,113.34122467041016,0.000365297106327489,0.056085433810949326,21.018638610839844,0.720646858215332,-0.2620900571346283,0.0,0.0
3896,973.75,45.59511184692383,47.857635498046875,128.66322326660156,110.05158996582031,113.10517120361328,0.0003496852295938879,0.05606593191623688,21.018657684326172,0.73065584897995,-0.24363844096660614,0.0,0.0
3897,974,46.004940032958984,47.832767486572266,130.83551025390625,110.0656967163086,113.4227066040039,0.00033242168137803674,0.056048378348350525,21.018674850463867,0.73065584897995,-0.2674540579319,0.0,0.0
3898,974.25,46.012454986572266,47.77210998535156,128.7181854248047,110.05512237548828,113.0755386352539,0.0003168844850733876,0.05604707822203636,21.01869010925293,0.7406647801399231,-0.2410196214914322,0.0,0.0
3899,974.5,45.181304931640625,47.50380325317383,131.17822265625,110.05599975585938,113.14319610595703,0.0003029010258615017,0.056045908480882645,21.01870346069336,0.720646858215332,-0.24627383053302765,0.0,0.0
3900,974.75,45.921016693115234,47.65711212158203,130.21420288085938,110.06085205078125,113.0251693725586,0.00029031591839157045,0.05604485422372818,21.018714904785156,0.720646858215332,-0.236590176820755,0.0,0.0
3901,975,45.989105224609375,47.9310302734375,128.83572387695312,110.05908203125,113.2710952758789,0.0002796317567117512,0.05604390799999237,21.018726348876953,0.720646858215332,-0.25608161091804504,0.0,0.0
3902,975.25,45.64239501953125,47.618919372558594,128.26937866210938,110.05599975585938,113.48739624023438,0.00027001602575182915,0.05604305490851402,21.018735885620117,0.720646858215332,-0.2733142375946045,0.0,0.0
3903,975.5,45.882102966308594,47.79160690307617,128.049560546875,110.05599975585938,113.27751922607422,0.0002613618562463671,0.05604953318834305,21.01874542236328,0.7006288170814514,-0.25683581829071045,0.0,0.0
3904,975.75,45.641510009765625,47.54690933227539,131.0988311767578,110.06040954589844,113.69085693359375,0.0002535731182433665,0.05605536699295044,21.018753051757812,0.7006288170814514,-0.2889029383659363,0.0,0.0
3905,976,45.630821228027344,47.8206901550293,130.21878051757812,110.06834411621094,113.80789184570312,0.000249776552664116,0.05606061592698097,21.018760681152344,0.7106378078460693,-0.2974201440811157,0.0,0.0
3906,976.25,46.129371643066406,47.84741973876953,131.0683135986328,110.0577621459961,113.75999450683594,0.00024635964655317366,0.05606533959507942,21.018766403198242,0.7106378078460693,-0.2945287823677063,0.0,0.0
3907,976.5,46.447731018066406,47.99207305908203,129.10821533203125,110.06481170654297,113.4380111694336,0.00024328443396370858,0.05605509504675865,21.01877212524414,0.7006288170814514,-0.26872652769088745,0.0,0.0
3908,976.75,45.90821075439453,47.70062255859375,128.33883666992188,110.07715606689453,113.5535659790039,0.00024051674699876457,0.05604587495326996,21.01877784729004,0.7006288170814514,-0.2767920196056366,0.0,0.0
3909,977,45.872047424316406,48.15336990356445,128.4311981201172,110.06834411621094,114.53974914550781,0.0002380258374614641,0.056037578731775284,21.018781661987305,0.7106378078460693,-0.3544823229312897,0.0,0.0
3910,977.25,46.20732879638672,47.79936599731445,129.3410186767578,110.05555725097656,114.17579650878906,0.00024349753221031278,0.05603010952472687,21.01878547668457,0.720646858215332,-0.3271852433681488,0.0,0.0
3911,977.5,46.33251190185547,47.620697021484375,126.72068786621094,110.05644226074219,113.761474609375,0.00024842206039465964,0.056045133620500565,21.018789291381836,0.73065584897995,-0.29475149512290955,0.0,0.0
3912,977.75,46.13028335571289,47.5090446472168,132.90628051757812,110.06349182128906,113.4794921875,0.00025285413721576333,0.05605865642428398,21.0187931060791,0.720646858215332,-0.2720881700515747,0.0,0.0
3913,978,46.13854217529297,47.62696075439453,129.16012573242188,110.06877899169922,112.52886962890625,0.0002568429918028414,0.056070826947689056,21.018796920776367,0.720646858215332,-0.19677358865737915,0.0,0.0
3914,978.25,46.32406234741211,47.7381706237793,130.6576690673828,110.05071258544922,113.21826171875,0.00026043297839351,0.056081779301166534,21.018798828125,0.720646858215332,-0.2526053488254547,0.0,0.0
3915,978.5,45.755638122558594,47.74533462524414,127.00615692138672,110.06393432617188,113.64097595214844,0.00026366396923549473,0.05609888583421707,21.018800735473633,0.6906198859214783,-0.2847108840942383,0.0,0.0
3916,978.75,46.346736907958984,47.46894073486328,128.9990692138672,110.06128692626953,113.13085174560547,0.00027171592228114605,0.056114282459020615,21.018802642822266,0.7006288170814514,-0.2448747754096985,0.0,0.0
3917,979,46.001705169677734,47.94512176513672,128.3487548828125,110.05731964111328,112.89825439453125,0.00027896268875338137,0.056128136813640594,21.0188045501709,0.6906198859214783,-0.22687403857707977,0.0,0.0
3918,979.25,46.173805236816406,47.62807083129883,130.4042510986328,110.056884765625,112.64590454101562,0.000285484769847244,0.056140609085559845,21.01880645751953,0.7006288170814514,-0.20698964595794678,0.0,0.0
3919,979.5,45.73265838623047,47.809757232666016,129.14637756347656,110.056884765625,112.2868881225586,0.0002913546341005713,0.0561373345553875,21.018808364868164,0.7106378078460693,-0.17857202887535095,0.0,0.0
3920,979.75,45.91521072387695,47.808345794677734,130.69964599609375,110.05952453613281,112.19059753417969,0.0002972809015773237,0.056134387850761414,21.018810272216797,0.7106378078460693,-0.17072154581546783,0.0,0.0
3921,980,45.761329650878906,47.67246627807617,128.0205535888672,110.0577621459961,112.75899505615234,0.0003026145277544856,0.05613173544406891,21.01881217956543,0.73065584897995,-0.21585120260715485,0.0,0.0
3922,980.25,45.751399993896484,47.535133361816406,130.96298217773438,110.05423736572266,113.31900024414062,0.00030741479713469744,0.056129347532987595,21.018814086914062,0.7106378078460693,-0.26023778319358826,0.0,0.0
3923,980.5,45.84640121459961,48.195831298828125,131.47207641601562,110.0476303100586,113.30517578125,0.0003117350279353559,0.05612719804048538,21.018815994262695,0.73065584897995,-0.2596859931945801,0.0,0.0
3924,980.75,46.11344528198242,47.835968017578125,129.30819702148438,110.06790161132812,112.93232727050781,0.0003169093397445977,0.05612526461482048,21.018815994262695,0.73065584897995,-0.22870472073554993,0.0,0.0
3925,981,45.707489013671875,47.84682846069336,131.5659637451172,110.07539367675781,113.32295227050781,0.0003215662145521492,0.05613802373409271,21.018815994262695,0.720646858215332,-0.2588370740413666,0.0,0.0
3926,981.25,46.06804656982422,47.82764434814453,131.117919921875,110.056884765625,112.65084838867188,0.0003257573989685625,0.05614950507879257,21.018815994262695,0.7106378078460693,-0.20738013088703156,0.0,0.0
3927,981.5,45.7989616394043,47.78116989135742,126.18334197998047,110.05115509033203,112.36540985107422,0.0003295294882263988,0.056159839034080505,21.018815994262695,0.7006288170814514,-0.1852586269378662,0.0,0.0
3928,981.75,45.77513122558594,48.02107238769531,128.85023498535156,110.05247497558594,113.91357421875,0.00033292436273768544,0.056169141083955765,21.018815994262695,0.7006288170814514,-0.3069664537906647,0.0,0.0
3929,982,45.328495025634766,48.15581130981445,128.95021057128906,110.05599975585938,112.84838104248047,0.00033597974106669426,0.05617751181125641,21.018815994262695,0.7006288170814514,-0.22304736077785492,0.0,0.0
3930,982.25,45.60829544067383,47.83963394165039,132.51089477539062,110.0577621459961,113.19258117675781,0.0003387295873835683,0.0561850443482399,21.018815994262695,0.7006288170814514,-0.25001609325408936,0.0,0.0
3931,982.5,46.2084846496582,47.95901107788086,132.005615234375,110.05467987060547,113.1664047241211,0.0003412044607102871,0.0561918243765831,21.018815994262695,0.7106378078460693,-0.24820615351200104,0.0,0.0
3932,982.75,45.75693893432617,47.76734161376953,131.45452880859375,110.06261444091797,113.29974365234375,0.0003415023675188422,0.05619792640209198,21.018815994262695,0.7006288170814514,-0.2580471932888031,0.0,0.0
3933,983,45.9673957824707,47.79374313354492,126.3550796508789,110.05379486083984,113.50665283203125,0.00034177047200500965,0.05620341747999191,21.018815994262695,0.7006288170814514,-0.2750028669834137,0.0,0.0
3934,983.25,46.0293083190918,47.858551025390625,130.3157196044922,110.04850769042969,112.81924438476562,0.00034201177186332643,0.05620836094021797,21.018815994262695,0.6906198859214783,-0.22135494649410248,0.0,0.0
3935,983.5,45.73859405517578,47.943050384521484,130.1676483154297,110.07054138183594,112.96788787841797,0.0003422289446461946,0.05620555952191353,21.018815994262695,0.6906198859214783,-0.23129376769065857,0.0,0.0
3936,983.75,46.16664123535156,47.77052307128906,134.2809295654297,110.06172943115234,113.16492462158203,0.000342424405971542,0.05620303750038147,21.018815994262695,0.6906198859214783,-0.24751980602741241,0.0,0.0
3937,984,46.13279724121094,47.64487838745117,130.39967346191406,110.05555725097656,112.90121459960938,0.0003374562365934253,0.056200768798589706,21.018815994262695,0.7006288170814514,-0.22725015878677368,0.0,0.0
3938,984.25,45.695068359375,47.982540130615234,127.68928527832031,110.05423736572266,112.63701629638672,0.00033298489870503545,0.05619147792458534,21.018815994262695,0.6906198859214783,-0.20650088787078857,0.0,0.0
3939,984.5,45.88983917236328,47.9014778137207,127.32902526855469,110.04939270019531,112.71257781982422,0.0003289606829639524,0.056183114647865295,21.018815994262695,0.6906198859214783,-0.21286287903785706,0.0,0.0
3940,984.75,45.85177230834961,47.961238861083984,126.24211883544922,110.06261444091797,113.21282196044922,0.00032533888588659465,0.0561755895614624,21.018815994262695,0.7006288170814514,-0.2512151300907135,0.0,0.0
3941,985,45.69868850708008,48.04536056518555,131.8437957763672,110.04850769042969,113.31949615478516,0.00032533888588659465,0.0561688169836998,21.018815994262695,0.7006288170814514,-0.26073986291885376,0.0,0.0
3942,985.25,46.00945281982422,47.56167221069336,130.3538818359375,110.0498275756836,112.79751586914062,0.00032207928597927094,0.056162722408771515,21.018815994262695,0.7006288170814514,-0.21953339874744415,0.0,0.0
3943,985.5,45.30239486694336,47.716468811035156,130.6195068359375,110.05291748046875,112.81627655029297,0.0003114321152679622,0.05616448447108269,21.018815994262695,0.6906198859214783,-0.22076421976089478,0.0,0.0
3944,985.75,45.411827087402344,48.04935836791992,128.54263305664062,110.06040954589844,112.68985748291016,0.0003018496499862522,0.05616607144474983,21.018815994262695,0.7006288170814514,-0.21017703413963318,0.0,0.0
3945,986,45.8054084777832,47.68236541748047,132.7650604248047,110.05335998535156,113.413818359375,0.0002854636695701629,0.05616749823093414,21.018815994262695,0.720646858215332,-0.2677542567253113,0.0,0.0
3946,986.25,45.900413513183594,48.029056549072266,125.94139099121094,110.05071258544922,112.84294891357422,0.00027847805176861584,0.05616878345608711,21.018815994262695,0.7106378078460693,-0.22304682433605194,0.0,0.0
3947,986.5,46.0573616027832,47.75912094116211,129.40513610839844,110.05291748046875,113.78369140625,0.00027847805176861584,0.05615544319152832,21.018815994262695,0.7106378078460693,-0.2967744469642639,0.0,0.0
3948,986.75,45.852237701416016,47.86838150024414,128.93495178222656,110.05247497558594,113.14171600341797,0.00027219101320952177,0.05614343658089638,21.018815994262695,0.7106378078460693,-0.24644239246845245,0.0,0.0
3949,987,46.02014923095703,47.52048873901367,128.5288848876953,110.06261444091797,113.81085205078125,0.0002710319240577519,0.05613262951374054,21.018815994262695,0.7006288170814514,-0.2981152832508087,0.0,0.0
3950,987.25,46.236549377441406,47.40031051635742,127.72515869140625,110.06393432617188,113.74517822265625,0.0002699887554626912,0.056122906506061554,21.01877212524414,0.7006288170814514,-0.29286989569664,0.0,0.0
3951,987.5,45.775848388671875,47.833587646484375,128.883056640625,110.05291748046875,113.25479888916016,0.0002690498949959874,0.05611415579915047,21.01873207092285,0.7006288170814514,-0.2552996575832367,0.0,0.0
3952,987.75,46.04779052734375,47.81032943725586,131.68960571289062,110.06790161132812,113.0557861328125,0.00026820492348633707,0.05609903112053871,21.018695831298828,0.7006288170814514,-0.23843103647232056,0.0,0.0
3953,988,45.541168212890625,48.06885528564453,128.57469177246094,110.04630279541016,113.5135726928711,0.00026744446950033307,0.05608541890978813,21.01866340637207,0.7006288170814514,-0.2761516571044922,0.0,0.0
3954,988.25,45.829429626464844,47.44704055786133,133.04595947265625,110.04630279541016,113.86270904541016,0.00027576173306442797,0.05608541890978813,21.018634796142578,0.6906198859214783,-0.30348947644233704,0.0,0.0
3955,988.5,46.07403564453125,47.928367614746094,131.57740783691406,110.06393432617188,112.97134399414062,0.0002832472964655608,0.05607316642999649,21.01861000061035,0.7006288170814514,-0.23210032284259796,0.0,0.0
3956,988.75,46.12990188598633,47.24483871459961,129.18911743164062,110.074951171875,113.6834487915039,0.00028998428024351597,0.05606213957071304,21.018587112426758,0.7006288170814514,-0.2871464192867279,0.0,0.0
3957,989,45.960662841796875,48.0240478515625,129.90660095214844,110.05379486083984,113.2923355102539,0.00029604756855405867,0.05604328215122223,21.018566131591797,0.6706019043922424,-0.2581782937049866,0.0,0.0
3958,989.25,45.978858947753906,47.28957748413086,129.14866638183594,110.05908203125,114.25480651855469,0.00030343406251631677,0.056049738079309464,21.01854705810547,0.6706019043922424,-0.3330584764480591,0.0,0.0
3959,989.5,46.03425598144531,47.99976348876953,128.2983856201172,110.05599975585938,113.27159118652344,0.00031008193036541343,0.056049738079309464,21.018529891967773,0.6806108951568604,-0.256369948387146,0.0,0.0
3960,989.75,45.78578567504883,47.816829681396484,129.30133056640625,110.05512237548828,112.6775131225586,0.00031606500851921737,0.056055549532175064,21.01851463317871,0.7006288170814514,-0.20962943136692047,0.0,0.0
3961,990,46.13182067871094,47.81277847290039,125.42770385742188,110.04277801513672,113.92196655273438,0.0003214497701264918,0.056060779839754105,21.01850128173828,0.6906198859214783,-0.30840668082237244,0.0,0.0
3962,990.25,45.91133117675781,48.084407806396484,130.1981658935547,110.04542541503906,112.61084747314453,0.0003172930737491697,0.05606548860669136,21.018489837646484,0.6906198859214783,-0.20514552295207977,0.0,0.0
3963,990.5,46.043087005615234,48.0722541809082,130.09742736816406,110.04674530029297,112.66960906982422,0.00031355206738226116,0.05606972426176071,21.018478393554688,0.6906198859214783,-0.2096826583147049,0.0,0.0
3964,990.75,45.84488296508789,47.917320251464844,128.49301147460938,110.06745910644531,112.91307067871094,0.00031018516165204346,0.056051794439554214,21.018468856811523,0.7006288170814514,-0.22722241282463074,0.0,0.0
3965,991,45.98241424560547,47.91389083862305,130.7301788330078,110.04542541503906,112.3950424194336,0.00030715492903254926,0.05603565648198128,21.01845932006836,0.7106378078460693,-0.1880691647529602,0.0,0.0
3966,991.25,45.851776123046875,48.00861740112305,129.2578125,110.0489501953125,112.57627868652344,0.000292216835077852,0.056021131575107574,21.018451690673828,0.720646858215332,-0.2021271139383316,0.0,0.0
3967,991.5,45.470645904541016,47.94374084472656,130.80345153808594,110.04850769042969,113.5748062133789,0.0002787725243251771,0.05600805953145027,21.018444061279297,0.720646858215332,-0.2807738482952118,0.0,0.0
3968,991.75,45.46195983886719,48.41641616821289,131.80181884765625,110.05555725097656,113.64690399169922,0.00026667266502045095,0.05601803958415985,21.0184383392334,0.720646858215332,-0.28585270047187805,0.0,0.0
3969,992,46.05852127075195,47.73806381225586,129.94476318359375,110.04322052001953,113.25579071044922,0.00025578279746696353,0.05602702125906944,21.0184326171875,0.7106378078460693,-0.2561618983745575,0.0,0.0
3970,992.25,45.84811019897461,48.06429672241211,130.22640991210938,110.05291748046875,113.02023315429688,0.0002459819079376757,0.056035105139017105,21.0184268951416,0.7006288170814514,-0.2368430197238922,0.0,0.0
3971,992.5,45.73038101196289,47.567413330078125,124.5018539428711,110.05555725097656,112.57035064697266,0.00023716110445093364,0.05604238063097,21.018421173095703,0.7006288170814514,-0.20112408697605133,0.0,0.0
3972,992.75,46.14092254638672,47.93746566772461,128.06863403320312,110.05071258544922,113.46023559570312,0.0002305075468029827,0.0560489296913147,21.018417358398438,0.7106378078460693,-0.27161112427711487,0.0,0.0
3973,993,45.75886535644531,47.73657989501953,129.66311645507812,110.041015625,114.19110870361328,0.00022451934637501836,0.05603307858109474,21.018413543701172,0.7106378078460693,-0.32955530285835266,0.0,0.0
3974,993.25,45.94808578491211,47.99073791503906,127.40916442871094,110.0762710571289,113.49678039550781,0.00021912995725870132,0.05601881071925163,21.018409729003906,0.7006288170814514,-0.27241039276123047,0.0,0.0
3975,993.5,45.79572677612305,48.025238037109375,129.6211395263672,110.05247497558594,113.53480529785156,0.00021427951287478209,0.056005969643592834,21.01840591430664,0.7106378078460693,-0.27731695771217346,0.0,0.0
3976,993.75,45.897987365722656,48.05332565307617,129.9592742919922,110.06304931640625,112.89875030517578,0.00021826851298101246,0.055994413793087006,21.018404006958008,0.7106378078460693,-0.22645004093647003,0.0,0.0
3977,994,45.98965072631836,47.20547866821289,130.7416229248047,110.05158996582031,113.2078857421875,0.00022185860143508762,0.05597676336765289,21.018402099609375,0.720646858215332,-0.2517189085483551,0.0,0.0
3978,994.25,45.70671463012695,47.89044189453125,131.8697509765625,110.04630279541016,113.26072692871094,0.00022508969414047897,0.05596087872982025,21.018400192260742,0.720646858215332,-0.25630059838294983,0.0,0.0
3979,994.5,45.98631286621094,47.744476318359375,130.0699462890625,110.0577621459961,113.98567199707031,0.00022799767612013966,0.05594658479094505,21.01839828491211,0.720646858215332,-0.3121713101863861,0.0,0.0
3980,994.75,45.909156799316406,47.670406341552734,129.99209594726562,110.05115509033203,112.76097106933594,0.00023125793086364865,0.055933717638254166,21.018396377563477,0.720646858215332,-0.21654164791107178,0.0,0.0
3981,995,45.703285217285156,47.56704330444336,126.60467529296875,110.05599975585938,112.84146118164062,0.00023419216449838132,0.055922139436006546,21.018394470214844,0.720646858215332,-0.22250168025493622,0.0,0.0
3982,995.25,46.03281784057617,47.31383514404297,129.31353759765625,110.04277801513672,112.39750671386719,0.0002368329733144492,0.05588272586464882,21.01839256286621,0.7106378078460693,-0.18847887217998505,0.0,0.0
3983,995.5,45.77643585205078,47.820899963378906,133.5176544189453,110.05996704101562,112.37726593017578,0.00023920969397295266,0.055847253650426865,21.018390655517578,0.7006288170814514,-0.1854850798845291,0.0,0.0
3984,995.75,46.137176513671875,47.52037048339844,131.03854370117188,110.05644226074219,113.00591278076172,0.0002374920732108876,0.055815327912569046,21.018388748168945,0.7106378078460693,-0.23543019592761993,0.0,0.0
3985,996,45.92446517944336,47.92271423339844,126.92753601074219,110.04322052001953,114.67802429199219,0.00023594620870426297,0.05578659474849701,21.018386840820312,0.7106378078460693,-0.36725515127182007,0.0,0.0
3986,996.25,45.85102462768555,47.72941207885742,130.24168395996094,110.04366302490234,113.23702239990234,0.000233302780543454,0.055760737508535385,21.018386840820312,0.7106378078460693,-0.2546510100364685,0.0,0.0
3987,996.5,45.590206146240234,47.91933822631836,132.46128845214844,110.07054138183594,114.2849349975586,0.000233302780543454,0.055766455829143524,21.018386840820312,0.7006288170814514,-0.33447858691215515,0.0,0.0
3988,996.75,45.96079635620117,48.13088607788086,130.71109008789062,110.05291748046875,113.6004867553711,0.00023089033493306488,0.055771604180336,21.018386840820312,0.7006288170814514,-0.282429963350296,0.0,0.0
3989,997,45.98689651489258,47.92723846435547,133.30775451660156,110.04145812988281,112.349609375,0.00022871913097333163,0.05577623471617699,21.018386840820312,0.7106378078460693,-0.18479108810424805,0.0,0.0
3990,997.25,45.44174575805664,48.03487777709961,130.56301879882812,110.03793334960938,112.60343933105469,0.00022500638442579657,0.055780403316020966,21.018386840820312,0.7106378078460693,-0.20516616106033325,0.0,0.0
3991,997.5,45.86359405517578,47.83683776855469,128.71665954589844,110.05731964111328,112.61528778076172,0.00022500638442579657,0.05578415468335152,21.018386840820312,0.7106378078460693,-0.2045341581106186,0.0,0.0
3992,997.75,45.93083572387695,48.18538284301758,128.66246032714844,110.05071258544922,112.90319061279297,0.00023049404262565076,0.05578753352165222,21.018386840820312,0.720646858215332,-0.22779777646064758,0.0,0.0
3993,998,45.61831283569336,47.695560455322266,130.9347381591797,110.0498275756836,113.23060607910156,0.00023543293355032802,0.05579057335853577,21.018386840820312,0.720646858215332,-0.25364747643470764,0.0,0.0
3994,998.25,46.373939514160156,47.5494384765625,126.51384735107422,110.0401382446289,113.01134490966797,0.0002398779324721545,0.05579330772161484,21.018386840820312,0.720646858215332,-0.2371770441532135,0.0,0.0
3995,998.5,46.352420806884766,47.834651947021484,131.73007202148438,110.05952453613281,112.75849914550781,0.00024387842859141529,0.05579577013850212,21.018386840820312,0.720646858215332,-0.215669646859169,0.0,0.0
3996,998.75,45.75370407104492,47.90924072265625,127.32902526855469,110.04366302490234,113.3580093383789,0.00024747889256104827,0.055797986686229706,21.018386840820312,0.720646858215332,-0.2641569972038269,0.0,0.0
3997,999,45.516605377197266,47.72737503051758,126.3802719116211,110.04542541503906,113.2098617553711,0.00025071928394027054,0.05579997971653938,21.018386840820312,0.720646858215332,-0.2523728311061859,0.0,0.0
3998,999.25,45.91770553588867,47.60629653930664,135.40447998046875,110.0498275756836,112.59257507324219,0.000253635662375018,0.05580177530646324,21.018386840820312,0.73065584897995,-0.2033446729183197,0.0,0.0
3999,999.5,46.20457458496094,47.898826599121094,128.05490112304688,110.0577621459961,113.09430694580078,0.000268479430815205,0.05581788718700409,21.018386840820312,0.7406647801399231,-0.24228395521640778,0.0,0.0
4000,999.75,45.81715393066406,48.06299591064453,127.9228515625,110.04674530029297,113.27751922607422,0.0002818388456944376,0.055832389742136,21.018386840820312,0.73065584897995,-0.2575845718383789,0.0,0.0
4001,1000,45.846221923828125,47.81944274902344,126.97028350830078,110.04674530029297,113.2424545288086,0.0002938623074442148,0.055845439434051514,21.018386840820312,0.73065584897995,-0.25482845306396484,0.0,0.0
4002,1000.25,46.28347396850586,47.8828239440918,130.30197143554688,110.04630279541016,113.75011444091797,0.00030468343175016344,0.05586050823330879,21.018386840820312,0.73065584897995,-0.2946823835372925,0.0,0.0
4003,1000.5,46.11229705810547,47.858516693115234,127.8136978149414,110.0498275756836,113.85184478759766,0.00031442244653590024,0.05586050823330879,21.018386840820312,0.7106378078460693,-0.3023553192615509,0.0,0.0
4004,1000.75,45.826969146728516,47.86541748046875,134.14964294433594,110.04409790039062,113.8395004272461,0.0003167555551044643,0.05586349964141846,21.018386840820312,0.7106378078460693,-0.30185309052467346,0.0,0.0
4005,1001,45.82862854003906,48.17073059082031,129.9775848388672,110.04409790039062,112.95702362060547,0.0003188553382642567,0.05586618930101395,21.018386840820312,0.7006288170814514,-0.23257631063461304,0.0,0.0
4006,1001.25,45.34920883178711,47.78697204589844,128.83419799804688,110.0476303100586,112.88887023925781,0.00032074516639113426,0.05586861073970795,21.018386840820312,0.7006288170814514,-0.22691814601421356,0.0,0.0
4007,1001.5,46.47949981689453,47.55418395996094,128.8090057373047,110.05379486083984,113.43751525878906,0.0003224459942430258,0.05587079003453255,21.018386840820312,0.7106378078460693,-0.26957911252975464,0.0,0.0
4008,1001.75,45.8708381652832,47.78325653076172,130.60423278808594,110.04850769042969,113.5244369506836,0.00031947565730661154,0.055872753262519836,21.018386840820312,0.7106378078460693,-0.2768248915672302,0.0,0.0
4009,1002,45.73944854736328,47.700992584228516,128.16175842285156,110.03572845458984,113.50566864013672,0.0003168023540638387,0.05586002394556999,21.018386840820312,0.7106378078460693,-0.27638697624206543,0.0,0.0
4010,1002.25,45.92803955078125,48.215087890625,128.5067596435547,110.04674530029297,113.23504638671875,0.00031439639860764146,0.05584856867790222,21.018386840820312,0.7106378078460693,-0.2542458772659302,0.0,0.0
4011,1002.5,46.11945343017578,48.35591506958008,132.19947814941406,110.05071258544922,113.6424560546875,0.00031223104451783,0.05583825707435608,21.018386840820312,0.720646858215332,-0.28589650988578796,0.0,0.0
4012,1002.75,45.58700942993164,48.279029846191406,129.95620727539062,110.041015625,113.32986450195312,0.0003128540702164173,0.05582897737622261,21.018386840820312,0.720646858215332,-0.2621605694293976,0.0,0.0
4013,1003,46.05768585205078,47.80392837524414,127.88850402832031,110.04145812988281,112.3841781616211,0.0003134148137178272,0.05582062527537346,21.018386840820312,0.7406647801399231,-0.18752995133399963,0.0,0.0
4014,1003.25,45.527584075927734,47.910118103027344,129.86080932617188,110.04498291015625,112.7061538696289,0.00031391947413794696,0.05579136312007904,21.018386840820312,0.73065584897995,-0.2127123326063156,0.0,0.0
4015,1003.5,45.79172897338867,47.631690979003906,131.27133178710938,110.05467987060547,112.24244689941406,0.00031437366851605475,0.05576502904295921,21.018386840820312,0.73065584897995,-0.17522653937339783,0.0,0.0
4016,1003.75,45.75448226928711,48.009342193603516,130.77520751953125,110.0502700805664,112.53034973144531,0.00031864107586443424,0.0557413250207901,21.018386840820312,0.73065584897995,-0.19838809967041016,0.0,0.0
4017,1004,45.75860595703125,47.80756378173828,129.4829864501953,110.05071258544922,112.95702362060547,0.00032248173374682665,0.05571999400854111,21.018386840820312,0.750673770904541,-0.23204147815704346,0.0,0.0
4018,1004.25,45.75542449951172,47.899227142333984,131.6766357421875,110.04366302490234,113.1644287109375,0.00032593830837868154,0.055693551898002625,21.018386840820312,0.73065584897995,-0.24894219636917114,0.0,0.0
4019,1004.5,46.161190032958984,47.87474822998047,128.06253051757812,110.04806518554688,113.718017578125,0.0003303357516415417,0.05566975474357605,21.018386840820312,0.73065584897995,-0.29202768206596375,0.0,0.0
4020,1004.75,46.039852142333984,47.848419189453125,129.73410034179688,110.0489501953125,112.89381408691406,0.00033429343602620065,0.05564833804965019,21.018386840820312,0.720646858215332,-0.2272011786699295,0.0,0.0
4021,1005,46.015811920166016,47.99919128417969,127.82667541503906,110.03836822509766,113.04640197753906,0.0003378553665243089,0.05562905967235565,21.018386840820312,0.720646858215332,-0.24008092284202576,0.0,0.0
4022,1005.25,46.05879211425781,47.92655944824219,128.82351684570312,110.0489501953125,113.44245910644531,0.0003410610952414572,0.05562620237469673,21.018386840820312,0.73065584897995,-0.27035850286483765,0.0,0.0
4023,1005.5,45.96644592285156,47.9676628112793,127.37939453125,110.04630279541016,114.07061004638672,0.0003439462452661246,0.05562363192439079,21.018386840820312,0.73065584897995,-0.3197290003299713,0.0,0.0
4024,1005.75,46.239742279052734,47.622833251953125,128.7471923828125,110.03836822509766,113.45381927490234,0.0003465428890194744,0.05562131851911545,21.018386840820312,0.73065584897995,-0.27210623025894165,0.0,0.0
4025,1006,46.02907943725586,48.15166473388672,130.07833862304688,110.03749084472656,112.6666488647461,0.00034180571674369276,0.05561923608183861,21.018386840820312,0.73065584897995,-0.21019767224788666,0.0,0.0
4026,1006.25,45.93098449707031,47.856719970703125,132.45440673828125,110.0502700805664,112.52294158935547,0.0003375422675162554,0.0556318573653698,21.018386840820312,0.73065584897995,-0.1978016048669815,0.0,0.0
4027,1006.5,46.03202819824219,47.86130142211914,124.75907135009766,110.04454040527344,113.0859146118164,0.0003337051603011787,0.05564321577548981,21.018386840820312,0.73065584897995,-0.24269290268421173,0.0,0.0
4028,1006.75,46.04108428955078,47.698516845703125,128.5014190673828,110.04630279541016,114.413330078125,0.0003302517579868436,0.055653441697359085,21.018386840820312,0.7106378078460693,-0.3464343845844269,0.0,0.0
4029,1007,45.849735260009766,47.95926284790039,128.484619140625,110.04586791992188,113.61924743652344,0.0003181444189976901,0.055662643164396286,21.018386840820312,0.720646858215332,-0.284469872713089,0.0,0.0
4030,1007.25,45.517662048339844,47.546241760253906,130.97900390625,110.05952453613281,112.90319061279297,0.0003072477993555367,0.055678170174360275,21.018386840820312,0.7106378078460693,-0.22708523273468018,0.0,0.0
4031,1007.5,45.68204879760742,47.554779052734375,128.64720153808594,110.06261444091797,112.9560317993164,0.0002974408562295139,0.055692147463560104,21.018386840820312,0.7106378078460693,-0.23100079596042633,0.0,0.0
4032,1007.75,45.69609069824219,47.97770690917969,127.92514038085938,110.04322052001953,112.83998107910156,0.00028861459577456117,0.05570472404360771,21.018386840820312,0.7106378078460693,-0.2234189659357071,0.0,0.0
4033,1008,46.43905258178711,48.05890655517578,130.19970703125,110.03881072998047,112.43504333496094,0.0002736031310632825,0.05571604520082474,21.018386840820312,0.7006288170814514,-0.19177240133285522,0.0,0.0
4034,1008.25,45.89101791381836,48.10565185546875,131.61099243164062,110.04498291015625,112.03553009033203,0.0002600928128231317,0.05571898818016052,21.018386840820312,0.7106378078460693,-0.1595853716135025,0.0,0.0
4035,1008.5,45.8734245300293,47.90144729614258,132.8040008544922,110.04674530029297,112.55899047851562,0.0002479335234966129,0.05572163686156273,21.018386840820312,0.7006288170814514,-0.20093847811222076,0.0,0.0
4036,1008.75,46.66085433959961,47.44795227050781,132.8070526123047,110.03749084472656,112.84838104248047,0.00023699014855083078,0.055724017322063446,21.018386840820312,0.6906198859214783,-0.22454476356506348,0.0,0.0
4037,1009,46.40496826171875,47.909332275390625,127.65876007080078,110.04409790039062,114.05431365966797,0.00022714112128596753,0.05572616308927536,21.018386840820312,0.6906198859214783,-0.3186356723308563,0.0,0.0
4038,1009.25,45.68084716796875,47.725467681884766,132.8001708984375,110.06834411621094,112.82022857666016,0.0002182769967475906,0.05572809278964996,21.018386840820312,0.6906198859214783,-0.21982817351818085,0.0,0.0
4039,1009.5,46.5663948059082,48.05434036254883,132.31472778320312,110.05731964111328,112.72837829589844,0.00021029927302151918,0.05571533367037773,21.018386840820312,0.6806108951568604,-0.21346937119960785,0.0,0.0
4040,1009.75,45.661476135253906,48.271976470947266,128.85862731933594,110.03749084472656,112.35800170898438,0.00020954463980160654,0.05570385232567787,21.018386840820312,0.6806108951568604,-0.18577709794044495,0.0,0.0
4041,1010,45.94568634033203,47.647682189941406,131.20187377929688,110.041015625,112.0691146850586,0.0002088654728140682,0.05569351837038994,21.018583297729492,0.7106378078460693,-0.16257424652576447,0.0,0.0
4042,1010.25,46.30899429321289,47.979427337646484,126.9420394897461,110.06217193603516,113.2493667602539,0.00020825421961490065,0.05568421632051468,21.018760681152344,0.7106378078460693,-0.25412410497665405,0.0,0.0
4043,1010.5,45.8772087097168,48.096309661865234,131.20263671875,110.04630279541016,113.35455322265625,0.00020770408445969224,0.05568309128284454,21.018918991088867,0.7106378078460693,-0.2636721730232239,0.0,0.0
4044,1010.75,45.9859733581543,47.68941116333008,132.23687744140625,110.0502700805664,113.13430786132812,0.00020720897009596229,0.05568208172917366,21.019062042236328,0.7106378078460693,-0.24603766202926636,0.0,0.0
4045,1011,46.15056228637695,48.15742492675781,131.04769897460938,110.03617095947266,113.83159637451172,0.00022219282982405275,0.055681172758340836,21.01919174194336,0.7006288170814514,-0.3018767237663269,0.0,0.0
4046,1011.25,45.940887451171875,47.788055419921875,126.58100891113281,110.05731964111328,114.31505584716797,0.00023567830794490874,0.055680353194475174,21.01930809020996,0.7006288170814514,-0.33789387345314026,0.0,0.0
4047,1011.5,45.967384338378906,47.94194793701172,127.95719909667969,110.05158996582031,113.25529479980469,0.00024781524552963674,0.05567961558699608,21.019412994384766,0.7106378078460693,-0.2554459869861603,0.0,0.0
4048,1011.75,45.932804107666016,47.88966751098633,129.53182983398438,110.04939270019531,113.26171875,0.00025873849517665803,0.05567895248532295,21.019506454467773,0.7106378078460693,-0.25612857937812805,0.0,0.0
4049,1012,46.15679931640625,47.75037384033203,130.773681640625,110.0489501953125,113.0641860961914,0.00027886274619959295,0.0556783564388752,21.019590377807617,0.7106378078460693,-0.24062548577785492,0.0,0.0
4050,1012.25,46.06025695800781,47.405006408691406,130.3370819091797,110.05158996582031,112.29676818847656,0.0002969745546579361,0.055692315101623535,21.01966667175293,0.7106378078460693,-0.1797836422920227,0.0,0.0
4051,1012.5,46.10691452026367,48.03684997558594,129.10592651367188,110.04586791992188,112.9580078125,0.00031327520264312625,0.05570487678050995,21.01973533630371,0.7106378078460693,-0.23251096904277802,0.0,0.0
4052,1012.75,45.85865783691406,48.22293472290039,130.5279083251953,110.04498291015625,113.15406036376953,0.0003279457741882652,0.05571618303656578,21.01979637145996,0.7006288170814514,-0.24801956117153168,0.0,0.0
4053,1013,45.928932189941406,47.88874816894531,130.50653076171875,110.04586791992188,113.01677703857422,0.0003411492798477411,0.05572635680437088,21.019851684570312,0.7106378078460693,-0.23714108765125275,0.0,0.0
4054,1013.25,46.047794342041016,47.287330627441406,128.63803100585938,110.05335998535156,112.90121459960938,0.0003411492798477411,0.0557355135679245,21.019851684570312,0.7106378078460693,-0.22742816805839539,0.0,0.0
4055,1013.5,45.888519287109375,47.8394889831543,129.60281372070312,110.04674530029297,112.90714263916016,0.00035238906275480986,0.055751003324985504,21.019901275634766,0.720646858215332,-0.2284303456544876,0.0,0.0
4056,1013.75,45.81731414794922,47.91207504272461,128.4937744140625,110.0401382446289,113.27801513671875,0.00036250488483347,0.05576494336128235,21.019947052001953,0.7106378078460693,-0.2581580877304077,0.0,0.0
4057,1014,45.93601608276367,47.809906005859375,132.4788360595703,110.04145812988281,113.36591339111328,0.00037160911597311497,0.05577749013900757,21.019987106323242,0.720646858215332,-0.26495614647865295,0.0,0.0
4058,1014.25,45.96541976928711,47.750370025634766,135.20297241210938,110.05247497558594,112.86516571044922,0.0003798029210884124,0.055788781493902206,21.020023345947266,0.7106378078460693,-0.2246568650007248,0.0,0.0
4059,1014.5,45.88605880737305,48.053314208984375,127.05577087402344,110.0498275756836,112.84640502929688,0.00037752737989649177,0.05577720329165459,21.020055770874023,0.7106378078460693,-0.22339123487472534,0.0,0.0
4060,1014.75,45.95154571533203,47.858028411865234,130.61415100097656,110.04718780517578,113.27899932861328,0.00037547940155491233,0.05576677992939949,21.02008628845215,0.7106378078460693,-0.25766485929489136,0.0,0.0
4061,1015,45.73207092285156,47.726219177246094,130.3317413330078,110.05203247070312,112.89924621582031,0.0003736362268682569,0.05575739964842796,21.020112991333008,0.720646858215332,-0.22738026082515717,0.0,0.0
4062,1015.25,45.873714447021484,47.491336822509766,127.84957885742188,110.05071258544922,112.82022857666016,0.000371977366739884,0.05574895814061165,21.020137786865234,0.73065584897995,-0.22125431895256042,0.0,0.0
4063,1015.5,46.14044952392578,47.54883575439453,132.22238159179688,110.04850769042969,112.91948699951172,0.0003556974697858095,0.055741362273693085,21.020158767700195,0.720646858215332,-0.2292611300945282,0.0,0.0
4064,1015.75,45.95003128051758,47.945343017578125,129.9592742919922,110.0502700805664,113.13973999023438,0.00034104555379599333,0.055741772055625916,21.020177841186523,0.720646858215332,-0.2464652955532074,0.0,0.0
4065,1016,45.91133499145508,47.928863525390625,131.8819580078125,110.04145812988281,113.2508544921875,0.00032785884104669094,0.05574214085936546,21.02019500732422,0.73065584897995,-0.25591668486595154,0.0,0.0
4066,1016.25,46.01755142211914,47.8276252746582,126.15052795410156,110.04498291015625,112.69578552246094,0.0003159907937515527,0.05574214085936546,21.02021026611328,0.7106378078460693,-0.21189340949058533,0.0,0.0
4067,1016.5,45.6129035949707,48.19828796386719,129.61427307128906,110.05731964111328,114.52592468261719,0.0002963144797831774,0.055742472410202026,21.02022361755371,0.7106378078460693,-0.35429954528808594,0.0,0.0
4068,1016.75,46.20063781738281,47.912662506103516,127.71676635742188,110.0423355102539,113.56640625,0.0002786058175843209,0.0557427704334259,21.02023696899414,0.7006288170814514,-0.28061503171920776,0.0,0.0
4069,1017,46.0702018737793,47.831275939941406,127.77629852294922,110.0401382446289,113.37232971191406,0.00026266800705343485,0.05575753375887871,21.020248413085938,0.7006288170814514,-0.26556673645973206,0.0,0.0
4070,1017.25,46.11677932739258,47.860015869140625,130.71719360351562,110.06349182128906,113.25183868408203,0.00024832398048602045,0.05577082186937332,21.0202579498291,0.7106378078460693,-0.2542114853858948,0.0,0.0
4071,1017.5,45.76264953613281,47.98490905761719,129.94247436523438,110.05115509033203,113.53826141357422,0.00023669925576541573,0.055782780051231384,21.020267486572266,0.7106378078460693,-0.2776946425437927,0.0,0.0
4072,1017.75,46.02535629272461,47.99235916137695,129.13645935058594,110.04498291015625,113.33727264404297,0.0002262370107928291,0.05579354241490364,21.020275115966797,0.720646858215332,-0.26242175698280334,0.0,0.0
4073,1018,45.99201583862305,48.25238037109375,132.25367736816406,110.04322052001953,112.68195343017578,0.00021682099031750113,0.05579598248004913,21.020282745361328,0.7106378078460693,-0.2109430879354477,0.0,0.0
4074,1018.25,46.04480743408203,47.444366455078125,132.88185119628906,110.0661392211914,113.04788970947266,0.00020834656606893986,0.05579817667603493,21.02029037475586,0.7106378078460693,-0.23795197904109955,0.0,0.0
4075,1018.5,45.955875396728516,47.78818130493164,128.15029907226562,110.0502700805664,112.65628051757812,0.00020714467973448336,0.05580015107989311,21.020296096801758,0.7006288170814514,-0.20834419131278992,0.0,0.0
4076,1018.75,46.00478744506836,47.921443939208984,128.31288146972656,110.04366302490234,112.79109191894531,0.00020606299221981317,0.05580192804336548,21.020301818847656,0.7106378078460693,-0.21952524781227112,0.0,0.0
4077,1019,46.10001754760742,47.32612991333008,128.72352600097656,110.05644226074219,112.5234375,0.00020508946909103543,0.05580352619290352,21.020307540893555,0.7106378078460693,-0.19734156131744385,0.0,0.0
4078,1019.25,45.881526947021484,47.491676330566406,130.26992797851562,110.05731964111328,112.86516571044922,0.00020421329827513546,0.05580496788024902,21.02031135559082,0.7006288170814514,-0.22426506876945496,0.0,0.0
4079,1019.5,45.77519989013672,48.105445861816406,130.85763549804688,110.07054138183594,112.66763305664062,0.00020342474454082549,0.05580626428127289,21.020315170288086,0.7006288170814514,-0.20760171115398407,0.0,0.0
4080,1019.75,45.19330978393555,47.88020324707031,130.70269775390625,110.04586791992188,113.2054214477539,0.00020271504763513803,0.05580743029713631,21.02031898498535,0.7106378078460693,-0.2519879937171936,0.0,0.0
4081,1020,46.135108947753906,47.46642303466797,130.1203155517578,110.04498291015625,113.23603820800781,0.00020207632042001933,0.05580848082900047,21.020322799682617,0.73065584897995,-0.2544664442539215,0.0,0.0
4082,1020.25,45.88557052612305,47.95051956176758,134.23590087890625,110.05908203125,113.20640563964844,0.00021693040616810322,0.05580942705273628,21.020326614379883,0.7106378078460693,-0.25099626183509827,0.0,0.0
4083,1020.5,46.03774642944336,47.511383056640625,130.6569061279297,110.0476303100586,112.97134399414062,0.00023029909061733633,0.05581027641892433,21.020328521728516,0.6906198859214783,-0.2334194779396057,0.0,0.0
4084,1020.75,45.903350830078125,48.01569747924805,132.52310180664062,110.04145812988281,112.95207977294922,0.0002423309051664546,0.055811040103435516,21.02033042907715,0.6906198859214783,-0.23240040242671967,0.0,0.0
4085,1021,46.29385757446289,47.85166549682617,131.2797393798828,110.04939270019531,113.17134094238281,0.00025315952370874584,0.05581172928214073,21.02033233642578,0.7006288170814514,-0.24902242422103882,0.0,0.0
4086,1021.25,45.76565170288086,47.89299392700195,128.99220275878906,110.05158996582031,113.34418487548828,0.0002731982967816293,0.05579060688614845,21.020334243774414,0.6906198859214783,-0.26242998242378235,0.0,0.0
4087,1021.5,45.770503997802734,47.960052490234375,129.4158172607422,110.05071258544922,114.09727478027344,0.0002912331838160753,0.0557715967297554,21.020336151123047,0.6806108951568604,-0.32145288586616516,0.0,0.0
4088,1021.75,45.5364990234375,47.43162536621094,131.5003204345703,110.03660583496094,113.848388671875,0.0003074645937886089,0.055754486471414566,21.02033805847168,0.6706019043922424,-0.3031546175479889,0.0,0.0
4089,1022,45.933719635009766,47.860862731933594,128.4617156982422,110.05423736572266,113.76739501953125,0.00032207285403274,0.05573908984661102,21.020339965820312,0.7006288170814514,-0.29539263248443604,0.0,0.0
4090,1022.25,45.89775466918945,47.610111236572266,129.82264709472656,110.04542541503906,114.05924987792969,0.0003384377632755786,0.05571798235177994,21.020341873168945,0.7106378078460693,-0.31891340017318726,0.0,0.0
4091,1022.5,46.00998306274414,47.791847229003906,130.08978271484375,110.04145812988281,113.5427017211914,0.00035316619323566556,0.05569898337125778,21.020343780517578,0.7106378078460693,-0.27882733941078186,0.0,0.0
4092,1022.75,45.80616760253906,47.494930267333984,130.8080291748047,110.04850769042969,112.8839340209961,0.0003664217656478286,0.05568188428878784,21.020343780517578,0.7006288170814514,-0.22645767033100128,0.0,0.0
4093,1023,45.97428894042969,47.92660140991211,129.97605895996094,110.0423355102539,112.9254150390625,0.00037835180410183966,0.055666495114564896,21.020343780517578,0.7006288170814514,-0.23022755980491638,0.0,0.0
4094,1023.25,45.50408172607422,48.08218765258789,131.01792907714844,110.07274627685547,112.66220092773438,0.0003884453617502004,0.055652644485235214,21.020343780517578,0.7006288170814514,-0.2069939821958542,0.0,0.0
4095,1023.5,45.816593170166016,47.91136169433594,131.26980590820312,110.05247497558594,113.10961151123047,0.00039752956945449114,0.05564017966389656,21.020343780517578,0.7006288170814514,-0.24391600489616394,0.0,0.0
4096,1023.75,45.7010612487793,47.91594696044922,133.21998596191406,110.03749084472656,113.6207275390625,0.00040570535929873586,0.05562896281480789,21.020343780517578,0.7006288170814514,-0.28526371717453003,0.0,0.0
4097,1024,46.13068389892578,47.2945671081543,128.89984130859375,110.05335998535156,113.5989990234375,0.00041306356433779,0.05564061179757118,21.020343780517578,0.7106378078460693,-0.2822777330875397,0.0,0.0
4098,1024.25,46.01424026489258,47.917564392089844,129.94476318359375,110.05247497558594,113.6009750366211,0.0004151811881456524,0.055651094764471054,21.020343780517578,0.7106378078460693,-0.2825039327144623,0.0,0.0
4099,1024.5,46.07044219970703,48.02848434448242,131.98728942871094,110.04057312011719,112.92689514160156,0.0004170870524831116,0.05566053092479706,21.020343780517578,0.6706019043922424,-0.23048675060272217,0.0,0.0
4100,1024.75,45.79954147338867,48.20083999633789,129.9050750732422,110.04806518554688,112.8404769897461,0.0004188023158349097,0.05566902458667755,21.020343780517578,0.6906198859214783,-0.22306586802005768,0.0,0.0
4101,1025,45.68273162841797,47.91987609863281,130.11192321777344,110.0498275756836,112.5649185180664,0.00042034604120999575,0.05566217377781868,21.020343780517578,0.6906198859214783,-0.20115773379802704,0.0,0.0
4102,1025.25,45.6857795715332,47.67255783081055,127.69768524169922,110.05203247070312,113.30813598632812,0.0004153026966378093,0.055656008422374725,21.020343780517578,0.6906198859214783,-0.25956252217292786,0.0,0.0
4103,1025.5,45.932891845703125,47.81117248535156,131.1011199951172,110.04366302490234,112.88047790527344,0.00041076369234360754,0.05565045773983002,21.020343780517578,0.6906198859214783,-0.22657740116119385,0.0,0.0
4104,1025.75,45.42724609375,47.43365478515625,126.94967651367188,110.05379486083984,113.2059097290039,0.00040667859138920903,0.05564546212553978,21.020343780517578,0.7006288170814514,-0.2513848841190338,0.0,0.0
4105,1026,45.70778274536133,47.894500732421875,131.39498901367188,110.05115509033203,112.7209701538086,0.00040300199179910123,0.05565546080470085,21.020343780517578,0.720646858215332,-0.21338295936584473,0.0,0.0
4106,1026.25,46.00844192504883,47.80810546875,129.55320739746094,110.04454040527344,112.87800598144531,0.00039969306089915335,0.055664461106061935,21.020343780517578,0.720646858215332,-0.22631125152111053,0.0,0.0
4107,1026.5,45.86682891845703,47.49775314331055,129.45550537109375,110.04718780517578,114.21431732177734,0.0003967150114476681,0.05567255988717079,21.020343780517578,0.7006288170814514,-0.33086535334587097,0.0,0.0
4108,1026.75,45.87964630126953,47.947593688964844,131.73770141601562,110.04674530029297,113.10171508789062,0.00039725087117403746,0.05567985028028488,21.020343780517578,0.7006288170814514,-0.24375787377357483,0.0,0.0
4109,1027,45.712486267089844,48.05775451660156,128.49606323242188,110.05071258544922,113.41875457763672,0.00039773312164470553,0.05570090562105179,21.020343780517578,0.7106378078460693,-0.26835575699806213,0.0,0.0
4110,1027.25,45.721221923828125,47.897560119628906,129.3410186767578,110.05247497558594,113.28690338134766,0.0003981671470683068,0.055719856172800064,21.020343780517578,0.7106378078460693,-0.2578582167625427,0.0,0.0
4111,1027.5,45.919532775878906,47.805259704589844,132.16513061523438,110.0476303100586,113.5427017211914,0.0003985577786806971,0.05573691055178642,21.020343780517578,0.6906198859214783,-0.2783280611038208,0.0,0.0
4112,1027.75,45.82225036621094,47.67399978637695,127.60379791259766,110.03484344482422,113.87554931640625,0.0004092050949111581,0.055752258747816086,21.020343780517578,0.6906198859214783,-0.30542054772377014,0.0,0.0
4113,1028,45.84333038330078,47.99283981323242,127.36337280273438,110.04586791992188,113.26813507080078,0.00041878767660818994,0.05575157701969147,21.020343780517578,0.7006288170814514,-0.25691771507263184,0.0,0.0
4114,1028.25,46.07225036621094,47.67625045776367,126.38790130615234,110.06525421142578,112.71356201171875,0.00042741201468743384,0.05575096607208252,21.020343780517578,0.6906198859214783,-0.2116575986146927,0.0,0.0
4115,1028.5,45.68960952758789,47.64226531982422,128.5166778564453,110.05158996582031,113.45677947998047,0.00043517391895875335,0.05575041472911835,21.020343780517578,0.7006288170814514,-0.27126869559288025,0.0,0.0
4116,1028.75,45.78630447387695,47.396602630615234,132.98794555664062,110.06085205078125,113.05875396728516,0.0004485972167458385,0.05574991926550865,21.020343780517578,0.7106378078460693,-0.23923493921756744,0.0,0.0
4117,1029,45.74258804321289,47.55741882324219,131.13853454589844,110.04939270019531,112.67158508300781,0.0004606781876645982,0.055749472230672836,21.020111083984375,0.7006288170814514,-0.2096245437860489,0.0,0.0
4118,1029.25,46.075252532958984,47.985870361328125,129.51580810546875,110.04190063476562,113.37232971191406,0.0004715510585810989,0.0557490698993206,21.019901275634766,0.7106378078460693,-0.26542407274246216,0.0,0.0
4119,1029.5,45.87710189819336,47.777687072753906,132.64447021484375,110.04674530029297,113.36344146728516,0.0004813366394955665,0.05574870854616165,21.019712448120117,0.7106378078460693,-0.2643340826034546,0.0,0.0
4120,1029.75,46.0103759765625,47.80120086669922,132.07965087890625,110.04277801513672,113.32986450195312,0.0004811317194253206,0.055748384445905685,21.019542694091797,0.7106378078460693,-0.2620179355144501,0.0,0.0
4121,1030,45.78582000732422,47.45538330078125,130.1134490966797,110.0401382446289,113.58221435546875,0.0004809472884517163,0.05574809014797211,21.019390106201172,0.7006288170814514,-0.282031774520874,0.0,0.0
4122,1030.25,45.888553619384766,47.406776428222656,131.51329040527344,110.04939270019531,113.20195770263672,0.0004807812802027911,0.055747825652360916,21.01925277709961,0.7006288170814514,-0.2514301836490631,0.0,0.0
4123,1030.5,46.233306884765625,47.67710876464844,132.71392822265625,110.0401382446289,113.48739624023438,0.0004806318902410567,0.0557330921292305,21.019128799438477,0.7006288170814514,-0.2745974063873291,0.0,0.0
4124,1030.75,45.588287353515625,47.34409713745117,131.32553100585938,110.04277801513672,113.10714721679688,0.00048049743054434657,0.05571983382105827,21.019018173217773,0.6906198859214783,-0.2445066273212433,0.0,0.0
4125,1031,46.041439056396484,47.8381233215332,128.07015991210938,110.0423355102539,113.21035766601562,0.00046107915113680065,0.0557079017162323,21.018918991088867,0.6806108951568604,-0.2526615858078003,0.0,0.0
4126,1031.25,46.18730163574219,48.3066291809082,130.95762634277344,110.03925323486328,112.87158966064453,0.000443602679297328,0.055697161704301834,21.018829345703125,0.7006288170814514,-0.2262328863143921,0.0,0.0
4127,1031.5,45.8231201171875,47.86307907104492,130.35922241210938,110.04542541503906,112.93331909179688,0.00042787386337295175,0.055687494575977325,21.018749237060547,0.7006288170814514,-0.23060055077075958,0.0,0.0
4128,1031.75,45.8101692199707,47.5463981628418,129.55397033691406,110.04366302490234,112.8078842163086,0.0004137179348617792,0.05567879602313042,21.0186767578125,0.6906198859214783,-0.2208501547574997,0.0,0.0
4129,1032,46.061378479003906,47.73202133178711,128.75634765625,110.0423355102539,112.82516479492188,0.00040097758756019175,0.05567096546292305,21.018611907958984,0.6906198859214783,-0.22232162952423096,0.0,0.0
4130,1032.25,46.23408889770508,47.81572341918945,128.11366271972656,110.04630279541016,112.74368286132812,0.00038951128954067826,0.055678416043519974,21.018552780151367,0.6906198859214783,-0.21556907892227173,0.0,0.0
4131,1032.5,46.050750732421875,48.03107833862305,131.7712860107422,110.07098388671875,112.64590454101562,0.00037919162423349917,0.055685121566057205,21.01849937438965,0.6906198859214783,-0.20584924519062042,0.0,0.0
4132,1032.75,45.62525177001953,47.271324157714844,128.0182647705078,110.03440856933594,113.69381713867188,0.0003435621038079262,0.055691156536340714,21.018451690673828,0.7006288170814514,-0.29123759269714355,0.0,0.0
4133,1033,45.68790054321289,47.79612350463867,131.04541015625,110.06304931640625,112.39010620117188,0.00031149553251452744,0.05569658800959587,21.018474578857422,0.6906198859214783,-0.18625280261039734,0.0,0.0
4134,1033.25,45.640235900878906,47.84343338012695,129.0654754638672,110.04718780517578,112.77381134033203,0.0002826356212608516,0.05570147559046745,21.018495559692383,0.7106378078460693,-0.2178759127855301,0.0,0.0
4135,1033.5,45.97825241088867,47.7497673034668,128.48843383789062,110.04322052001953,112.47702026367188,0.00025666170404292643,0.055705875158309937,21.01851463317871,0.6806108951568604,-0.194738507270813,0.0,0.0
4136,1033.75,45.7408561706543,47.72165298461914,128.6807861328125,110.03044128417969,113.2533187866211,0.00023328517272602767,0.0557098351418972,21.018531799316406,0.6906198859214783,-0.25700128078460693,0.0,0.0
4137,1034,46.280330657958984,47.84117126464844,131.9079132080078,110.04630279541016,112.79949188232422,0.0002135305549018085,0.05571339651942253,21.01854705810547,0.720646858215332,-0.21997448801994324,0.0,0.0
4138,1034.25,45.922576904296875,47.6600456237793,130.46226501464844,110.03617095947266,112.87850189208984,0.00019575140322558582,0.05571660399436951,21.0185604095459,0.7106378078460693,-0.2270275503396988,0.0,0.0
4139,1034.5,45.99895477294922,47.80754852294922,130.99578857421875,110.04277801513672,113.67159271240234,0.0001797501608962193,0.055719491094350815,21.018571853637695,0.7006288170814514,-0.28882017731666565,0.0,0.0
4140,1034.75,45.996849060058594,47.7284049987793,130.2592315673828,110.0502700805664,112.94121551513672,0.00016534904716536403,0.05572208762168884,21.018583297729492,0.7006288170814514,-0.23083144426345825,0.0,0.0
4141,1035,46.123905181884766,47.45823287963867,129.40589904785156,110.04057312011719,114.16592407226562,0.00016073691949713975,0.05572442337870598,21.018592834472656,0.720646858215332,-0.32762783765792847,0.0,0.0
4142,1035.25,46.16572189331055,47.769649505615234,130.26304626464844,110.03660583496094,113.6296157836914,0.00015658600023016334,0.0557192787528038,21.01860237121582,0.720646858215332,-0.2860318720340729,0.0,0.0
4143,1035.5,45.82122802734375,47.64045333862305,131.7147979736328,110.03572845458984,112.88541412353516,0.00015285017434507608,0.055714648216962814,21.01861000061035,0.7106378078460693,-0.227608323097229,0.0,0.0
4144,1035.75,46.09810256958008,47.63544464111328,129.57534790039062,110.03793334960938,112.97924041748047,0.00014948792522773147,0.055710483342409134,21.018617630004883,0.7006288170814514,-0.234825998544693,0.0,0.0
4145,1036,45.976173400878906,47.95222854614258,129.2959747314453,110.06393432617188,112.05084228515625,0.00015288656868506223,0.05570673197507858,21.01862335205078,0.7106378078460693,-0.1592688113451004,0.0,0.0
4146,1036.25,45.946502685546875,47.73740005493164,126.98096466064453,110.05158996582031,112.9451675415039,0.00015594535216223449,0.055703356862068176,21.01862907409668,0.720646858215332,-0.23103618621826172,0.0,0.0
4147,1036.5,45.5910530090332,48.380882263183594,129.03952026367188,110.04145812988281,112.54763793945312,0.00015869825438130647,0.05572931095957756,21.018634796142578,0.7406647801399231,-0.20046795904636383,0.0,0.0
4148,1036.75,45.89485549926758,47.75693130493164,125.63760375976562,110.02955627441406,113.00541687011719,0.0001611758634680882,0.05575266852974892,21.018638610839844,0.750673770904541,-0.23756614327430725,0.0,0.0
4149,1037,45.89457702636719,47.866310119628906,130.42257690429688,110.04630279541016,113.76986694335938,0.0001666190364630893,0.05577369034290314,21.01864242553711,0.7406647801399231,-0.2962280809879303,0.0,0.0
4150,1037.25,45.686885833740234,48.09886932373047,127.5580062866211,110.05291748046875,113.718017578125,0.0001715178950689733,0.055792611092329025,21.018646240234375,0.7406647801399231,-0.29163506627082825,0.0,0.0
4151,1037.5,45.84111785888672,47.60844802856445,130.21115112304688,110.04366302490234,113.29183959960938,0.00017592686344869435,0.055809639394283295,21.01865005493164,0.720646858215332,-0.25895941257476807,0.0,0.0
4152,1037.75,46.202667236328125,48.04359436035156,132.0651397705078,110.03440856933594,113.28640747070312,0.00017989493790082633,0.05582496523857117,21.018653869628906,0.7106378078460693,-0.259281188249588,0.0,0.0
4153,1038,45.94192886352539,47.578758239746094,129.9661407470703,110.03749084472656,113.69776916503906,0.00018346619617659599,0.05583875998854637,21.01865577697754,0.7106378078460693,-0.29129791259765625,0.0,0.0
4154,1038.25,45.78114700317383,47.96186447143555,128.146484375,110.03572845458984,113.31208801269531,0.00018796551739796996,0.05585117265582085,21.018657684326172,0.7106378078460693,-0.261191725730896,0.0,0.0
4155,1038.5,46.172203063964844,47.88873291015625,129.094482421875,110.02691650390625,113.41727447509766,0.00019201490795239806,0.05589133873581886,21.018892288208008,0.7006288170814514,-0.2701648771762848,0.0,0.0
4156,1038.75,45.85722732543945,47.688255310058594,130.574462890625,110.03440856933594,113.23751831054688,0.0001956593623617664,0.05592748895287514,21.01910400390625,0.7006288170814514,-0.2554383873939514,0.0,0.0
4157,1039,46.258819580078125,47.62857437133789,130.54469299316406,110.04190063476562,113.08442687988281,0.00019893937860615551,0.055960025638341904,21.01929473876953,0.6906198859214783,-0.2427888661623001,0.0,0.0
4158,1039.25,45.71775436401367,47.88822937011719,128.62811279296875,110.03572845458984,113.12541961669922,0.00020253402180969715,0.055989306420087814,21.019466400146484,0.7106378078460693,-0.2465149462223053,0.0,0.0
4159,1039.5,45.92737579345703,47.78940200805664,129.3814697265625,110.0238265991211,113.34368896484375,0.00020576918905135244,0.05605190619826317,21.019620895385742,0.7006288170814514,-0.26463690400123596,0.0,0.0
4160,1039.75,45.61867141723633,47.71669387817383,130.43020629882812,110.04498291015625,112.90862274169922,0.00020868083811365068,0.056108247488737106,21.019760131835938,0.7006288170814514,-0.22868947684764862,0.0,0.0
4161,1040,46.24827575683594,48.12615966796875,133.10166931152344,110.04409790039062,112.9599838256836,0.00021130133245605975,0.05615895241498947,21.01988410949707,0.7006288170814514,-0.23280997574329376,0.0,0.0
4162,1040.25,46.022708892822266,47.84162521362305,127.29544067382812,110.02867889404297,113.1950454711914,0.0002136597759090364,0.05620458722114563,21.019996643066406,0.7006288170814514,-0.2525622248649597,0.0,0.0
4163,1040.5,46.200374603271484,48.364158630371094,128.6807861328125,110.05203247070312,113.46121978759766,0.00022028209059499204,0.05624565854668617,21.020097732543945,0.7006288170814514,-0.27158159017562866,0.0,0.0
4164,1040.75,45.70282745361328,47.81848907470703,126.76801300048828,110.02338409423828,113.15603637695312,0.00022624217672273517,0.056268125772476196,21.02018928527832,0.7106378078460693,-0.2499222457408905,0.0,0.0
4165,1041,45.767982482910156,48.0317268371582,129.173095703125,110.03749084472656,113.46121978759766,0.00023160624550655484,0.05628834292292595,21.02027130126953,0.7106378078460693,-0.2727578282356262,0.0,0.0
4166,1041.25,45.820560455322266,47.65904235839844,129.8585205078125,110.0242691040039,112.9451675415039,0.0002364339161431417,0.056306540966033936,21.02034568786621,0.7106378078460693,-0.23324626684188843,0.0,0.0
4167,1041.5,45.87337112426758,47.73992156982422,129.873779296875,110.03396606445312,113.15455627441406,0.00024077881244011223,0.056322917342185974,21.02041244506836,0.7106378078460693,-0.24894985556602478,0.0,0.0
4168,1041.75,45.83858108520508,47.45478057861328,131.86363220214844,110.03352355957031,112.57528686523438,0.0002549784258008003,0.05631591007113457,21.020471572875977,0.7106378078460693,-0.20329689979553223,0.0,0.0
4169,1042,46.172401428222656,47.782264709472656,128.42965698242188,110.03264617919922,112.51898956298828,0.0002677580632735044,0.05630960315465927,21.020292282104492,0.7106378078460693,-0.19891494512557983,0.0,0.0
4170,1042.25,46.44123840332031,47.61671447753906,128.40066528320312,110.02955627441406,112.53923797607422,0.00027925975155085325,0.056303925812244415,21.020130157470703,0.7106378078460693,-0.200766459107399,0.0,0.0
4171,1042.5,46.01852035522461,48.18851852416992,129.31430053710938,110.02647399902344,112.61578369140625,0.000289611256448552,0.056298818439245224,21.01998519897461,0.720646858215332,-0.20706893503665924,0.0,0.0
4172,1042.75,45.84507369995117,48.12348937988281,130.2027587890625,110.03484344482422,113.04096984863281,0.0003060048329643905,0.0562724731862545,21.019855499267578,0.7106378078460693,-0.2399386316537857,0.0,0.0
4173,1043,45.8114128112793,47.92395782470703,130.9477081298828,110.02691650390625,113.37579345703125,0.0003207590780220926,0.05624876543879509,21.019737243652344,0.7106378078460693,-0.2669083774089813,0.0,0.0
4174,1043.25,45.817378997802734,47.5921516418457,130.45921325683594,110.03087615966797,113.3140640258789,0.0003340378752909601,0.0562274269759655,21.01963233947754,0.7006288170814514,-0.2617397904396057,0.0,0.0
4175,1043.5,45.6933708190918,47.67131042480469,129.35169982910156,110.02162170410156,112.6666488647461,0.0003573880239855498,0.05620822310447693,21.0195369720459,0.7006288170814514,-0.21148154139518738,0.0,0.0
4176,1043.75,45.831573486328125,47.91597366333008,135.6548309326172,110.02603149414062,112.849365234375,0.0003573880239855498,0.056190937757492065,21.019451141357422,0.6906198859214783,-0.2255498766899109,0.0,0.0
4177,1044,46.18560791015625,48.20872497558594,131.49879455566406,110.02823638916016,112.69578552246094,0.00036764732794836164,0.05617538094520569,21.01937484741211,0.7006288170814514,-0.21324817836284637,0.0,0.0
4178,1044.25,45.96503448486328,47.9380989074707,128.89297485351562,110.02030181884766,112.59455108642578,0.00037688069278374314,0.05616862699389458,21.019306182861328,0.7106378078460693,-0.20588941872119904,0.0,0.0
4179,1044.5,45.812767028808594,47.53717803955078,131.4965057373047,110.0150146484375,112.55455017089844,0.00038068677531555295,0.056162551045417786,21.019243240356445,0.7006288170814514,-0.20315413177013397,0.0,0.0
4180,1044.75,46.11140823364258,47.63838577270508,126.16273498535156,110.02118682861328,113.00788879394531,0.0003841122379526496,0.056157082319259644,21.01918601989746,0.7006288170814514,-0.23843756318092346,0.0,0.0
4181,1045,45.726688385009766,48.0097770690918,127.8449935913086,110.02162170410156,112.90023040771484,0.00038719517760910094,0.056152161210775375,21.019134521484375,0.7106378078460693,-0.2299177497625351,0.0,0.0
4182,1045.25,46.01729965209961,48.093990325927734,131.8598175048828,110.02162170410156,112.79257202148438,0.0003899698203895241,0.05616223067045212,21.019088745117188,0.7106378078460693,-0.2214251160621643,0.0,0.0
4183,1045.5,46.24860382080078,48.037620544433594,126.3077621459961,110.03087615966797,113.02368927001953,0.0003898934810422361,0.05617129057645798,21.0190486907959,0.7106378078460693,-0.2388986498117447,0.0,0.0
4184,1045.75,46.031890869140625,47.74416732788086,132.76812744140625,110.04145812988281,112.71652221679688,0.00038982476689852774,0.05617944523692131,21.019012451171875,0.7106378078460693,-0.21381612122058868,0.0,0.0
4185,1046,46.21369934082031,48.27381896972656,130.4011993408203,110.041015625,113.1841812133789,0.0003897629212588072,0.05618678405880928,21.018980026245117,0.7106378078460693,-0.25070974230766296,0.0,0.0
4186,1046.25,46.05763244628906,47.84840774536133,128.146484375,110.01942443847656,113.2947998046875,0.00038970724563114345,0.056186139583587646,21.018949508666992,0.720646858215332,-0.2611529529094696,0.0,0.0
4187,1046.5,46.0651969909668,47.67814636230469,129.96156311035156,110.007080078125,112.80738830566406,0.0003896571579389274,0.0561850368976593,21.018922805786133,0.7106378078460693,-0.22377100586891174,0.0,0.0
4188,1046.75,45.84982681274414,47.62159729003906,130.2523651123047,110.0322036743164,113.42912292480469,0.00038961207610554993,0.0561850368976593,21.018898010253906,0.7006288170814514,-0.2706669867038727,0.0,0.0
4189,1047,45.55141830444336,48.10879898071289,128.04649353027344,110.02955627441406,113.42369079589844,0.00038828523247502744,0.056184567511081696,21.018877029418945,0.7106378078460693,-0.2704547643661499,0.0,0.0
4190,1047.25,45.831024169921875,47.81468200683594,129.94094848632812,110.0083999633789,112.99702453613281,0.0003870910732075572,0.056169647723436356,21.018857955932617,0.7106378078460693,-0.23861686885356903,0.0,0.0
4191,1047.5,45.73158264160156,47.60871124267578,131.32476806640625,110.01721954345703,112.92689514160156,0.00038601632695645094,0.0561562217772007,21.018840789794922,0.7006288170814514,-0.23237644135951996,0.0,0.0
4192,1047.75,46.463775634765625,47.704429626464844,130.07376098632812,110.01898193359375,113.25479888916016,0.0003850490611512214,0.05614413693547249,21.01882553100586,0.7106378078460693,-0.2580450177192688,0.0,0.0
4193,1048,45.97472381591797,47.518157958984375,133.703125,110.01809692382812,113.48591613769531,0.0003873947134707123,0.05613326281309128,21.018810272216797,0.6906198859214783,-0.27626439929008484,0.0,0.0
4194,1048.25,46.00075149536133,47.84640121459961,127.5961685180664,110.01148986816406,112.98516845703125,0.00038950578891672194,0.056137971580028534,21.018796920776367,0.7006288170814514,-0.23743262887001038,0.0,0.0
4195,1048.5,45.70315170288086,47.88994216918945,130.7965850830078,110.01457214355469,112.96936798095703,0.0003914057742804289,0.056142207235097885,21.01878547668457,0.7006288170814514,-0.23593798279762268,0.0,0.0
4196,1048.75,45.89585876464844,47.5742301940918,130.7965850830078,110.01766204833984,112.61430358886719,0.0003931157407350838,0.05614602193236351,21.018774032592773,0.7006288170814514,-0.20766472816467285,0.0,0.0
4197,1049,45.703369140625,47.82650375366211,128.09153747558594,110.0158920288086,112.90911865234375,0.0003965848300140351,0.056149452924728394,21.01876449584961,0.7006288170814514,-0.2310824692249298,0.0,0.0
4198,1049.25,45.69853210449219,48.04383850097656,130.17832946777344,110.00752258300781,112.72887420654297,0.0003997070307377726,0.05616704002022743,21.018756866455078,0.7006288170814514,-0.21753716468811035,0.0,0.0
4199,1049.5,45.41935729980469,47.707374572753906,130.41342163085938,110.0083999633789,112.92443084716797,0.0004025170055683702,0.0561828687787056,21.018749237060547,0.6906198859214783,-0.23289602994918823,0.0,0.0
4200,1049.75,46.190940856933594,47.452598571777344,129.30361938476562,110.01985931396484,113.0123291015625,0.0004050459829159081,0.056197114288806915,21.018741607666016,0.7006288170814514,-0.23889485001564026,0.0,0.0
4201,1050,46.16453552246094,48.10921096801758,127.68852233886719,110.01325225830078,113.7076416015625,0.0004079653590451926,0.05620993673801422,21.018735885620117,0.6906198859214783,-0.29403191804885864,0.0,0.0
4202,1050.25,45.81544494628906,47.896888732910156,129.2165985107422,110.01545715332031,112.85084533691406,0.0004079653590451926,0.056221477687358856,21.01873016357422,0.6906198859214783,-0.22652189433574677,0.0,0.0
4203,1050.5,46.221309661865234,47.721473693847656,129.4852752685547,110.02030181884766,113.15504455566406,0.0004105927946511656,0.05622461438179016,21.01873016357422,0.6706019043922424,-0.25009360909461975,0.0,0.0
4204,1050.75,45.6945686340332,47.591007232666016,131.99034118652344,110.00531768798828,113.24295043945312,0.0004129574808757752,0.056227438151836395,21.01872444152832,0.6806108951568604,-0.25821924209594727,0.0,0.0
4205,1051,46.22065734863281,47.759361267089844,133.11618041992188,110.00663757324219,113.91110229492188,0.0004170011088717729,0.056229978799819946,21.01871681213379,0.6906198859214783,-0.31048160791397095,0.0,0.0
4206,1051.25,45.90825271606445,47.749568939208984,129.60128784179688,109.9991455078125,112.95405578613281,0.0004170011088717729,0.0562322661280632,21.01871681213379,0.7006288170814514,-0.23597992956638336,0.0,0.0
4207,1051.5,46.2444953918457,47.451229095458984,135.2350311279297,110.00884246826172,113.19652557373047,0.00041486514965072274,0.05623432248830795,21.018712997436523,0.7006288170814514,-0.2542840838432312,0.0,0.0
4208,1051.75,45.89826583862305,48.0506477355957,132.28726196289062,110.01016235351562,114.27456665039062,0.00041294278344139457,0.05622892454266548,21.018709182739258,0.6906198859214783,-0.338555246591568,0.0,0.0
4209,1052,45.9337158203125,47.87273406982422,131.5842742919922,110.00090789794922,113.50616455078125,0.0004112126771360636,0.05622406676411629,21.018705368041992,0.6906198859214783,-0.27924343943595886,0.0,0.0
4210,1052.25,45.76251983642578,47.74330520629883,127.58930206298828,110.00135040283203,113.14171600341797,0.0004096555639989674,0.05621969327330589,21.01870346069336,0.6906198859214783,-0.25057876110076904,0.0,0.0
4211,1052.5,45.86625289916992,47.58315658569336,127.94803619384766,109.9969482421875,112.43899536132812,0.0003960355243179947,0.05621575936675072,21.018701553344727,0.6906198859214783,-0.19547231495380402,0.0,0.0
4212,1052.75,45.877593994140625,47.73518371582031,131.10189819335938,110.01721954345703,113.17776489257812,0.00038377748569473624,0.056226715445518494,21.018699645996094,0.6806108951568604,-0.2521304786205292,0.0,0.0
4213,1053,45.965599060058594,47.85422134399414,128.48995971679688,110.0062026977539,113.740234375,0.0003727452422026545,0.05623657628893852,21.018465042114258,0.7006288170814514,-0.297153502702713,0.0,0.0
4214,1053.25,46.0238151550293,47.55527877807617,130.3981475830078,109.9903335571289,113.90863800048828,0.0003628162376116961,0.05624545365571976,21.018253326416016,0.6906198859214783,-0.31160858273506165,0.0,0.0
4215,1053.5,46.03008270263672,47.635623931884766,128.5075225830078,110.00444030761719,113.45282745361328,0.0003538801393005997,0.05624545365571976,21.018062591552734,0.6906198859214783,-0.27477359771728516,0.0,0.0
4216,1053.75,45.815982818603516,47.660308837890625,128.07015991210938,110.00487518310547,113.4597396850586,0.0003458376449998468,0.05625344067811966,21.01789093017578,0.6906198859214783,-0.2752809226512909,0.0,0.0
4217,1054,46.09783172607422,47.522518157958984,131.86517333984375,110.0057601928711,113.06961822509766,0.000307123817037791,0.05626710131764412,21.017736434936523,0.7006288170814514,-0.2445475310087204,0.0,0.0
4218,1054.25,45.988182067871094,47.53007507324219,131.2720947265625,110.00047302246094,113.46468353271484,0.00027228138060308993,0.05626710131764412,21.017597198486328,0.7006288170814514,-0.2760246694087982,0.0,0.0
4219,1054.5,45.86668014526367,47.3538818359375,132.21627807617188,109.99958801269531,113.05973815917969,0.00024092318199109286,0.056272923946380615,21.017473220825195,0.7006288170814514,-0.24426886439323425,0.0,0.0
4220,1054.75,46.03449249267578,47.94074249267578,130.95838928222656,110.02294921875,112.78467559814453,0.00021270080469548702,0.05627816542983055,21.01736068725586,0.720646858215332,-0.22069458663463593,0.0,0.0
4221,1055,45.88127136230469,47.75367736816406,127.82209777832031,109.99517822265625,114.31802368164062,0.0001873006549431011,0.05626838281750679,21.01725959777832,0.720646858215332,-0.34315264225006104,0.0,0.0
4222,1055.25,45.814456939697266,47.559486389160156,128.1029815673828,109.99077606201172,113.48641204833984,0.0001644405274419114,0.056259579956531525,21.017168045043945,0.7006288170814514,-0.27851417660713196,0.0,0.0
4223,1055.5,45.501068115234375,47.41847610473633,129.02731323242188,109.99165344238281,113.54517364501953,0.00014386640395969152,0.056251656264066696,21.017086029052734,0.7006288170814514,-0.28305110335350037,0.0,0.0
4224,1055.75,45.82109832763672,47.589900970458984,129.08531188964844,110.00487518310547,113.25677490234375,0.00010031324200099334,0.05624452605843544,21.01688003540039,0.6906198859214783,-0.259341835975647,0.0,0.0
4225,1056,45.77225112915039,47.25509262084961,132.6711883544922,109.99385833740234,113.59801483154297,6.111539551056921e-05,0.05623810738325119,21.016695022583008,0.6906198859214783,-0.2870143949985504,0.0,0.0
4226,1056.25,46.17878341674805,47.793025970458984,128.76397705078125,109.98945617675781,112.54269409179688,2.5837336579570547e-05,0.056232329457998276,21.016529083251953,0.7006288170814514,-0.20428495109081268,0.0,0.0
4227,1056.5,46.051212310791016,48.259613037109375,133.12991333007812,110.00267028808594,112.81578826904297,-5.912916094530374e-06,0.056248877197504044,21.016380310058594,0.7106378078460693,-0.22479072213172913,0.0,0.0
4228,1056.75,45.51084899902344,47.5838508605957,131.47970581054688,110.00090789794922,113.1229476928711,-3.384593583177775e-05,0.056263770908117294,21.016477584838867,0.7006288170814514,-0.24913755059242249,0.0,0.0
4229,1057,45.88142395019531,47.7464599609375,132.91696166992188,109.99165344238281,112.47257232666016,-5.898565359530039e-05,0.05627717450261116,21.016565322875977,0.7106378078460693,-0.1985590010881424,0.0,0.0
4230,1057.25,46.067752838134766,47.873260498046875,128.54949951171875,109.98768615722656,113.01973724365234,-8.16113970358856e-05,0.05628923699259758,21.016645431518555,0.7106378078460693,-0.24208220839500427,0.0,0.0
4231,1057.5,46.11012268066406,47.65333557128906,127.62670135498047,109.9810791015625,113.26072692871094,-8.977726247394457e-05,0.056300096213817596,21.0167179107666,0.7106378078460693,-0.2615780532360077,0.0,0.0
4232,1057.75,45.796417236328125,47.68968963623047,127.84651947021484,109.99517822265625,113.17479705810547,-9.712653991300613e-05,0.05630986765027046,21.016550064086914,0.7106378078460693,-0.2536807954311371,0.0,0.0
4233,1058,45.73231887817383,47.79902267456055,128.5830841064453,109.97755432128906,112.87602996826172,-0.00010374088742537424,0.05631866306066513,21.016399383544922,0.7106378078460693,-0.2315758764743805,0.0,0.0
4234,1058.25,46.16533279418945,47.68626403808594,129.9722442626953,109.99341583251953,113.12047576904297,-0.0001096938067348674,0.05632657930254936,21.01626205444336,0.7106378078460693,-0.24954953789710999,0.0,0.0
4235,1058.5,45.81670379638672,47.51288604736328,130.6759796142578,109.98548889160156,112.91109466552734,-9.707633580546826e-05,0.05633370205760002,21.01613998413086,0.6906198859214783,-0.23369835317134857,0.0,0.0
4236,1058.75,45.968448638916016,47.65111541748047,126.49475860595703,110.00928497314453,113.39801025390625,-8.572061778977513e-05,0.056340113282203674,21.01626205444336,0.6906198859214783,-0.27007901668548584,0.0,0.0
4237,1059,45.919647216796875,47.55054473876953,130.43325805664062,109.989013671875,113.30171203613281,-7.550047303084284e-05,0.05634588375687599,21.016372680664062,0.6906198859214783,-0.2641569972038269,0.0,0.0
4238,1059.25,46.07250213623047,47.833526611328125,128.90670776367188,109.99165344238281,113.27899932861328,-7.550047303084284e-05,0.056358326226472855,21.01647186279297,0.6906198859214783,-0.2621583640575409,0.0,0.0
4239,1059.5,46.08464813232422,48.127098083496094,128.9960174560547,109.99165344238281,113.19109344482422,-6.630233838222921e-05,0.05636952444911003,21.01647186279297,0.6806108951568604,-0.2552478015422821,0.0,0.0
4240,1059.75,45.7835578918457,47.816097259521484,128.66246032714844,109.99209594726562,112.73035430908203,-3.1683812267147005e-05,0.05637960508465767,21.01656150817871,0.6706019043922424,-0.2189025580883026,0.0,0.0
4241,1060,45.985782623291016,47.78843307495117,130.8118438720703,109.97799682617188,113.06171417236328,-5.27135853189975e-07,0.056388676166534424,21.01664161682129,0.6806108951568604,-0.24617183208465576,0.0,0.0
4242,1060.25,45.93407440185547,47.36338806152344,129.94247436523438,109.97358703613281,112.77430725097656,5.27507763763424e-05,0.056396838277578354,21.016714096069336,0.6806108951568604,-0.2238711267709732,0.0,0.0
4243,1060.5,45.92716598510742,47.838035583496094,128.67391967773438,109.98768615722656,112.84640502929688,5.27507763763424e-05,0.05640418455004692,21.01677894592285,0.6806108951568604,-0.22841890156269073,0.0,0.0
4244,1060.75,45.96673583984375,47.96640396118164,129.58450317382812,109.98812866210938,113.00146484375,7.546399137936532e-05,0.05641079694032669,21.01683807373047,0.6806108951568604,-0.24060696363449097,0.0,0.0
4245,1061,45.52938461303711,47.79789733886719,132.69102478027344,109.98460388183594,113.4335708618164,9.590588888386264e-05,0.05639500170946121,21.016889572143555,0.6706019043922424,-0.2748677134513855,0.0,0.0
4246,1061.25,46.29733657836914,47.74552917480469,130.5279083251953,109.97711181640625,113.23455810546875,0.00014003711112309247,0.05638078600168228,21.016937255859375,0.6906198859214783,-0.2598422169685364,0.0,0.0
4247,1061.5,46.00136184692383,47.81437301635742,129.98292541503906,109.97490692138672,113.15751647949219,0.00017975521041080356,0.05636799335479736,21.016979217529297,0.6906198859214783,-0.253961980342865,0.0,0.0
4248,1061.75,45.96227264404297,47.7086181640625,127.52136993408203,109.9823989868164,112.5431900024414,0.00021550149540416896,0.05635647848248482,21.017017364501953,0.6906198859214783,-0.2048952281475067,0.0,0.0
4249,1062,45.55958938598633,48.2487678527832,131.12478637695312,109.98328399658203,112.74763488769531,0.00024767316062934697,0.056346114724874496,21.017051696777344,0.7006288170814514,-0.22098015248775482,0.0,0.0
4250,1062.25,45.802188873291016,47.80213165283203,128.29151916503906,109.98063659667969,113.35504913330078,0.00027662765933200717,0.056315042078495026,21.01708221435547,0.6806108951568604,-0.2690245509147644,0.0,0.0
4251,1062.5,46.23302459716797,47.78355407714844,129.46923828125,109.97623443603516,113.01380920410156,0.0003071935207117349,0.056315042078495026,21.01711082458496,0.6706019043922424,-0.2425418645143509,0.0,0.0
4252,1062.75,45.96813201904297,47.91895294189453,127.52747344970703,109.98152160644531,113.30220794677734,0.0003347027814015746,0.05628707632422447,21.017135620117188,0.6706019043922424,-0.2648019790649414,0.0,0.0
4253,1063,45.74671173095703,47.76603317260742,129.94400024414062,109.96565246582031,112.82911682128906,0.0003594611189328134,0.05626190826296806,21.016925811767578,0.6806108951568604,-0.22883863747119904,0.0,0.0
4254,1063.25,45.999351501464844,47.28782272338867,129.2547607421875,109.96874237060547,113.22270202636719,0.0003817436227109283,0.056239254772663116,21.01673698425293,0.6806108951568604,-0.2595876455307007,0.0,0.0
4255,1063.5,46.27250289916992,47.47923278808594,130.56072998046875,109.97402954101562,112.47998046875,0.0004017978790216148,0.05623336508870125,21.01656723022461,0.6806108951568604,-0.20057162642478943,0.0,0.0
4256,1063.75,45.948978424072266,48.042022705078125,130.6538543701172,109.97843170166016,112.48738861083984,0.000415339891333133,0.05622806400060654,21.016414642333984,0.6806108951568604,-0.20080171525478363,0.0,0.0
4257,1064,46.18751907348633,47.82548141479492,129.59747314453125,109.97314453125,112.91554260253906,0.00042752770241349936,0.05622329190373421,21.016277313232422,0.6806108951568604,-0.23504826426506042,0.0,0.0
4258,1064.25,46.322105407714844,48.20722198486328,129.79135131835938,109.97138214111328,112.64936065673828,0.0004384967323858291,0.05621899664402008,21.01615333557129,0.6906198859214783,-0.2141813486814499,0.0,0.0
4259,1064.5,45.8777961730957,47.7932014465332,129.52725219726562,109.97843170166016,113.08393859863281,0.00044386310037225485,0.05621512979269028,21.016040802001953,0.6906198859214783,-0.24788643419742584,0.0,0.0
4260,1064.75,45.77613067626953,47.64573669433594,130.59584045410156,109.97093963623047,113.29529571533203,0.00044869285193271935,0.056211650371551514,21.015939712524414,0.6906198859214783,-0.26511576771736145,0.0,0.0
4261,1065,46.340538024902344,47.85533905029297,129.85011291503906,109.9559555053711,113.29331970214844,0.00045303962542675436,0.05624476820230484,21.015850067138672,0.6906198859214783,-0.2661735713481903,0.0,0.0
4262,1065.25,45.62822723388672,48.213539123535156,130.28060913085938,109.96785736083984,112.76837921142578,0.0004569517041090876,0.056274574249982834,21.01576805114746,0.7006288170814514,-0.2238667607307434,0.0,0.0
4263,1065.5,46.33498001098633,47.5875358581543,127.61982727050781,109.96653747558594,113.48887634277344,0.000454680499387905,0.05630139634013176,21.015695571899414,0.6906198859214783,-0.28066927194595337,0.0,0.0
4264,1065.75,46.197120666503906,47.689884185791016,127.46794128417969,109.97534942626953,113.5639419555664,0.00045263642095960677,0.05632553622126579,21.015628814697266,0.6906198859214783,-0.28584226965904236,0.0,0.0
4265,1066,45.96940994262695,48.069881439208984,129.58984375,109.96257019042969,113.2493667602539,0.00045079673873260617,0.05634726211428642,21.01556968688965,0.6906198859214783,-0.2621834874153137,0.0,0.0
4266,1066.25,45.892295837402344,47.929100036621094,134.09088134765625,109.94979095458984,113.6770248413086,0.0004491410218179226,0.05635956674814224,21.01551628112793,0.6806108951568604,-0.2967711389064789,0.0,0.0
4267,1066.5,45.846923828125,48.092735290527344,130.35006713867188,109.96080780029297,113.34961700439453,0.00044765087659470737,0.05637064203619957,21.01546859741211,0.6706019043922424,-0.270203173160553,0.0,0.0
4268,1066.75,45.907344818115234,47.91299057006836,131.0606689453125,109.9563980102539,112.83356475830078,0.00044180641998536885,0.056380610913038254,21.015424728393555,0.6806108951568604,-0.22993898391723633,0.0,0.0
4269,1067,45.78895950317383,48.08820724487305,128.2640380859375,109.95243072509766,113.51801300048828,0.000436546397395432,0.05638958141207695,21.0153865814209,0.6906198859214783,-0.2840968072414398,0.0,0.0
4270,1067.25,45.73562240600586,47.94607162475586,127.08706665039062,109.96565246582031,113.07998657226562,0.00043181239743717015,0.056404903531074524,21.015352249145508,0.6906198859214783,-0.24860990047454834,0.0,0.0
4271,1067.5,46.12107467651367,47.77692413330078,130.37142944335938,109.95552062988281,113.12146759033203,0.00042755180038511753,0.05641869455575943,21.01531982421875,0.6906198859214783,-0.25269487500190735,0.0,0.0
4272,1067.75,45.6546630859375,48.202972412109375,130.501953125,109.95728302001953,113.44097900390625,0.00042371725430712104,0.056431107223033905,21.015291213989258,0.6906198859214783,-0.2776607573032379,0.0,0.0
4273,1068,45.837459564208984,47.28620910644531,129.04867553710938,109.95463562011719,113.0775146484375,0.0004176933434791863,0.05644227936863899,21.01526641845703,0.6806108951568604,-0.24930724501609802,0.0,0.0
4274,1068.25,46.00465774536133,47.95246505737305,130.86375427246094,109.94493865966797,113.5901107788086,0.00041227182373404503,0.056466832756996155,21.015243530273438,0.6806108951568604,-0.29035550355911255,0.0,0.0
4275,1068.5,45.78872299194336,47.594600677490234,126.64588928222656,109.96168518066406,113.04393768310547,0.0004073924501426518,0.05648893117904663,21.015222549438477,0.7006288170814514,-0.24609273672103882,0.0,0.0
4276,1068.75,46.28554153442383,47.55006408691406,132.47044372558594,109.9630126953125,113.1446762084961,0.00040300103137269616,0.05650881677865982,21.01520347595215,0.7006288170814514,-0.253915011882782,0.0,0.0
4277,1069,45.963279724121094,47.940773010253906,124.40033721923828,109.94802856445312,113.11257934570312,0.0003990487603005022,0.05652671679854393,21.015186309814453,0.7006288170814514,-0.25260210037231445,0.0,0.0
4278,1069.25,46.02537155151367,47.86799621582031,128.51820373535156,109.94053649902344,112.99356842041016,0.00039291923167183995,0.0565645769238472,21.01517105102539,0.7106378078460693,-0.24383747577667236,0.0,0.0
4279,1069.5,45.753292083740234,47.93998718261719,136.59060668945312,109.95463562011719,113.08837890625,0.000387402658816427,0.05659865215420723,21.01515769958496,0.7106378078460693,-0.25016236305236816,0.0,0.0
4280,1069.75,45.80203628540039,48.19754409790039,129.97071838378906,109.9559555053711,113.1664047241211,0.0003824377490673214,0.05662931874394417,21.015146255493164,0.7106378078460693,-0.2561957538127899,0.0,0.0
4281,1070,45.711265563964844,47.816585540771484,127.58395385742188,109.94229888916016,113.43702697753906,0.00037796932156197727,0.05665691941976547,21.015134811401367,0.7006288170814514,-0.2785640060901642,0.0,0.0
4282,1070.25,45.98099899291992,47.59258270263672,125.05293273925781,109.94670104980469,112.87010955810547,0.00036751790321432054,0.056681759655475616,21.015125274658203,0.6906198859214783,-0.23360686004161835,0.0,0.0
4283,1070.5,46.1253662109375,47.427093505859375,130.86680603027344,109.95948028564453,112.78022766113281,0.00034964599763043225,0.05668236315250397,21.015108108520508,0.7006288170814514,-0.22548019886016846,0.0,0.0
4284,1070.75,46.084022521972656,48.13242721557617,130.09283447265625,109.94802856445312,113.76838684082031,0.00034202690585516393,0.05668290704488754,21.015100479125977,0.6906198859214783,-0.30406543612480164,0.0,0.0
4285,1071,45.90596008300781,47.96653747558594,128.42813110351562,109.92510986328125,113.12689971923828,0.00032552919583395123,0.05668339505791664,21.015094757080078,0.7006288170814514,-0.2555846869945526,0.0,0.0
4286,1071.25,45.727638244628906,47.46253204345703,123.966796875,109.93347930908203,113.39900207519531,0.00031068126554600894,0.05668383464217186,21.01508903503418,0.6906198859214783,-0.27629339694976807,0.0,0.0
4287,1071.5,45.78368377685547,47.931846618652344,130.18443298339844,109.95552062988281,113.3688735961914,0.00029731812537647784,0.056684233248233795,21.01508331298828,0.6906198859214783,-0.2721434235572815,0.0,0.0
4288,1071.75,46.235389709472656,47.396240234375,132.5261688232422,109.94758605957031,113.83159637451172,0.00029731812537647784,0.05667734146118164,21.01508331298828,0.7006288170814514,-0.30904605984687805,0.0,0.0
4289,1072,45.65814208984375,47.91752243041992,130.3317413330078,109.93392181396484,113.62171936035156,0.00028529128758236766,0.0566711388528347,21.015077590942383,0.7106378078460693,-0.29372426867485046,0.0,0.0
4290,1072.25,45.79189682006836,47.957794189453125,129.4135284423828,109.9303970336914,112.63849639892578,0.00027446713647805154,0.05666555464267731,21.015073776245117,0.7106378078460693,-0.21664059162139893,0.0,0.0
4291,1072.5,45.700130462646484,48.292808532714844,132.1949005126953,109.94229888916016,113.5466537475586,0.00025894318241626024,0.05666052922606468,21.01506996154785,0.7006288170814514,-0.2871628701686859,0.0,0.0
4292,1072.75,46.00579071044922,47.907684326171875,131.80792236328125,109.93480682373047,113.5249252319336,0.0002449716266710311,0.05664875730872154,21.015066146850586,0.7006288170814514,-0.28606584668159485,0.0,0.0
4293,1073,46.11046600341797,48.06855010986328,129.22804260253906,109.9290771484375,113.78270721435547,0.00023239724396262318,0.05663816258311272,21.01506233215332,0.7006288170814514,-0.30672043561935425,0.0,0.0
4294,1073.25,46.06726837158203,47.69356918334961,127.1504135131836,109.93215942382812,113.27159118652344,0.00022108029224909842,0.056628625839948654,21.015060424804688,0.7006288170814514,-0.2663927972316742,0.0,0.0
4295,1073.5,45.809181213378906,47.63140869140625,131.17745971679688,109.93744659423828,112.8365249633789,0.00021598819876089692,0.05660507082939148,21.015058517456055,0.6906198859214783,-0.23170655965805054,0.0,0.0
4296,1073.75,46.025238037109375,47.45302200317383,128.21517944335938,109.94009399414062,113.10467529296875,0.00021140532044228166,0.05659159645438194,21.015056610107422,0.6906198859214783,-0.2526228427886963,0.0,0.0
4297,1074,45.87907028198242,47.58858871459961,127.47404479980469,109.9303970336914,113.62665557861328,0.00020728072558995336,0.05657946690917015,21.015140533447266,0.6906198859214783,-0.2943960726261139,0.0,0.0
4298,1074.25,45.95682907104492,47.9299201965332,129.67379760742188,109.92555236816406,113.41085052490234,0.0002035685902228579,0.05656855180859566,21.015216827392578,0.6906198859214783,-0.277865469455719,0.0,0.0
4299,1074.5,46.19758605957031,48.11402893066406,128.5166778564453,109.93524169921875,113.87702941894531,0.00020022765966132283,0.05655872821807861,21.01528549194336,0.7106378078460693,-0.31359797716140747,0.0,0.0
4300,1074.75,46.09793472290039,47.599735260009766,130.45082092285156,109.93965148925781,113.55455780029297,0.00019722082652151585,0.05655872821807861,21.01534652709961,0.7106378078460693,-0.28799641132354736,0.0,0.0
4301,1075,46.043033599853516,47.80716323852539,129.43260192871094,109.91806030273438,113.46369171142578,0.0002092985960189253,0.056571636348962784,21.01540184020996,0.720646858215332,-0.2826189398765564,0.0,0.0
4302,1075.25,46.058860778808594,47.86737060546875,128.54721069335938,109.92334747314453,113.49678039550781,0.00022016858565621078,0.05658325180411339,21.015451431274414,0.720646858215332,-0.28478649258613586,0.0,0.0
4303,1075.5,45.8620719909668,47.69903564453125,130.9446563720703,109.92422485351562,112.86763763427734,0.0002299515763297677,0.05659370869398117,21.0154972076416,0.720646858215332,-0.23523187637329102,0.0,0.0
4304,1075.75,46.30045700073242,48.027191162109375,127.05805969238281,109.9198226928711,112.7822036743164,0.00023875627084635198,0.056603118777275085,21.01553726196289,0.7106378078460693,-0.22884736955165863,0.0,0.0
4305,1076,45.932342529296875,47.849212646484375,125.68492889404297,109.91849517822266,112.7318344116211,0.0002569720963947475,0.0565902478992939,21.015573501586914,0.720646858215332,-0.22497844696044922,0.0,0.0
4306,1076.25,46.17572784423828,47.67002487182617,131.90333557128906,109.91497039794922,113.2054214477539,0.0002733663422986865,0.05657866597175598,21.015605926513672,0.7106378078460693,-0.2625829875469208,0.0,0.0
4307,1076.5,45.83454132080078,47.865623474121094,130.22869873046875,109.921142578125,113.2725830078125,0.0002881211694329977,0.056568242609500885,21.015634536743164,0.720646858215332,-0.2673627436161041,0.0,0.0
4308,1076.75,45.87564468383789,47.7733154296875,131.0225067138672,109.9118881225586,113.94715118408203,0.0003014005196746439,0.05655886232852936,21.015661239624023,0.7106378078460693,-0.3209688365459442,0.0,0.0
4309,1077,46.119300842285156,47.89962387084961,130.4927978515625,109.90879821777344,113.36788940429688,0.0003191432333551347,0.056550417095422745,21.01568603515625,0.7006288170814514,-0.2758495509624481,0.0,0.0
4310,1077.25,46.146575927734375,47.64832305908203,130.4805908203125,109.91673278808594,113.63504791259766,0.0003351116902194917,0.056557320058345795,21.01570701599121,0.7106378078460693,-0.29616060853004456,0.0,0.0
4311,1077.5,46.1238899230957,47.739749908447266,125.31397247314453,109.91497039794922,113.76888275146484,0.0003494833072181791,0.05656353011727333,21.01572608947754,0.7006288170814514,-0.3067814111709595,0.0,0.0
4312,1077.75,45.79287338256836,48.2224235534668,123.1279525756836,109.91365051269531,113.65924835205078,0.0003624177479650825,0.05656912177801132,21.015743255615234,0.7106378078460693,-0.2983056604862213,0.0,0.0
4313,1078,45.93925476074219,47.46198654174805,129.3379669189453,109.90571594238281,113.20146942138672,0.0003740587562788278,0.056574154645204544,21.015758514404297,0.7106378078460693,-0.2630218267440796,0.0,0.0
4314,1078.25,45.73249816894531,47.888160705566406,131.51023864746094,109.90130615234375,112.68887329101562,0.00038453564047813416,0.056578680872917175,21.015771865844727,0.7106378078460693,-0.22297720611095428,0.0,0.0
4315,1078.5,46.1872673034668,48.04896545410156,128.93800354003906,109.91541290283203,112.024169921875,0.000393964844988659,0.05657550320029259,21.015785217285156,0.7006288170814514,-0.16916988790035248,0.0,0.0
4316,1078.75,46.11659240722656,47.879119873046875,131.71556091308594,109.90263366699219,112.19849395751953,0.0004037384642288089,0.05657264217734337,21.015796661376953,0.7006288170814514,-0.18404732644557953,0.0,0.0
4317,1079,45.893821716308594,47.7589111328125,130.20962524414062,109.89028930664062,112.58615112304688,0.0004125347186345607,0.05657006800174713,21.01572036743164,0.7006288170814514,-0.21575118601322174,0.0,0.0
4318,1079.25,45.90397644042969,48.251895904541016,133.05206298828125,109.89998626708984,112.76541137695312,0.0004204513388685882,0.05656775087118149,21.01565170288086,0.720646858215332,-0.22912827134132385,0.0,0.0
4319,1079.5,45.665035247802734,47.70969772338867,132.10177612304688,109.90571594238281,112.18269348144531,0.0004275763058103621,0.05656566470861435,21.01559066772461,0.720646858215332,-0.18254372477531433,0.0,0.0
4320,1079.75,45.853946685791016,47.62571334838867,130.350830078125,109.8885269165039,112.67603302001953,0.00043398875277489424,0.056563787162303925,21.015535354614258,0.720646858215332,-0.22299839556217194,0.0,0.0
4321,1080,46.09765625,47.46012496948242,129.45703125,109.8960189819336,112.45331573486328,0.00043975995504297316,0.05656209960579872,21.015485763549805,0.7006288170814514,-0.20477794110774994,0.0,0.0
4322,1080.25,46.36271286010742,48.079010009765625,131.19424438476562,109.88941192626953,112.64788055419922,0.0004449540574569255,0.05656057968735695,21.015439987182617,0.7106378078460693,-0.22070221602916718,0.0,0.0
4323,1080.5,45.77947998046875,48.03877258300781,130.6156768798828,109.89337921142578,112.35356140136719,0.00044962874380871654,0.05655921250581741,21.015399932861328,0.720646858215332,-0.1970914602279663,0.0,0.0
4324,1080.75,45.85191345214844,47.8858528137207,130.55996704101562,109.88279724121094,112.35356140136719,0.0004493308952078223,0.05655798316001892,21.015363693237305,0.720646858215332,-0.19794861972332,0.0,0.0
4325,1081,45.91351318359375,47.92374038696289,127.6656265258789,109.87090301513672,113.02269744873047,0.0004490628489293158,0.05655687674880028,21.015331268310547,0.73065584897995,-0.251772403717041,0.0,0.0
4326,1081.25,45.65556716918945,48.32532501220703,125.11476135253906,109.87266540527344,113.39405822753906,0.00044882160727865994,0.056541383266448975,21.015300750732422,0.73065584897995,-0.28083136677742004,0.0,0.0
4327,1081.5,46.14585876464844,47.972068786621094,127.13667297363281,109.8792724609375,113.05430603027344,0.0004486044927034527,0.05652743950486183,21.015274047851562,0.7406647801399231,-0.2535836398601532,0.0,0.0
4328,1081.75,45.95871353149414,47.848873138427734,130.16688537597656,109.88764953613281,113.68888092041016,0.0004484090895857662,0.056514889001846313,21.015249252319336,0.73065584897995,-0.3027324676513672,0.0,0.0
4329,1082,46.045082092285156,48.01216125488281,128.40371704101562,109.86296844482422,114.22518157958984,0.00043729759636335075,0.05650359392166138,21.015228271484375,0.720646858215332,-0.3466263711452484,0.0,0.0
4330,1082.25,46.226661682128906,47.72239685058594,127.75569152832031,109.86384582519531,113.33381652832031,0.00042729725828394294,0.05650067701935768,21.015209197998047,0.73065584897995,-0.2768150269985199,0.0,0.0
4331,1082.5,46.248191833496094,47.90834426879883,133.53750610351562,109.87663269042969,113.22220611572266,0.00041019669151864946,0.056498050689697266,21.01519203186035,0.7106378078460693,-0.2670084238052368,0.0,0.0
4332,1082.75,45.7663688659668,47.398956298828125,129.14866638183594,109.86032104492188,113.0424575805664,0.00041019669151864946,0.05649568885564804,21.01517677307129,0.7106378078460693,-0.2541857957839966,0.0,0.0
4333,1083,45.94206619262695,47.94925308227539,131.47207641601562,109.85768127441406,113.0775146484375,0.0004029064439237118,0.05649356171488762,21.015161514282227,0.7106378078460693,-0.2571602165699005,0.0,0.0
4334,1083.25,45.61568069458008,47.7166862487793,128.1716766357422,109.8700180053711,112.05528259277344,0.00038674738607369363,0.0564844012260437,21.015148162841797,0.7106378078460693,-0.1753196120262146,0.0,0.0
4335,1083.5,45.8316650390625,47.82566833496094,128.2289276123047,109.86032104492188,112.10911560058594,0.00037220423109829426,0.056476157158613205,21.01513671875,0.7106378078460693,-0.18038086593151093,0.0,0.0
4336,1083.75,45.98781967163086,47.6912841796875,132.4666290283203,109.86032104492188,112.81578826904297,0.00035911539453081787,0.05646873638033867,21.015127182006836,0.720646858215332,-0.2363177388906479,0.0,0.0
4337,1084,45.95282745361328,48.4310302734375,129.3616180419922,109.8545913696289,112.68738555908203,0.00034733544453047216,0.05646205693483353,21.015117645263672,0.720646858215332,-0.226644366979599,0.0,0.0
4338,1084.25,46.45683670043945,47.77454376220703,130.86680603027344,109.86869812011719,112.55652618408203,0.00033673347206786275,0.05645604431629181,21.01511001586914,0.7106378078460693,-0.2151581197977066,0.0,0.0
4339,1084.5,45.76987075805664,48.16840744018555,128.95785522460938,109.8625259399414,113.45430755615234,0.0003265487030148506,0.05645063519477844,21.01510238647461,0.7106378078460693,-0.28638145327568054,0.0,0.0
4340,1084.75,45.89592742919922,47.835060119628906,131.2537841796875,109.85900115966797,114.16443634033203,0.0003173823934048414,0.05644576624035835,21.015241622924805,0.7106378078460693,-0.3422124683856964,0.0,0.0
4341,1085,45.809486389160156,48.4063720703125,129.6432647705078,109.85503387451172,113.46171569824219,0.0003091327380388975,0.05644138529896736,21.01536750793457,0.7106378078460693,-0.28756949305534363,0.0,0.0
4342,1085.25,46.190162658691406,48.33620071411133,132.14605712890625,109.86825561523438,113.75159454345703,0.0003017080307472497,0.05643744021654129,21.015480041503906,0.7106378078460693,-0.30921250581741333,0.0,0.0
4343,1085.5,46.290809631347656,47.84868240356445,131.60870361328125,109.85503387451172,113.14912414550781,0.00029952553450129926,0.056433890014886856,21.015581130981445,0.7106378078460693,-0.2630103528499603,0.0,0.0
4344,1085.75,45.62792205810547,47.743743896484375,130.04017639160156,109.85503387451172,112.49825286865234,0.00029756128787994385,0.05639444664120674,21.015439987182617,0.7006288170814514,-0.2116554230451584,0.0,0.0
4345,1086,45.77722930908203,47.99797439575195,130.62789916992188,109.84754180908203,113.13035583496094,0.00029579346301034093,0.0563589483499527,21.01531219482422,0.6906198859214783,-0.2621408700942993,0.0,0.0
4346,1086.25,45.66950607299805,47.991188049316406,129.94247436523438,109.84974670410156,112.97035217285156,0.0002942024148069322,0.05632700026035309,21.01519775390625,0.6906198859214783,-0.24936291575431824,0.0,0.0
4347,1086.5,46.25349044799805,47.94175720214844,131.95523071289062,109.8519515991211,112.61825561523438,0.00030241653439588845,0.05629824846982956,21.015094757080078,0.7106378078460693,-0.22139576077461243,0.0,0.0
4348,1086.75,45.7525520324707,48.07109451293945,131.05990600585938,109.8453369140625,112.93578338623047,0.0003098092565778643,0.05627237260341644,21.01500129699707,0.7106378078460693,-0.24699553847312927,0.0,0.0
4349,1087,46.402671813964844,48.234397888183594,131.26217651367188,109.83916473388672,113.14517211914062,0.0003164626832585782,0.05626317113637924,21.014917373657227,0.7106378078460693,-0.26398539543151855,0.0,0.0
4350,1087.25,45.76448059082031,47.7660026550293,128.28768920898438,109.84709930419922,112.74813079833984,0.0003224507672712207,0.05625488981604576,21.014842987060547,0.7006288170814514,-0.2320491224527359,0.0,0.0
4351,1087.5,46.11956024169922,47.97089385986328,128.67237854003906,109.83255767822266,113.10023498535156,0.0003362037823535502,0.05624743551015854,21.0147762298584,0.7006288170814514,-0.2609846293926239,0.0,0.0
4352,1087.75,46.24571228027344,47.88064956665039,127.34275817871094,109.83035278320312,113.23208618164062,0.00034858149592764676,0.05624072626233101,21.01471519470215,0.7106378078460693,-0.27153509855270386,0.0,0.0
4353,1088,46.20050811767578,48.13318634033203,127.04584503173828,109.83784484863281,113.6296157836914,0.0003597214526962489,0.05626368522644043,21.014659881591797,0.720646858215332,-0.3021259009838104,0.0,0.0
4354,1088.25,45.932884216308594,47.911865234375,129.9974365234375,109.83476257324219,113.52196502685547,0.0003697474021464586,0.056284349411726,21.014610290527344,0.73065584897995,-0.29393813014030457,0.0,0.0
4355,1088.5,45.93852996826172,47.63457489013672,126.41385650634766,109.83035278320312,112.64887237548828,0.00037877075374126434,0.05630294606089592,21.01456642150879,0.720646858215332,-0.22556620836257935,0.0,0.0
4356,1088.75,45.92988586425781,47.98444747924805,130.10581970214844,109.83432006835938,112.697265625,0.0003823878359980881,0.05631968379020691,21.0145263671875,0.7106378078460693,-0.2290678471326828,0.0,0.0
4357,1089,45.77850341796875,47.45399856567383,127.6999740600586,109.81889343261719,113.16986083984375,0.0003856432158499956,0.056327495723962784,21.014490127563477,0.7106378078460693,-0.2675710618495941,0.0,0.0
4358,1089.25,46.20907211303711,47.715187072753906,131.0828094482422,109.82462310791016,113.6419677734375,0.0003885730402544141,0.05633452907204628,21.01445770263672,0.7106378078460693,-0.3041653633117676,0.0,0.0
4359,1089.5,46.211212158203125,47.954315185546875,130.97518920898438,109.8259506225586,112.54170989990234,0.0003912098763976246,0.05634085834026337,21.014429092407227,0.7106378078460693,-0.21745015680789948,0.0,0.0
4360,1089.75,46.23180389404297,47.77044677734375,130.5912628173828,109.82154083251953,112.4780044555664,0.00037943440838716924,0.056346554309129715,21.014402389526367,0.720646858215332,-0.21276721358299255,0.0,0.0
4361,1090,46.260807037353516,48.22453689575195,128.09840393066406,109.80787658691406,113.64838409423828,0.0003688364813569933,0.056337181478738785,21.014379501342773,0.73065584897995,-0.3060257136821747,0.0,0.0
4362,1090.25,45.74033737182617,47.70334243774414,130.96603393554688,109.82771301269531,112.86566162109375,0.0003592983412090689,0.05632874742150307,21.014358520507812,0.7106378078460693,-0.2428952008485794,0.0,0.0
4363,1090.5,45.97983932495117,48.00175476074219,127.72210693359375,109.8193359375,112.79800415039062,0.000350714020896703,0.0563211552798748,21.014339447021484,0.720646858215332,-0.2382364571094513,0.0,0.0
4364,1090.75,45.78092956542969,47.73500061035156,130.2462615966797,109.81272888183594,112.74121856689453,0.00034298814716748893,0.05631432309746742,21.01432228088379,0.7106378078460693,-0.23428939282894135,0.0,0.0
4365,1091,46.02735900878906,47.87144088745117,128.44264221191406,109.8105239868164,113.0794906616211,0.0003154737059958279,0.05630817636847496,21.014307022094727,0.7106378078460693,-0.26113763451576233,0.0,0.0
4366,1091.25,46.08008575439453,48.207027435302734,129.8768310546875,109.81757354736328,112.46566009521484,0.00029071071185171604,0.05631713941693306,21.014293670654297,0.7106378078460693,-0.21211184561252594,0.0,0.0
4367,1091.5,45.5379753112793,48.01533126831055,130.59202575683594,109.8021469116211,112.46516418457031,0.00026842401712201536,0.05632520839571953,21.014280319213867,0.7106378078460693,-0.21332316100597382,0.0,0.0
4368,1091.75,46.0072021484375,47.263084411621094,130.42257690429688,109.7933349609375,112.76985931396484,0.00023360009072348475,0.05633246898651123,21.01426887512207,0.7106378078460693,-0.23812255263328552,0.0,0.0
4369,1092,45.374603271484375,48.12482833862305,131.7621307373047,109.79994201660156,112.2542953491211,0.0002022585686063394,0.05633900314569473,21.014259338378906,0.7006288170814514,-0.1967952847480774,0.0,0.0
4370,1092.25,46.15311050415039,47.84447479248047,127.7266845703125,109.80655670166016,112.79257202148438,0.000174051194335334,0.056344885379076004,21.014249801635742,0.7006288170814514,-0.23884360492229462,0.0,0.0
4371,1092.5,45.95347213745117,47.69690704345703,127.54960632324219,109.78936767578125,113.45875549316406,0.00014866454876028,0.0563284307718277,21.01424217224121,0.7006288170814514,-0.2926604151725769,0.0,0.0
4372,1092.75,46.05132293701172,47.996116638183594,127.07561492919922,109.78936767578125,112.7733154296875,0.00011490333417896181,0.05631362274289131,21.01423454284668,0.7006288170814514,-0.23871715366840363,0.0,0.0
4373,1093,46.1827507019043,47.91996383666992,129.52572631835938,109.78231811523438,112.85035705566406,8.451823669020087e-05,0.056300293654203415,21.01422882080078,0.7106378078460693,-0.2453683763742447,0.0,0.0
4374,1093.25,46.13985824584961,47.951236724853516,130.9591522216797,109.79641723632812,112.65874481201172,5.717164822272025e-05,0.05628829821944237,21.014223098754883,0.7106378078460693,-0.22909724712371826,0.0,0.0
4375,1093.5,45.790714263916016,47.83805465698242,130.38059997558594,109.77835083007812,112.60393524169922,3.255972114857286e-05,0.0562557578086853,21.014217376708984,0.7006288170814514,-0.22623015940189362,0.0,0.0
4376,1093.75,45.636802673339844,47.63998031616211,127.76026916503906,109.78231811523438,112.48245239257812,1.0408986781840213e-05,0.056226473301649094,21.014211654663086,0.7106378078460693,-0.2162991613149643,0.0,0.0
4377,1094,45.78880310058594,47.77397155761719,127.71142578125,109.78011322021484,112.9886245727539,-1.4662555258837529e-05,0.056200116872787476,21.01420783996582,0.7106378078460693,-0.25644752383232117,0.0,0.0
4378,1094.25,46.01021957397461,47.54168701171875,128.28921508789062,109.78628540039062,113.0468978881836,-3.7226942367851734e-05,0.05617639422416687,21.014204025268555,0.7106378078460693,-0.26053664088249207,0.0,0.0
4379,1094.5,45.96670913696289,47.81679916381836,127.796142578125,109.77526092529297,113.19850158691406,-5.753488949267194e-05,0.05614054575562477,21.01420021057129,0.7106378078460693,-0.2733607590198517,0.0,0.0
4380,1094.75,45.43403244018555,47.2374267578125,130.96603393554688,109.76380920410156,113.45875549316406,-7.58120440877974e-05,0.05610828474164009,21.014196395874023,0.7106378078460693,-0.29473283886909485,0.0,0.0
4381,1095,45.994205474853516,47.84574890136719,130.21420288085938,109.76600646972656,113.10072326660156,-9.226148540619761e-05,0.05607924982905388,21.01419448852539,0.7006288170814514,-0.26641905307769775,0.0,0.0
4382,1095.25,46.32931137084961,48.048583984375,132.096435546875,109.78319549560547,112.08195495605469,-0.00010706597822718322,0.05605311691761017,21.014192581176758,0.7006288170814514,-0.18447525799274445,0.0,0.0
4383,1095.5,46.13494873046875,47.57145309448242,129.26010131835938,109.76336669921875,112.82022857666016,-0.00012039002467645332,0.05602959915995598,21.014190673828125,0.720646858215332,-0.2445279061794281,0.0,0.0
4384,1095.75,45.17987823486328,47.73052978515625,128.82351684570312,109.76512908935547,112.95751190185547,-0.00012660393258556724,0.05600843206048012,21.014188766479492,0.7106378078460693,-0.25521063804626465,0.0,0.0
4385,1096,46.04633712768555,47.758541107177734,131.88729858398438,109.76776885986328,112.10071563720703,-0.00013219645188655704,0.055989380925893784,21.01418685913086,0.7106378078460693,-0.18721620738506317,0.0,0.0
4386,1096.25,45.266143798828125,47.99736022949219,129.9058380126953,109.76468658447266,112.458251953125,-0.00013722972653340548,0.05597223713994026,21.014184951782227,0.720646858215332,-0.21581369638442993,0.0,0.0
4387,1096.5,45.99116134643555,48.01897048950195,127.66181182861328,109.77526092529297,112.32294464111328,-0.00014175966498441994,0.055978551506996155,21.014183044433594,0.7106378078460693,-0.20423880219459534,0.0,0.0
4388,1096.75,45.86046600341797,47.475101470947266,127.29390716552734,109.75895690917969,112.83306884765625,-0.00013877518358640373,0.05598423629999161,21.01418113708496,0.7006288170814514,-0.24589909613132477,0.0,0.0
4389,1097,45.53168487548828,47.86684799194336,129.0845489501953,109.76336669921875,113.35159301757812,-0.00013608916196972132,0.055989351123571396,21.01441192626953,0.7006288170814514,-0.28635677695274353,0.0,0.0
4390,1097.25,45.985538482666016,47.447452545166016,129.5638885498047,109.76336669921875,113.544189453125,-0.0001336717396043241,0.055993955582380295,21.014619827270508,0.7006288170814514,-0.3014694154262543,0.0,0.0
4391,1097.5,46.3609619140625,47.80320739746094,129.73715209960938,109.75411224365234,113.26665496826172,-0.00013149605365470052,0.055998098105192184,21.014806747436523,0.7006288170814514,-0.28043434023857117,0.0,0.0
4392,1097.75,46.17896270751953,47.88365936279297,134.49998474121094,109.74794006347656,112.99405670166016,-0.00012376021186355501,0.056001827120780945,21.014976501464844,0.7106378078460693,-0.2594844102859497,0.0,0.0
4393,1098,46.33237075805664,47.89611053466797,130.17298889160156,109.74705505371094,113.08442687988281,-0.00011679794988594949,0.05598343536257744,21.01512908935547,0.7006288170814514,-0.2666732966899872,0.0,0.0
4394,1098.25,46.06543731689453,47.82211685180664,129.87530517578125,109.74838256835938,112.62467193603516,-0.00011053191701648757,0.05596688389778137,21.01526641845703,0.7006288170814514,-0.23029997944831848,0.0,0.0
4395,1098.5,45.88569259643555,48.13441848754883,127.08171844482422,109.75498962402344,113.12739562988281,-0.00010039882181445137,0.05595198646187782,21.01538848876953,0.6906198859214783,-0.26941120624542236,0.0,0.0
4396,1098.75,46.07157897949219,47.937835693359375,127.94879913330078,109.74044799804688,112.87602996826172,-0.00010039882181445137,0.05593857914209366,21.01538848876953,0.6906198859214783,-0.2507888674736023,0.0,0.0
4397,1099,46.11503601074219,47.659767150878906,132.0208740234375,109.74397277832031,113.08689880371094,-9.127903467742726e-05,0.05592651292681694,21.015499114990234,0.6806108951568604,-0.26711779832839966,0.0,0.0
4398,1099.25,45.893577575683594,47.78675079345703,127.21529388427734,109.74000549316406,112.84640502929688,-8.307122334372252e-05,0.05592290312051773,21.01559829711914,0.6906198859214783,-0.24848823249340057,0.0,0.0
4399,1099.5,46.05560302734375,47.80192947387695,126.88784790039062,109.7254638671875,113.22863006591797,-7.568419823655859e-05,0.05591965466737747,21.015687942504883,0.7006288170814514,-0.27976909279823303,0.0,0.0
4400,1099.75,46.37912368774414,48.210880279541016,129.2013397216797,109.72854614257812,112.94615936279297,-6.839402340119705e-05,0.05591673031449318,21.01576805114746,0.7006288170814514,-0.25728365778923035,0.0,0.0
4401,1100,46.49028015136719,47.61237335205078,130.50729370117188,109.76336669921875,113.00936889648438,-6.183287041494623e-05,0.05591409653425217,21.015840530395508,0.7106378078460693,-0.259439617395401,0.0,0.0
4402,1100.25,46.16473388671875,48.333011627197266,130.84619140625,109.72987365722656,112.37183380126953,-5.592783054453321e-05,0.05590447783470154,21.015905380249023,0.7006288170814514,-0.21179397404193878,0.0,0.0
4403,1100.5,46.14160919189453,48.12771987915039,127.95338439941406,109.71576690673828,112.31208038330078,-5.0613292842172086e-05,0.05589582398533821,21.01596450805664,0.6906198859214783,-0.20820352435112,0.0,0.0
4404,1100.75,46.03481674194336,47.867008209228516,129.4196319580078,109.72811126708984,112.18170928955078,-4.583020927384496e-05,0.05588803440332413,21.01601791381836,0.6906198859214783,-0.19686254858970642,0.0,0.0
4405,1101,46.01670455932617,47.53932571411133,129.86004638671875,109.73868560791016,112.62664794921875,-4.1525436245137826e-05,0.05588102340698242,21.01606559753418,0.7006288170814514,-0.2312425822019577,0.0,0.0
4406,1101.25,45.9583854675293,47.870723724365234,131.45681762695312,109.72193908691406,113.58715057373047,-2.5450119210290723e-05,0.055881962180137634,21.016109466552734,0.7006288170814514,-0.30819737911224365,0.0,0.0
4407,1101.5,46.070587158203125,48.07758331298828,133.3024139404297,109.717529296875,112.80492401123047,-1.098233406082727e-05,0.055882807821035385,21.0162353515625,0.7106378078460693,-0.24703863263130188,0.0,0.0
4408,1101.75,46.060630798339844,48.3875617980957,126.72145080566406,109.71708679199219,112.96047973632812,2.038671482296195e-06,0.055882807821035385,21.016347885131836,0.7106378078460693,-0.259341835975647,0.0,0.0
4409,1102,45.996253967285156,48.25665283203125,131.49574279785156,109.72811126708984,112.45973205566406,1.3757577107753605e-05,0.05588356778025627,21.016448974609375,0.7106378078460693,-0.21889767050743103,0.0,0.0
4410,1102.25,45.67240905761719,48.03549575805664,131.2125701904297,109.71841430664062,113.09529113769531,2.4304592443513684e-05,0.055862508714199066,21.01654052734375,0.7106378078460693,-0.26985204219818115,0.0,0.0
4411,1102.5,46.09626770019531,47.87218475341797,128.6426239013672,109.71268463134766,112.87405395507812,3.3796906791394576e-05,0.05584355443716049,21.01662254333496,0.720646858215332,-0.2528854012489319,0.0,0.0
4412,1102.75,46.09868621826172,47.67896270751953,126.76114654541016,109.70430755615234,112.92591094970703,6.226335244718939e-05,0.055826496332883835,21.01669692993164,0.7106378078460693,-0.25765395164489746,0.0,0.0
4413,1103,45.99974060058594,48.10017395019531,128.72352600097656,109.71488952636719,113.04985809326172,8.788315608398989e-05,0.05581114441156387,21.01676368713379,0.720646858215332,-0.2665611803531647,0.0,0.0
4414,1103.25,46.010902404785156,48.164649963378906,131.5781707763672,109.71312713623047,112.88491821289062,0.00011094097862951458,0.05579732730984688,21.016822814941406,0.720646858215332,-0.2537064552307129,0.0,0.0
4415,1103.5,46.33723068237305,48.28017044067383,128.4319610595703,109.7073974609375,113.4029541015625,0.00013169301382731646,0.05578489229083061,21.016876220703125,0.7106378078460693,-0.29492974281311035,0.0,0.0
4416,1103.75,45.84046936035156,47.822669982910156,130.02566528320312,109.70430755615234,112.75405883789062,0.00016387843061238527,0.05578094720840454,21.016923904418945,0.6906198859214783,-0.2440965324640274,0.0,0.0
4417,1104,46.332313537597656,48.13607406616211,126.056640625,109.70430755615234,113.50714874267578,0.0001928452984429896,0.05577739700675011,21.0169677734375,0.7006288170814514,-0.3033561110496521,0.0,0.0
4418,1104.25,46.17558670043945,48.012142181396484,128.63650512695312,109.70475006103516,113.19801330566406,0.00021891547658015043,0.055774204432964325,21.01700782775879,0.7006288170814514,-0.279042512178421,0.0,0.0
4419,1104.5,46.01020431518555,47.96531295776367,129.86843872070312,109.69241333007812,112.77825164794922,0.00024237865000031888,0.05577132850885391,21.017044067382812,0.7106378078460693,-0.24697154760360718,0.0,0.0
4420,1104.75,46.055572509765625,47.993011474609375,131.8498992919922,109.69770050048828,112.81183624267578,0.0002634954871609807,0.05576874315738678,21.01707649230957,0.6906198859214783,-0.2491932064294815,0.0,0.0
4421,1105,45.917762756347656,47.81377410888672,132.52310180664062,109.70783233642578,113.01134490966797,0.00029601837741211057,0.05573742464184761,21.017105102539062,0.6906198859214783,-0.26410016417503357,0.0,0.0
4422,1105.25,46.24884796142578,47.86604309082031,128.18235778808594,109.69593811035156,112.60393524169922,0.00032528897281736135,0.05570923909544945,21.01712989807129,0.7006288170814514,-0.23291562497615814,0.0,0.0
4423,1105.5,46.16728591918945,47.70011901855469,128.20526123046875,109.6822738647461,112.59652709960938,0.00035163250868208706,0.05568387359380722,21.017152786254883,0.7106378078460693,-0.23343853652477264,0.0,0.0
4424,1105.75,46.00118637084961,47.81130599975586,132.10330200195312,109.68800354003906,112.67257690429688,0.00037534168222919106,0.055661045014858246,21.017173767089844,0.720646858215332,-0.23898422718048096,0.0,0.0
4425,1106,46.08839416503906,47.963558197021484,127.0809555053711,109.69329071044922,112.79553985595703,0.00039989969809539616,0.05564049631357193,21.017192840576172,0.73065584897995,-0.2482650876045227,0.0,0.0
4426,1106.25,46.21857452392578,47.73952102661133,127.95948791503906,109.68579864501953,112.18417358398438,0.0004220019036438316,0.055622003972530365,21.017210006713867,0.7006288170814514,-0.20049183070659637,0.0,0.0
4427,1106.5,45.991336822509766,47.85183334350586,129.61351013183594,109.67919158935547,112.61133575439453,0.0004418939060997218,0.05560535937547684,21.01722526550293,0.7106378078460693,-0.23485977947711945,0.0,0.0
4428,1106.75,46.259674072265625,47.65907669067383,129.5677032470703,109.68006896972656,113.50714874267578,0.0004597966908477247,0.05559037998318672,21.01723861694336,0.720646858215332,-0.3053228259086609,0.0,0.0
4429,1107,46.47796630859375,48.296268463134766,128.54568481445312,109.68447875976562,114.25827026367188,0.00047655313392169774,0.05557689815759659,21.017250061035156,0.7006288170814514,-0.3636794090270996,0.0,0.0
4430,1107.25,45.94249725341797,48.24147033691406,130.03636169433594,109.66860961914062,113.3185043334961,0.0004916339530609548,0.0555647648870945,21.017261505126953,0.6806108951568604,-0.2914459705352783,0.0,0.0
4431,1107.5,46.11904525756836,47.8949089050293,127.41374206542969,109.69549560546875,112.53874969482422,0.0005052066990174353,0.05557558685541153,21.017271041870117,0.6806108951568604,-0.22779667377471924,0.0,0.0
4432,1107.75,46.22998046875,47.8131103515625,131.0263214111328,109.66860961914062,112.98467254638672,0.0005174221587367356,0.05558532476425171,21.01728057861328,0.6906198859214783,-0.2651824653148651,0.0,0.0
4433,1108,46.10680389404297,48.03230285644531,132.35519409179688,109.67698669433594,113.39307403564453,0.0005271282279863954,0.05559409037232399,21.017288208007812,0.7006288170814514,-0.2966219484806061,0.0,0.0
4434,1108.25,46.01224899291992,47.98528289794922,132.02926635742188,109.66773223876953,112.43602752685547,0.0005358636844903231,0.05560198053717613,21.017295837402344,0.7106378078460693,-0.2219206690788269,0.0,0.0
4435,1108.5,46.225765228271484,47.848876953125,128.53729248046875,109.66773223876953,112.19207763671875,0.0005437255604192615,0.05561632663011551,21.017301559448242,0.7106378078460693,-0.20258523523807526,0.0,0.0
4436,1108.75,46.16428756713867,48.01411819458008,123.9935073852539,109.65935516357422,113.41529846191406,0.0005508012836799026,0.05562923848628998,21.01730728149414,0.7106378078460693,-0.2997976839542389,0.0,0.0
4437,1109,46.464683532714844,48.21194076538086,128.54339599609375,109.67389678955078,112.6212158203125,0.0005571694346144795,0.05564086139202118,21.01731300354004,0.73065584897995,-0.23607036471366882,0.0,0.0
4438,1109.25,45.96146011352539,47.897544860839844,131.55604553222656,109.6575927734375,111.9347915649414,0.0005629007355310023,0.05565132200717926,21.017318725585938,0.720646858215332,-0.18296997249126434,0.0,0.0
4439,1109.5,45.900001525878906,47.96061706542969,128.1838836669922,109.66200256347656,112.73381042480469,0.0005629007355310023,0.05566798150539398,21.017318725585938,0.7106378078460693,-0.24593128263950348,0.0,0.0
4440,1109.75,45.87386703491211,48.1285514831543,129.03952026367188,109.65274810791016,112.4908447265625,0.0005648392834700644,0.05568297579884529,21.017322540283203,0.6906198859214783,-0.2274760752916336,0.0,0.0
4441,1110,46.536495208740234,48.1414909362793,129.37841796875,109.6734619140625,112.88541412353516,0.0005665839998982847,0.05569647252559662,21.01732635498047,0.7006288170814514,-0.25696468353271484,0.0,0.0
4442,1110.25,45.85158920288086,47.65742492675781,128.11289978027344,109.65186309814453,113.09874725341797,0.0005681542097590864,0.055708616971969604,21.017330169677734,0.7006288170814514,-0.27552497386932373,0.0,0.0
4443,1110.5,45.889007568359375,47.84000015258789,129.46237182617188,109.64745330810547,112.71849822998047,0.0005669757956638932,0.05571230128407478,21.017335891723633,0.7106378078460693,-0.24590346217155457,0.0,0.0
4444,1110.75,45.75803756713867,47.9921875,127.20919036865234,109.63908386230469,113.1728286743164,0.0005669757956638932,0.055715616792440414,21.017335891723633,0.720646858215332,-0.28239163756370544,0.0,0.0
4445,1111,45.86957550048828,47.71986770629883,133.2245635986328,109.65230560302734,112.0888671875,0.0005646432982757688,0.05571860074996948,21.017337799072266,0.7106378078460693,-0.19564424455165863,0.0,0.0
4446,1111.25,45.756004333496094,48.15153121948242,134.3412322998047,109.65451049804688,112.66220092773438,0.0005625440971925855,0.05572128668427467,21.0173397064209,0.720646858215332,-0.24088333547115326,0.0,0.0
4447,1111.5,45.768978118896484,47.88758850097656,129.8485870361328,109.6404037475586,112.26664733886719,0.0005606547929346561,0.055723704397678375,21.01734161376953,0.720646858215332,-0.21071869134902954,0.0,0.0
4448,1111.75,45.597015380859375,48.04920196533203,128.55331420898438,109.63203430175781,112.2217025756836,0.0005550924106501043,0.05571863055229187,21.017343521118164,0.7006288170814514,-0.2078336477279663,0.0,0.0
4449,1112,46.14253616333008,48.33017349243164,130.085205078125,109.64525604248047,112.58566284179688,0.0005500862607732415,0.055714067071676254,21.017345428466797,0.7106378078460693,-0.23558489978313446,0.0,0.0
4450,1112.25,46.25189971923828,48.057220458984375,129.83103942871094,109.63335418701172,112.63849639892578,0.0005455807549878955,0.05570995807647705,21.01734733581543,0.7106378078460693,-0.24072742462158203,0.0,0.0
4451,1112.5,45.86195755004883,48.29444122314453,127.99154663085938,109.63555908203125,112.84541320800781,0.0005415257764980197,0.05570995807647705,21.017349243164062,0.7006288170814514,-0.2568866014480591,0.0,0.0
4452,1112.75,46.15828323364258,47.540016174316406,127.5297622680664,109.62806701660156,113.1446762084961,0.0005378762725740671,0.05570625886321068,21.017351150512695,0.6806108951568604,-0.2810717523097992,0.0,0.0
4453,1113,46.22877502441406,48.188194274902344,131.2095184326172,109.66024017333984,112.43356323242188,0.000534591730684042,0.05570293217897415,21.017353057861328,0.7006288170814514,-0.22233358025550842,0.0,0.0
4454,1113.25,45.88650131225586,48.12933349609375,128.9647216796875,109.6324691772461,112.61479949951172,0.0005316356546245515,0.055707186460494995,21.017353057861328,0.7006288170814514,-0.2389264553785324,0.0,0.0
4455,1113.5,46.09219741821289,48.00140380859375,130.68667602539062,109.62674713134766,112.8730697631836,0.0005289752152748406,0.05571445822715759,21.017353057861328,0.720646858215332,-0.2597838044166565,0.0,0.0
4456,1113.75,46.037445068359375,47.933414459228516,131.74075317382812,109.62013244628906,113.02171325683594,0.0005285118822939694,0.05571445822715759,21.017353057861328,0.7106378078460693,-0.27203622460365295,0.0,0.0
4457,1114,45.920623779296875,47.81678771972656,128.68460083007812,109.62850952148438,113.77184295654297,0.0005280948826111853,0.05571755766868591,21.017353057861328,0.7006288170814514,-0.33024361729621887,0.0,0.0
4458,1114.25,45.73134994506836,47.74777603149414,127.3038330078125,109.61881256103516,112.8582534790039,0.0005277195596136153,0.055713098496198654,21.017353057861328,0.720646858215332,-0.25925931334495544,0.0,0.0
4459,1114.5,46.10254669189453,47.67845916748047,130.87977600097656,109.61792755126953,112.15257263183594,0.0005273817805573344,0.05570908635854721,21.017353057861328,0.720646858215332,-0.20349395275115967,0.0,0.0
4460,1114.75,46.04277420043945,48.16241455078125,127.1824722290039,109.60735321044922,112.54615020751953,0.0005270778201520443,0.055705476552248,21.017353057861328,0.720646858215332,-0.23553752899169922,0.0,0.0
4461,1115,46.07490539550781,48.26412582397461,131.74456787109375,109.63908386230469,113.70320129394531,0.0005306669627316296,0.05570222809910774,21.017353057861328,0.720646858215332,-0.3240129351615906,0.0,0.0
4462,1115.25,45.39146423339844,47.965518951416016,126.95501708984375,109.62982940673828,112.53084564208984,0.0005338971968740225,0.055677562952041626,21.017353057861328,0.720646858215332,-0.23250170052051544,0.0,0.0
4463,1115.5,46.17819595336914,48.22357940673828,129.0028839111328,109.60470581054688,112.65726470947266,0.0005368044367060065,0.05565536394715309,21.017353057861328,0.720646858215332,-0.24453717470169067,0.0,0.0
4464,1115.75,46.01079177856445,48.18085861206055,128.74948120117188,109.61308288574219,112.72887420654297,0.0005394209292717278,0.05563538521528244,21.017353057861328,0.720646858215332,-0.24951353669166565,0.0,0.0
4465,1116,46.4166145324707,48.02919006347656,131.54763793945312,109.60999298095703,113.15702056884766,0.000541775778401643,0.055617403239011765,21.017353057861328,0.720646858215332,-0.28351065516471863,0.0,0.0
4466,1116.25,46.24254608154297,48.30263900756836,127.8449935913086,109.60603332519531,112.46615600585938,0.0005438951775431633,0.055601220577955246,21.017353057861328,0.720646858215332,-0.22931556403636932,0.0,0.0
4467,1116.5,45.98735427856445,47.95749282836914,130.10887145996094,109.59677124023438,112.61627960205078,0.0005438951775431633,0.05557940900325775,21.017353057861328,0.720646858215332,-0.2419426590204239,0.0,0.0
4468,1116.75,46.041683197021484,48.04134750366211,131.34231567382812,109.60118103027344,112.56244659423828,0.0005593280075117946,0.05555977672338486,21.017353057861328,0.720646858215332,-0.23732800781726837,0.0,0.0
4469,1117,45.99980163574219,47.829185485839844,130.22869873046875,109.59854125976562,112.33133697509766,0.0005732175777666271,0.05554210767149925,21.017353057861328,0.750673770904541,-0.2192462533712387,0.0,0.0
4470,1117.25,45.886680603027344,48.330928802490234,128.34341430664062,109.59589385986328,112.2103500366211,0.0005857181968167424,0.05552620813250542,21.017353057861328,0.750673770904541,-0.2098679095506668,0.0,0.0
4471,1117.5,46.19184875488281,48.25204849243164,128.2327423095703,109.59060668945312,113.07899475097656,0.0005969687481410801,0.055511895567178726,21.017353057861328,0.73065584897995,-0.2789444923400879,0.0,0.0
4472,1117.75,46.18701171875,48.0798225402832,129.0715789794922,109.59545135498047,113.17677307128906,0.0006141827325336635,0.05549901723861694,21.017353057861328,0.73065584897995,-0.28624558448791504,0.0,0.0
4473,1118,45.72943115234375,48.144351959228516,130.5973663330078,109.59236907958984,112.57923889160156,0.0006296753417700529,0.05548742413520813,21.017353057861328,0.720646858215332,-0.23937174677848816,0.0,0.0
4474,1118.25,45.814727783203125,47.940643310546875,129.97377014160156,109.58663940429688,112.64590454101562,0.0006436186376959085,0.055476993322372437,21.017353057861328,0.7106378078460693,-0.24510712921619415,0.0,0.0
4475,1118.5,46.03138732910156,47.8162841796875,131.26751708984375,109.58311462402344,112.12935638427734,0.000656167627312243,0.05546760559082031,21.017353057861328,0.720646858215332,-0.20447823405265808,0.0,0.0
4476,1118.75,46.09490203857422,47.69601821899414,126.91304016113281,109.58135223388672,112.45380401611328,0.0006751978653483093,0.0554591566324234,21.017353057861328,0.7106378078460693,-0.23034246265888214,0.0,0.0
4477,1119,46.10816955566406,48.10920715332031,131.3064422607422,109.59104919433594,112.68392944335938,0.0006751978653483093,0.05548053979873657,21.017353057861328,0.7106378078460693,-0.2477533221244812,0.0,0.0
4478,1119.25,46.2291145324707,48.087764739990234,130.74085998535156,109.57870483398438,113.08393859863281,0.0006923250621184707,0.055499784648418427,21.017353057861328,0.7106378078460693,-0.28030070662498474,0.0,0.0
4479,1119.5,45.97749710083008,47.812801361083984,129.25399780273438,109.57649993896484,112.81084442138672,0.0007077395566739142,0.055499784648418427,21.017353057861328,0.7006288170814514,-0.25895556807518005,0.0,0.0
4480,1119.75,45.913482666015625,47.895530700683594,125.7551498413086,109.58311462402344,112.57528686523438,0.0007216125959530473,0.055517103523015976,21.017353057861328,0.7106378078460693,-0.23981109261512756,0.0,0.0
4481,1120,46.23934555053711,47.895057678222656,132.36892700195312,109.57562255859375,111.70169830322266,0.0007431274862028658,0.05553269013762474,21.017353057861328,0.6906198859214783,-0.17106984555721283,0.0,0.0
4482,1120.25,45.99177932739258,47.81371307373047,132.7620086669922,109.56636810302734,112.81183624267578,0.0007624909048900008,0.05553947016596794,21.017353057861328,0.6806108951568604,-0.2598569691181183,0.0,0.0
4483,1120.5,45.75166702270508,47.71767044067383,127.66104888916016,109.57209777832031,112.72590637207031,0.0007799179875291884,0.05554557219147682,21.017353057861328,0.6806108951568604,-0.2526080906391144,0.0,0.0
4484,1120.75,45.98566818237305,47.8046760559082,129.86386108398438,109.55314636230469,113.05430603027344,0.0007956023328006268,0.05555106699466705,21.017353057861328,0.6906198859214783,-0.2800444960594177,0.0,0.0
4485,1121,46.126808166503906,47.84042739868164,133.3917236328125,109.56813049316406,112.65035247802734,0.0008142344304360449,0.05555601045489311,21.017353057861328,0.6906198859214783,-0.2469622641801834,0.0,0.0
4486,1121.25,46.0361442565918,48.05500030517578,128.3174591064453,109.55975341796875,112.44837188720703,0.000831003300845623,0.05555320903658867,21.017353057861328,0.6906198859214783,-0.23166733980178833,0.0,0.0
4487,1121.5,45.98265838623047,47.63570785522461,129.173095703125,109.5544662475586,113.14369201660156,0.000846095266751945,0.05555068701505661,21.017353057861328,0.7006288170814514,-0.2869727313518524,0.0,0.0
4488,1121.75,45.83266830444336,47.97480010986328,130.6057586669922,109.56151580810547,112.61331176757812,0.0008596780826337636,0.05554841831326485,21.017353057861328,0.7006288170814514,-0.24457207322120667,0.0,0.0
4489,1122,46.14775085449219,47.882076263427734,126.02840423583984,109.56327819824219,113.91703033447266,0.0008660961175337434,0.05554841831326485,21.017353057861328,0.7106378078460693,-0.3468950688838959,0.0,0.0
4490,1122.25,45.703250885009766,48.02776336669922,129.14256286621094,109.55622863769531,112.8385009765625,0.0008718723547644913,0.0555608756840229,21.017353057861328,0.6906198859214783,-0.2627851665019989,0.0,0.0
4491,1122.5,46.19371032714844,47.967960357666016,131.71632385253906,109.5469741821289,112.98764038085938,0.0008770709973759949,0.055572085082530975,21.017353057861328,0.6906198859214783,-0.2752951383590698,0.0,0.0
4492,1122.75,45.95147705078125,47.77199935913086,132.47654724121094,109.5557861328125,112.59603118896484,0.0008817497873678803,0.05558217316865921,21.017353057861328,0.6906198859214783,-0.2436717003583908,0.0,0.0
4493,1123,46.175228118896484,47.925838470458984,130.89122009277344,109.5544662475586,112.17676544189453,0.0008859606459736824,0.05559125542640686,21.017353057861328,0.6806108951568604,-0.21056874096393585,0.0,0.0
4494,1123.25,45.963722229003906,47.89674758911133,130.96450805664062,109.545654296875,111.59404754638672,0.0008897504303604364,0.055613923817873,21.017353057861328,0.6906198859214783,-0.16492198407649994,0.0,0.0
4495,1123.5,45.94063949584961,47.73745346069336,128.96701049804688,109.54741668701172,112.18121337890625,0.0008931612246669829,0.05563432350754738,21.017353057861328,0.6906198859214783,-0.211494579911232,0.0,0.0
4496,1123.75,46.00289535522461,47.92103958129883,128.7128448486328,109.54476928710938,111.97380065917969,0.0008962309802882373,0.0556526854634285,21.017353057861328,0.6706019043922424,-0.19523584842681885,0.0,0.0
4497,1124,45.96135330200195,48.16253662109375,127.12599182128906,109.5624008178711,111.96688842773438,0.0008732092101126909,0.055669210851192474,21.017353057861328,0.6806108951568604,-0.19325369596481323,0.0,0.0
4498,1124.25,45.53709030151367,47.88563537597656,128.37318420410156,109.5385971069336,112.19898986816406,0.0008524896111339331,0.055655092000961304,21.017353057861328,0.6806108951568604,-0.2136220932006836,0.0,0.0
4499,1124.5,45.99738311767578,47.60745620727539,131.4186553955078,109.52934265136719,113.24788665771484,0.000833841972053051,0.05564238503575325,21.017353057861328,0.7106378078460693,-0.29720839858055115,0.0,0.0
4500,1124.75,45.898658752441406,47.92069625854492,130.2783203125,109.5390396118164,112.24491882324219,0.0008170591318048537,0.05563094839453697,21.01755142211914,0.7106378078460693,-0.21722941100597382,0.0,0.0
4501,1125,45.922218322753906,47.70127868652344,127.74501037597656,109.53375244140625,112.4493637084961,0.0007993776816874743,0.05562065541744232,21.017730712890625,0.7006288170814514,-0.23385851085186005,0.0,0.0
4502,1125.25,46.273136138916016,48.06804656982422,132.5383758544922,109.51744842529297,112.59503936767578,0.0007834643474780023,0.05561139062047005,21.01789093017578,0.7006288170814514,-0.24670860171318054,0.0,0.0
4503,1125.5,45.99414825439453,47.71234893798828,130.6721649169922,109.51921081542969,112.69183349609375,0.0007691423525102437,0.05560305342078209,21.018035888671875,0.6906198859214783,-0.2542147636413574,0.0,0.0
4504,1125.75,45.95212173461914,48.07039260864258,129.74630737304688,109.52317810058594,112.22763061523438,0.0007562525570392609,0.055602800101041794,21.018165588378906,0.6906198859214783,-0.2171473205089569,0.0,0.0
4505,1126,46.16886901855469,47.811309814453125,126.59017181396484,109.52758026123047,112.36738586425781,0.0007446517702192068,0.05560256913304329,21.018281936645508,0.7106378078460693,-0.2278680056333542,0.0,0.0
4506,1126.25,46.28544616699219,47.824066162109375,129.00059509277344,109.51700592041016,113.09628295898438,0.0007335670525208116,0.055602364242076874,21.018386840820312,0.720646858215332,-0.2862861156463623,0.0,0.0
4507,1126.5,45.804473876953125,48.022216796875,131.42857360839844,109.51524353027344,113.0340576171875,0.0007235907833091915,0.05560217797756195,21.018482208251953,0.7106378078460693,-0.28153014183044434,0.0,0.0
4508,1126.75,45.9637565612793,48.11014175415039,129.37612915039062,109.52141571044922,112.2301025390625,0.0007146121351979673,0.05560201033949852,21.01856803894043,0.7006288170814514,-0.21748659014701843,0.0,0.0
4509,1127,45.723731994628906,47.95639419555664,126.58788299560547,109.51612091064453,112.17973327636719,0.0007065313984639943,0.05560186132788658,21.018644332885742,0.7106378078460693,-0.21392101049423218,0.0,0.0
4510,1127.25,45.80003356933594,47.61335372924805,129.64480590820312,109.50686645507812,112.02120971679688,0.0006999027100391686,0.05560172721743584,21.018712997436523,0.7106378078460693,-0.20208477973937988,0.0,0.0
4511,1127.5,45.93567657470703,47.622833251953125,133.45811462402344,109.51215362548828,112.20738220214844,0.0006939368904568255,0.05558711290359497,21.018775939941406,0.720646858215332,-0.21643726527690887,0.0,0.0
4512,1127.75,46.2020149230957,47.995521545410156,128.98532104492188,109.50995635986328,112.8602294921875,0.0006885676411911845,0.0555739589035511,21.018831253051758,0.720646858215332,-0.2682594954967499,0.0,0.0
4513,1128,46.082828521728516,47.888301849365234,129.01051330566406,109.50070190429688,112.47602844238281,0.0006837352993898094,0.05556211993098259,21.018882751464844,0.7006288170814514,-0.23865556716918945,0.0,0.0
4514,1128.25,45.934940338134766,47.90507888793945,131.4148406982422,109.50422668457031,112.87059783935547,0.0006793861975893378,0.05555146560072899,21.01892852783203,0.6906198859214783,-0.26954302191734314,0.0,0.0
4515,1128.5,45.84225082397461,47.857032775878906,126.59856414794922,109.48483276367188,113.0641860961914,0.0006748280138708651,0.05554187670350075,21.01896858215332,0.6906198859214783,-0.28637486696243286,0.0,0.0
4516,1128.75,46.136985778808594,48.08317947387695,128.68841552734375,109.50643157958984,113.13282775878906,0.0006707256543450058,0.05553324520587921,21.019004821777344,0.6706019043922424,-0.290021687746048,0.0,0.0
4517,1129,45.80301284790039,47.86818313598633,129.81959533691406,109.4971694946289,112.71109008789062,0.0006670335424132645,0.05552547797560692,21.0190372467041,0.6906198859214783,-0.25752776861190796,0.0,0.0
4518,1129.25,45.89468765258789,48.39518356323242,131.09120178222656,109.48527526855469,112.6429443359375,0.0006637106416746974,0.055518485605716705,21.019067764282227,0.7006288170814514,-0.2531108558177948,0.0,0.0
4519,1129.5,46.10078048706055,48.054405212402344,127.65341186523438,109.48439025878906,112.68392944335938,0.0006600756896659732,0.0555121935904026,21.019094467163086,0.7106378078460693,-0.2564213275909424,0.0,0.0
4520,1129.75,46.06312561035156,48.01981735229492,129.4913787841797,109.477783203125,113.03702545166016,0.0006568042444996536,0.055528271943330765,21.019119262695312,0.6906198859214783,-0.28480949997901917,0.0,0.0
4521,1130,46.2938232421875,48.07532501220703,133.3031768798828,109.48394775390625,112.34417724609375,0.0006568042444996536,0.05554274469614029,21.019119262695312,0.7006288170814514,-0.22957636415958405,0.0,0.0
4522,1130.25,45.977195739746094,47.56507110595703,127.9373550415039,109.48218536376953,112.69430541992188,0.0006538599263876677,0.05555576831102371,21.019140243530273,0.7006288170814514,-0.257420152425766,0.0,0.0
4523,1130.5,45.838687896728516,47.577823638916016,130.9530487060547,109.47734069824219,112.49034881591797,0.000651210080832243,0.05556748807430267,21.0189266204834,0.7006288170814514,-0.2416885644197464,0.0,0.0
4524,1130.75,46.393314361572266,47.607357025146484,130.64010620117188,109.48748016357422,112.26319122314453,0.0006488251965492964,0.05559977889060974,21.018733978271484,0.7006288170814514,-0.22286947071552277,0.0,0.0
4525,1131,46.06619644165039,47.78431701660156,132.929931640625,109.46676635742188,112.86122131347656,0.0006435235263779759,0.05562884360551834,21.018407821655273,0.7006288170814514,-0.2718496322631836,0.0,0.0
4526,1131.25,46.08736038208008,48.38459014892578,131.0606689453125,109.47734069824219,112.718994140625,0.0006412633811123669,0.05565499886870384,21.018268585205078,0.7006288170814514,-0.2597641050815582,0.0,0.0
4527,1131.5,46.2475700378418,47.78618621826172,130.73475646972656,109.45883178710938,113.1189956665039,0.0006412633811123669,0.05567853897809982,21.018268585205078,0.720646858215332,-0.2928035259246826,0.0,0.0
4528,1131.75,45.93080520629883,47.77348709106445,127.52213287353516,109.47425842285156,112.40985870361328,0.0006392292561940849,0.05569247901439667,21.018142700195312,0.720646858215332,-0.23556748032569885,0.0,0.0
4529,1132,46.21925735473633,47.77124786376953,133.98095703125,109.46720123291016,112.75306701660156,0.0006335349753499031,0.05570502206683159,21.018030166625977,0.7006288170814514,-0.2632792592048645,0.0,0.0
4530,1132.25,46.08469772338867,47.632442474365234,129.59976196289062,109.45706939697266,112.52689361572266,0.0006284100818447769,0.05571631342172623,21.017927169799805,0.7106378078460693,-0.24622857570648193,0.0,0.0
4531,1132.5,46.050376892089844,48.03661346435547,129.71426391601562,109.46235656738281,112.53775787353516,0.0006237977067939937,0.05572647601366043,21.01783561706543,0.73065584897995,-0.2466578632593155,0.0,0.0
4532,1132.75,46.38621139526367,47.76325225830078,131.61862182617188,109.4605941772461,112.4710922241211,0.0006196465692482889,0.055735621601343155,21.01775360107422,0.720646858215332,-0.24152611196041107,0.0,0.0
4533,1133,45.60673522949219,48.098880767822266,132.8765106201172,109.45794677734375,112.20985412597656,0.0006146226078271866,0.055735621601343155,21.01767921447754,0.720646858215332,-0.2210405468940735,0.0,0.0
4534,1133.25,45.74837112426758,48.03290557861328,134.37176513671875,109.4517822265625,112.0256576538086,0.0006101010367274284,0.05573660507798195,21.01761245727539,0.73065584897995,-0.20691688358783722,0.0,0.0
4535,1133.5,45.94449234008789,48.206443786621094,127.92132568359375,109.4531021118164,112.81331634521484,0.0006060316227376461,0.05573749169707298,21.01755142211914,0.7106378078460693,-0.2691815197467804,0.0,0.0
4536,1133.75,45.821834564208984,47.98479461669922,126.80770111083984,109.45133972167969,112.67010498046875,0.0006023691385053098,0.055738288909196854,21.017498016357422,0.7006288170814514,-0.2580166161060333,0.0,0.0
4537,1134,45.62569046020508,47.38437271118164,129.0173797607422,109.44824981689453,113.15455627441406,0.0006003608577884734,0.05573964864015579,21.01744842529297,0.6806108951568604,-0.2964622974395752,0.0,0.0
4538,1134.25,45.94097900390625,47.75706100463867,132.98565673828125,109.44296264648438,112.40689086914062,0.0005985533935017884,0.05574747547507286,21.017404556274414,0.6806108951568604,-0.23787730932235718,0.0,0.0
4539,1134.5,46.07541275024414,47.77872848510742,129.1639404296875,109.45045471191406,112.31948852539062,0.0005969266640022397,0.05574747547507286,21.017364501953125,0.7106378078460693,-0.2303435355424881,0.0,0.0
4540,1134.75,46.309654235839844,47.98892593383789,130.1836700439453,109.44120025634766,112.35899353027344,0.0005954626249149442,0.05575451999902725,21.017560958862305,0.7106378078460693,-0.2342267483472824,0.0,0.0
4541,1135,45.850189208984375,48.00126266479492,130.53248596191406,109.45618438720703,113.34961700439453,0.0005915695801377296,0.055760860443115234,21.017738342285156,0.6906198859214783,-0.3111497759819031,0.0,0.0
4542,1135.25,46.016056060791016,47.874996185302734,127.50151824951172,109.41432189941406,112.62862396240234,0.0005880658281967044,0.05576656758785248,21.017898559570312,0.7006288170814514,-0.2577500641345978,0.0,0.0
4543,1135.5,46.046146392822266,48.07986831665039,129.47230529785156,109.4350357055664,112.60985565185547,0.0005849124863743782,0.05577170476317406,21.018041610717773,0.6906198859214783,-0.25458166003227234,0.0,0.0
4544,1135.75,45.89807891845703,47.87864685058594,133.47109985351562,109.43150329589844,112.55751037597656,0.0005820744554512203,0.05577632784843445,21.018171310424805,0.6906198859214783,-0.25072991847991943,0.0,0.0
4545,1136,46.182289123535156,47.83361053466797,129.55397033691406,109.41828155517578,111.6740493774414,0.0005795202450826764,0.05578048899769783,21.018287658691406,0.7006288170814514,-0.18165826797485352,0.0,0.0
4546,1136.25,45.64650344848633,47.98150634765625,128.3625030517578,109.4187240600586,112.5580062866211,0.0005772214499302208,0.055784232914447784,21.01839256286621,0.6806108951568604,-0.25180840492248535,0.0,0.0
4547,1136.5,46.25955581665039,47.7197151184082,125.90245819091797,109.42621612548828,112.38664245605469,0.000566784234251827,0.05581659451127052,21.01848793029785,0.6806108951568604,-0.23763591051101685,0.0,0.0
4548,1136.75,46.10193634033203,47.820037841796875,126.89471435546875,109.41608428955078,112.1021957397461,0.0005573907401412725,0.0558457188308239,21.018573760986328,0.7006288170814514,-0.21590067446231842,0.0,0.0
4549,1137,45.861122131347656,47.9395751953125,130.74391174316406,109.41255187988281,112.96294403076172,0.0005489366012625396,0.055871933698654175,21.01865005493164,0.7006288170814514,-0.2842791974544525,0.0,0.0
4550,1137.25,46.07598876953125,47.89045333862305,125.88948822021484,109.42577362060547,112.31849670410156,0.0005413278704509139,0.055895525962114334,21.01848602294922,0.7006288170814514,-0.2322724163532257,0.0,0.0
4551,1137.5,46.11500930786133,48.569252014160156,129.68983459472656,109.41564178466797,111.89183044433594,0.000534480030182749,0.05591676011681557,21.018339157104492,0.7106378078460693,-0.1992160677909851,0.0,0.0
4552,1137.75,46.14588165283203,47.78397750854492,127.60685729980469,109.41387939453125,112.3367691040039,0.0005283169448375702,0.05593587085604668,21.018205642700195,0.7106378078460693,-0.2346881628036499,0.0,0.0
4553,1138,45.89598083496094,47.96550750732422,128.907470703125,109.40814971923828,112.6735610961914,0.0005131196230649948,0.055953070521354675,21.018085479736328,0.7006288170814514,-0.26180317997932434,0.0,0.0
4554,1138.25,46.07273864746094,48.02050018310547,126.94432830810547,109.39933776855469,111.97528076171875,0.0004994420451112092,0.055968549102544785,21.01797866821289,0.7006288170814514,-0.2071797251701355,0.0,0.0
4555,1138.5,46.074180603027344,47.82642364501953,128.66627502441406,109.40373992919922,112.17430114746094,0.0004871322016697377,0.05596798285841942,21.017881393432617,0.7006288170814514,-0.22262953221797943,0.0,0.0
4556,1138.75,46.00165939331055,48.09912872314453,133.46499633789062,109.40682983398438,112.57627868652344,0.00047605333384126425,0.05596747249364853,21.017793655395508,0.7106378078460693,-0.2542212903499603,0.0,0.0
4557,1139,46.1041259765625,47.9007568359375,131.93463134765625,109.39183807373047,112.46615600585938,0.00046543925418518484,0.05596701428294182,21.017715454101562,0.7106378078460693,-0.2467287927865982,0.0,0.0
4558,1139.25,45.671043395996094,47.480079650878906,127.7633285522461,109.39360809326172,112.5994873046875,0.0004558865912258625,0.05596660077571869,21.01764488220215,0.7106378078460693,-0.257132351398468,0.0,0.0
4559,1139.5,45.78875732421875,47.57687759399414,131.65602111816406,109.40286254882812,113.04591369628906,0.00044728920329362154,0.05596623197197914,21.017581939697266,0.7006288170814514,-0.29160383343696594,0.0,0.0
4560,1139.75,45.76604461669922,47.76164245605469,129.55320739746094,109.38787841796875,112.2863998413086,0.0004395515425130725,0.05596589669585228,21.01752471923828,0.7106378078460693,-0.2328115999698639,0.0,0.0
4561,1140,46.25553512573242,47.97197341918945,130.1294708251953,109.37773895263672,112.06466674804688,0.0004351605603005737,0.055965594947338104,21.017473220825195,0.7106378078460693,-0.21604038774967194,0.0,0.0
4562,1140.25,46.09492492675781,47.62485885620117,130.08139038085938,109.37818145751953,112.54220581054688,0.00043120866757817566,0.055965326726436615,21.017427444458008,0.7106378078460693,-0.2538582384586334,0.0,0.0
4563,1140.5,46.14960861206055,47.654327392578125,128.2258758544922,109.38258361816406,112.46812438964844,0.0004276519757695496,0.055965084582567215,21.017385482788086,0.6806108951568604,-0.24763819575309753,0.0,0.0
4564,1140.75,46.334197998046875,47.78982925415039,125.77651977539062,109.3772964477539,112.83602905273438,0.00042445093276910484,0.055964864790439606,21.01734733581543,0.6906198859214783,-0.2771412432193756,0.0,0.0
4565,1141,46.032962799072266,47.93637466430664,131.5125274658203,109.3746566772461,112.42813110351562,0.0004267171898391098,0.05596466735005379,21.01731300354004,0.7006288170814514,-0.2451169490814209,0.0,0.0
4566,1141.25,45.903141021728516,47.78750228881836,129.0372314453125,109.35702514648438,111.94170379638672,0.00042875681538134813,0.05596448853611946,21.017282485961914,0.7106378078460693,-0.20795367658138275,0.0,0.0
4567,1141.5,45.778343200683594,47.53538131713867,126.21846008300781,109.36848449707031,112.3170166015625,0.0004305924812797457,0.055993322283029556,21.017255783081055,0.7006288170814514,-0.236816868185997,0.0,0.0
4568,1141.75,46.179996490478516,48.106834411621094,132.03765869140625,109.36231231689453,111.47552490234375,0.00043224458931945264,0.05601927265524864,21.017230987548828,0.7106378078460693,-0.17037321627140045,0.0,0.0
4569,1142,46.23453140258789,47.86359405517578,131.9231719970703,109.35394287109375,111.83503723144531,0.00043887970969080925,0.05604263022542,21.017208099365234,0.7006288170814514,-0.19971799850463867,0.0,0.0
4570,1142.25,46.197872161865234,47.87144470214844,126.61077880859375,109.35746765136719,111.61873626708984,0.0004448512918315828,0.05606365203857422,21.017189025878906,0.6806108951568604,-0.18219657242298126,0.0,0.0
4571,1142.5,46.45074462890625,47.70917892456055,128.42660522460938,109.37245178222656,112.03553009033203,0.00045022572157904506,0.05606807395815849,21.01717185974121,0.6806108951568604,-0.21415582299232483,0.0,0.0
4572,1142.75,45.94480895996094,47.581642150878906,127.88545227050781,109.3508529663086,112.05034637451172,0.0004550627199932933,0.05607205256819725,21.017154693603516,0.6806108951568604,-0.21709130704402924,0.0,0.0
4573,1143,46.15174102783203,47.872718811035156,131.41024780273438,109.33190155029297,112.28047180175781,0.0004626342561095953,0.05607563257217407,21.017139434814453,0.6706019043922424,-0.2368980497121811,0.0,0.0
4574,1143.25,45.97611999511719,48.175865173339844,128.45103454589844,109.34248352050781,112.0804672241211,0.00046944862697273493,0.05607885494828224,21.017126083374023,0.6806108951568604,-0.22016538679599762,0.0,0.0
4575,1143.5,46.19088363647461,48.27326965332031,131.70030212402344,109.33366394042969,112.12096405029297,0.0004755815607495606,0.056052763015031815,21.017114639282227,0.7006288170814514,-0.22409963607788086,0.0,0.0
4576,1143.75,45.89985275268555,48.342628479003906,131.90257263183594,109.34777069091797,112.31256866455078,0.00048110121861100197,0.05602927878499031,21.017337799072266,0.7106378078460693,-0.23815090954303741,0.0,0.0
4577,1144,45.60729217529297,47.94230270385742,129.7692108154297,109.3407211303711,112.77726745605469,0.00048606889322400093,0.056008145213127136,21.01753807067871,0.7106378078460693,-0.2754811942577362,0.0,0.0
4578,1144.25,45.810001373291016,48.024810791015625,131.67587280273438,109.32000732421875,111.93972778320312,0.0004918270860798657,0.05598912388086319,21.017717361450195,0.7106378078460693,-0.21080997586250305,0.0,0.0
4579,1144.5,45.93320846557617,47.80708312988281,131.23545837402344,109.32705688476562,111.95800018310547,0.0004970094887539744,0.05597200244665146,21.017879486083984,0.7006288170814514,-0.21168911457061768,0.0,0.0
4580,1144.75,45.87416458129883,47.699275970458984,130.4584503173828,109.32176971435547,112.90664672851562,0.0005016736686229706,0.05595659464597702,21.018024444580078,0.7006288170814514,-0.28723084926605225,0.0,0.0
4581,1145,45.63788604736328,47.78484344482422,130.5240936279297,109.31163024902344,112.88986206054688,0.0005058714305050671,0.055942729115486145,21.018156051635742,0.7006288170814514,-0.2867332696914673,0.0,0.0
4582,1145.25,45.38644790649414,47.97087097167969,132.73988342285156,109.30634307861328,111.76985168457031,0.0005096493987366557,0.0559302493929863,21.018274307250977,0.7006288170814514,-0.1984032839536667,0.0,0.0
4583,1145.5,45.59701919555664,47.973655700683594,129.5638885498047,109.31780242919922,112.20590209960938,0.0005124062881805003,0.05593351274728775,21.018381118774414,0.7006288170814514,-0.2321324497461319,0.0,0.0
4584,1145.75,46.15913391113281,48.32896041870117,127.94498443603516,109.32661437988281,112.31010437011719,0.0005148874479345977,0.05593645200133324,21.018476486206055,0.7006288170814514,-0.23967809975147247,0.0,0.0
4585,1146,45.927982330322266,47.72634506225586,128.9479217529297,109.30281829833984,112.6231918334961,0.000517120526637882,0.055939096957445145,21.01856231689453,0.7006288170814514,-0.2663972079753876,0.0,0.0
4586,1146.25,45.666725158691406,47.78102111816406,127.41832733154297,109.29840850830078,112.18614959716797,0.0005191302625462413,0.05594147741794586,21.018640518188477,0.7006288170814514,-0.23214441537857056,0.0,0.0
4587,1146.5,45.964088439941406,47.469024658203125,128.46554565429688,109.30237579345703,112.762451171875,0.0005209390656091273,0.055929120630025864,21.01871109008789,0.7006288170814514,-0.2774341106414795,0.0,0.0
4588,1146.75,45.93859100341797,47.82583236694336,129.807373046875,109.30105590820312,112.59405517578125,0.0005225669592618942,0.055918000638484955,21.018774032592773,0.6906198859214783,-0.26423734426498413,0.0,0.0
4589,1147,46.48735046386719,47.43905258178711,129.3379669189453,109.29444122314453,111.80590057373047,0.0005291827255859971,0.055907994508743286,21.018831253051758,0.7106378078460693,-0.20224326848983765,0.0,0.0
4590,1147.25,45.7569580078125,48.03408432006836,129.7035675048828,109.28827667236328,112.29824829101562,0.0005351369036361575,0.055898986756801605,21.018882751464844,0.7106378078460693,-0.2418603152036667,0.0,0.0
4591,1147.5,45.76285171508789,48.16290283203125,129.03570556640625,109.2909164428711,112.42664337158203,0.0005404956755228341,0.05589088052511215,21.01892852783203,0.7106378078460693,-0.2518177032470703,0.0,0.0
4592,1147.75,45.486785888671875,47.57324981689453,128.29457092285156,109.29488372802734,111.9456558227539,0.0005453185294754803,0.05586184188723564,21.01903533935547,0.7006288170814514,-0.21332751214504242,0.0,0.0
4593,1148,46.00703048706055,47.70006561279297,127.68089294433594,109.2732925415039,112.71603393554688,0.0005453185294754803,0.05583570897579193,21.01913070678711,0.7106378078460693,-0.27613794803619385,0.0,0.0
4594,1148.25,45.78615951538086,47.8543701171875,130.27374267578125,109.27064514160156,112.31849670410156,0.0005496591329574585,0.05581218749284744,21.01913070678711,0.73065584897995,-0.24490149319171906,0.0,0.0
4595,1148.5,46.3211669921875,47.590110778808594,130.96144104003906,109.27857971191406,112.37232208251953,0.0005632268730551004,0.05579102039337158,21.019216537475586,0.73065584897995,-0.24852044880390167,0.0,0.0
4596,1148.75,45.72915267944336,48.198890686035156,135.63955688476562,109.2653579711914,111.74071502685547,0.0005864277482032776,0.05577196925878525,21.01929473876953,0.7106378078460693,-0.19942066073417664,0.0,0.0
4597,1149,46.25593948364258,47.63016128540039,128.10984802246094,109.2732925415039,112.26664733886719,0.0005864277482032776,0.05575482174754143,21.019365310668945,0.7106378078460693,-0.24057534337043762,0.0,0.0
4598,1149.25,46.13090133666992,48.014930725097656,133.08717346191406,109.26359558105469,112.45331573486328,0.0005963186267763376,0.0557393915951252,21.019195556640625,0.7106378078460693,-0.2561548054218292,0.0,0.0
4599,1149.5,46.17417907714844,47.575157165527344,128.88534545898438,109.27240753173828,112.0542984008789,0.0006135976291261613,0.05572550371289253,21.01904296875,0.7106378078460693,-0.2237938493490219,0.0,0.0
4600,1149.75,45.80778121948242,48.283287048339844,129.7058563232422,109.26799774169922,112.39405059814453,0.0006291487370617688,0.05571300536394119,21.018905639648438,0.7106378078460693,-0.2511032521724701,0.0,0.0
4601,1150,45.66082000732422,48.080322265625,130.31190490722656,109.26050567626953,111.91552734375,0.0006431447109207511,0.05570175498723984,21.018781661987305,0.7006288170814514,-0.21373185515403748,0.0,0.0
4602,1150.25,45.53815841674805,47.8260383605957,129.56312561035156,109.25830841064453,112.77281951904297,0.0006557410815730691,0.05569162964820862,21.0186710357666,0.6906198859214783,-0.28184229135513306,0.0,0.0
4603,1150.5,45.869659423828125,47.69477081298828,130.99578857421875,109.26447296142578,112.24935913085938,0.000674813985824585,0.05568251758813858,21.018569946289062,0.6906198859214783,-0.23992283642292023,0.0,0.0
4604,1150.75,45.729244232177734,47.810848236083984,126.56575012207031,109.25874328613281,112.17084503173828,0.0006919795996509492,0.05567431449890137,21.01848030090332,0.6906198859214783,-0.23416084051132202,0.0,0.0
4605,1151,46.09221267700195,47.80739974975586,132.2613067626953,109.256103515625,112.05577850341797,0.0007074286113493145,0.055666934698820114,21.01839828491211,0.7106378078460693,-0.22523967921733856,0.0,0.0
4606,1151.25,46.2462272644043,47.974544525146484,127.24124145507812,109.2569808959961,113.24295043945312,0.0007213327335193753,0.055666934698820114,21.018325805664062,0.7106378078460693,-0.31898435950279236,0.0,0.0
4607,1151.5,46.01616668701172,48.03363037109375,129.0021209716797,109.256103515625,111.87799835205078,0.0007338464492931962,0.05566029250621796,21.018259048461914,0.7106378078460693,-0.21110500395298004,0.0,0.0
4608,1151.75,45.9842529296875,48.22988510131836,128.13046264648438,109.24199676513672,112.87850189208984,0.0007451088167726994,0.055654313415288925,21.018199920654297,0.73065584897995,-0.2915095388889313,0.0,0.0
4609,1152,46.026039123535156,47.82429122924805,127.46106719970703,109.2314224243164,112.1125717163086,0.0007513764430768788,0.055656179785728455,21.018146514892578,0.720646858215332,-0.23176155984401703,0.0,0.0
4610,1152.25,45.63923645019531,47.993614196777344,128.02894592285156,109.23494720458984,113.0577621459961,0.0007570173474960029,0.05565785989165306,21.018098831176758,0.73065584897995,-0.3062102496623993,0.0,0.0
4611,1152.5,45.506492614746094,47.85961151123047,129.78294372558594,109.23450469970703,112.50714111328125,0.0007620941614732146,0.055659372359514236,21.018054962158203,0.73065584897995,-0.2627851665019989,0.0,0.0
4612,1152.75,45.794677734375,47.23015213012695,128.84487915039062,109.23274230957031,112.13825225830078,0.0007666632882319391,0.055660732090473175,21.018016815185547,0.73065584897995,-0.23369291424751282,0.0,0.0
4613,1153,45.53787612915039,47.788726806640625,126.1436538696289,109.21996307373047,112.66516876220703,0.0007617523660883307,0.055676452815532684,21.017982482910156,0.7006288170814514,-0.2764652669429779,0.0,0.0
4614,1153.25,45.865848541259766,47.98872756958008,130.00582885742188,109.22393035888672,113.23258209228516,0.0007573325419798493,0.05569060146808624,21.0179500579834,0.7106378078460693,-0.32086265087127686,0.0,0.0
4615,1153.5,46.07162094116211,48.09495544433594,129.6051025390625,109.23538970947266,113.21726989746094,0.0007533546886406839,0.055703334510326385,21.017921447753906,0.7006288170814514,-0.31872478127479553,0.0,0.0
4616,1153.75,46.298431396484375,47.39402770996094,130.17527770996094,109.21467590332031,112.20195007324219,0.0007497746264562011,0.055714793503284454,21.01789665222168,0.7006288170814514,-0.24022047221660614,0.0,0.0
4617,1154,46.019142150878906,47.651424407958984,127.63890838623047,109.21643829345703,112.81529235839844,0.000738821632694453,0.05571061372756958,21.017873764038086,0.7006288170814514,-0.2886064052581787,0.0,0.0
4618,1154.25,45.69972229003906,47.525062561035156,132.5383758544922,109.20365905761719,112.50614929199219,0.0007289639324881136,0.055706851184368134,21.017852783203125,0.7106378078460693,-0.2652207314968109,0.0,0.0
4619,1154.5,45.803810119628906,47.90898895263672,128.5075225830078,109.21334838867188,112.4019546508789,0.0007200919790193439,0.05570346489548683,21.017833709716797,0.7106378078460693,-0.2561826705932617,0.0,0.0
4620,1154.75,46.0905876159668,47.98058319091797,128.8922119140625,109.19528198242188,112.71553802490234,0.0007088871207088232,0.05570041760802269,21.0178165435791,0.6906198859214783,-0.28245624899864197,0.0,0.0
4621,1155,45.914920806884766,47.71027374267578,129.4890899658203,109.188232421875,112.37825012207031,0.0006988027598708868,0.05569767579436302,21.018033981323242,0.6906198859214783,-0.2563524842262268,0.0,0.0
4622,1155.25,45.66676330566406,47.508419036865234,132.08041381835938,109.18999481201172,112.54368591308594,0.0006897268467582762,0.05569520592689514,21.018230438232422,0.6906198859214783,-0.2693045735359192,0.0,0.0
4623,1155.5,46.233238220214844,47.766021728515625,126.98402404785156,109.20101165771484,111.83799743652344,0.0006815585074946284,0.05570023134350777,21.018407821655273,0.7006288170814514,-0.21241183578968048,0.0,0.0
4624,1155.75,46.212646484375,47.83727264404297,131.22096252441406,109.17545318603516,111.83158111572266,0.0006703433464281261,0.0557047538459301,21.018566131591797,0.7006288170814514,-0.21398459374904633,0.0,0.0
4625,1156,45.872642517089844,47.51694107055664,134.56715393066406,109.18250274658203,111.81626892089844,0.0006602497305721045,0.05570882558822632,21.018709182739258,0.7106378078460693,-0.2121906578540802,0.0,0.0
4626,1156.25,45.72149658203125,47.99272155761719,136.13340759277344,109.17633056640625,111.76244354248047,0.0006511654355563223,0.055712487548589706,21.018604278564453,0.7106378078460693,-0.20840775966644287,0.0,0.0
4627,1156.5,46.257469177246094,47.65534591674805,128.1724395751953,109.17412567138672,112.08293914794922,0.0006429895875044167,0.055715784430503845,21.018510818481445,0.7006288170814514,-0.23407913744449615,0.0,0.0
4628,1156.75,45.70417022705078,47.831756591796875,130.54928588867188,109.16972351074219,111.849853515625,0.0006356313242577016,0.05571875348687172,21.0184268951416,0.7006288170814514,-0.21590612828731537,0.0,0.0
4629,1157,45.787437438964844,48.17996597290039,128.61056518554688,109.16707611083984,111.9456558227539,0.0006290088640525937,0.05572142452001572,21.01835060119629,0.7106378078460693,-0.22374379634857178,0.0,0.0
4630,1157.25,46.1707878112793,48.025047302246094,129.04791259765625,109.16928100585938,111.83206939697266,0.0006191857974044979,0.05573832243680954,21.018281936645508,0.7106378078460693,-0.21452704071998596,0.0,0.0
4631,1157.5,45.75494384765625,48.06755065917969,127.51449584960938,109.17236328125,112.458251953125,0.0006103450432419777,0.05575353279709816,21.01845359802246,0.7006288170814514,-0.26398155093193054,0.0,0.0
4632,1157.75,45.721858978271484,47.68491744995117,129.78448486328125,109.16575622558594,112.07355499267578,0.0006023883470334113,0.05576721951365471,21.01860809326172,0.6806108951568604,-0.23401594161987305,0.0,0.0
4633,1158,45.96783447265625,47.81501388549805,128.78688049316406,109.16134643554688,112.67899322509766,0.000595227291341871,0.05577953904867172,21.018747329711914,0.6906198859214783,-0.2823363244533539,0.0,0.0
4634,1158.25,45.82918930053711,48.19350051879883,132.54905700683594,109.14328002929688,112.28491973876953,0.0005887823645025492,0.055790625512599945,21.018871307373047,0.6806108951568604,-0.2526223063468933,0.0,0.0
4635,1158.5,45.66488265991211,47.89319610595703,131.9834747314453,109.16002655029297,113.06319427490234,0.0005829819128848612,0.05578611046075821,21.018983840942383,0.6906198859214783,-0.3127455711364746,0.0,0.0
4636,1158.75,46.063934326171875,47.78204345703125,130.75689697265625,109.14195251464844,112.46961212158203,0.0005809806752949953,0.05578204616904259,21.019084930419922,0.6906198859214783,-0.2673611044883728,0.0,0.0
4637,1159,45.89521789550781,47.80322265625,128.7212371826172,109.14328002929688,112.54961395263672,0.0005791795556433499,0.0557783879339695,21.019176483154297,0.6806108951568604,-0.2735823392868042,0.0,0.0
4638,1159.25,46.247413635253906,47.93419647216797,129.36085510253906,109.14328002929688,112.48294067382812,0.0005775585304945707,0.05577509477734566,21.019258499145508,0.6706019043922424,-0.268307626247406,0.0,0.0
4639,1159.5,45.83794021606445,47.88521957397461,125.60249328613281,109.14151763916016,111.7066421508789,0.0005760996136814356,0.05577212944626808,21.019332885742188,0.6706019043922424,-0.20680119097232819,0.0,0.0
4640,1159.75,45.92216873168945,48.00935745239258,128.24342346191406,109.14195251464844,112.5323257446289,0.0005825140979140997,0.05576946213841438,21.019399642944336,0.6806108951568604,-0.2723234295845032,0.0,0.0
4641,1160,46.285823822021484,47.874813079833984,132.95970153808594,109.1216812133789,112.72047424316406,0.0005882871337234974,0.05576706305146217,21.01922607421875,0.6806108951568604,-0.2888481020927429,0.0,0.0
4642,1160.25,45.93524932861328,47.700958251953125,128.95098876953125,109.11771392822266,112.65874481201172,0.0005934828659519553,0.055764902383089066,21.01906967163086,0.6906198859214783,-0.2842956483364105,0.0,0.0
4643,1160.5,45.97639083862305,48.057491302490234,130.8148956298828,109.13666534423828,112.63109588623047,0.0005981590365990996,0.05576295778155327,21.01892852783203,0.6906198859214783,-0.28056466579437256,0.0,0.0
4644,1160.75,45.431602478027344,47.78628158569336,129.07005310058594,109.11463165283203,113.50023651123047,0.0006088096997700632,0.05576120689511299,21.018802642822266,0.7006288170814514,-0.35079246759414673,0.0,0.0
4645,1161,45.61825180053711,47.95774841308594,130.7507781982422,109.11551666259766,112.60096740722656,0.0006183952791616321,0.05576688051223755,21.018688201904297,0.7006288170814514,-0.279908150434494,0.0,0.0
4646,1161.25,45.87562942504883,47.76884078979492,131.3583526611328,109.12344360351562,112.38961029052734,0.000627022294793278,0.05577198415994644,21.018585205078125,0.720646858215332,-0.262535959482193,0.0,0.0
4647,1161.5,45.89753723144531,47.664756774902344,128.65406799316406,109.1124267578125,112.12491607666016,0.0006347866146825254,0.055776577442884445,21.01849365234375,0.7006288170814514,-0.24244479835033417,0.0,0.0
4648,1161.75,45.67300033569336,47.61536407470703,122.70662689208984,109.10493469238281,112.7604751586914,0.0006379092810675502,0.05578071251511574,21.01841163635254,0.7106378078460693,-0.2933727204799652,0.0,0.0
4649,1162,45.67941665649414,47.8943977355957,128.39149475097656,109.09920501708984,112.15306091308594,0.0006407196633517742,0.0557844340801239,21.01833724975586,0.7106378078460693,-0.2457578182220459,0.0,0.0
4650,1162.25,45.988643646240234,47.9379768371582,134.1015625,109.11066436767578,111.4068832397461,0.000643249019049108,0.05578778311610222,21.01827049255371,0.7106378078460693,-0.18539784848690033,0.0,0.0
4651,1162.5,45.6793212890625,47.44680404663086,133.7000732421875,109.09832763671875,112.29874420166016,0.0006455254624597728,0.05580529570579529,21.01820945739746,0.7106378078460693,-0.2573852241039276,0.0,0.0
4652,1162.75,46.2097282409668,47.53057098388672,134.50762939453125,109.09832763671875,113.18566131591797,0.0006340506952255964,0.05582105740904808,21.018156051635742,0.7006288170814514,-0.32741591334342957,0.0,0.0
4653,1163,45.581031799316406,47.16192626953125,128.59681701660156,109.09215545654297,112.86418151855469,0.0006237234338186681,0.055835239589214325,21.01810646057129,0.7006288170814514,-0.30259910225868225,0.0,0.0
4654,1163.25,45.787113189697266,48.061119079589844,130.57522583007812,109.08907318115234,113.18319702148438,0.0006144288927316666,0.055848006159067154,21.018062591552734,0.7006288170814514,-0.32797738909721375,0.0,0.0
4655,1163.5,45.87942886352539,48.02001953125,129.8768310546875,109.0943603515625,113.67801666259766,0.0006060638115741313,0.055873990058898926,21.018022537231445,0.7006288170814514,-0.3663792908191681,0.0,0.0
4656,1163.75,45.815120697021484,48.04319763183594,132.58035278320312,109.08377838134766,112.69035339355469,0.0005818052450194955,0.05589737743139267,21.017986297607422,0.7006288170814514,-0.28956177830696106,0.0,0.0
4657,1164,45.67817687988281,47.878353118896484,129.9844512939453,109.08554077148438,112.8582534790039,0.0005599725409410894,0.05591842532157898,21.017953872680664,0.7106378078460693,-0.30267152190208435,0.0,0.0
4658,1164.25,45.81113052368164,47.461402893066406,130.17832946777344,109.09480285644531,112.24244689941406,0.0005403230898082256,0.05593736842274666,21.017925262451172,0.7106378078460693,-0.25320911407470703,0.0,0.0
4659,1164.5,45.687843322753906,48.079105377197266,129.87911987304688,109.08334350585938,112.501708984375,0.0005226386128924787,0.05595441535115242,21.017898559570312,0.720646858215332,-0.2746827304363251,0.0,0.0
4660,1164.75,45.677860260009766,47.415775299072266,129.58450317382812,109.07452392578125,112.08936309814453,0.0005067225429229438,0.055969759821891785,21.01787567138672,0.7106378078460693,-0.24271471798419952,0.0,0.0
4661,1165,45.70576095581055,48.09839630126953,132.4086151123047,109.07099914550781,112.3841781616211,0.0004923981032334268,0.05598356947302818,21.017854690551758,0.7106378078460693,-0.26638516783714294,0.0,0.0
4662,1165.25,46.05265426635742,48.1056022644043,128.4594268798828,109.07981872558594,111.8804702758789,0.00045829295413568616,0.05598150193691254,21.01783561706543,0.7106378078460693,-0.22567668557167053,0.0,0.0
4663,1165.5,46.41887283325195,47.4565544128418,128.04115295410156,109.05821990966797,112.02318572998047,0.0004275983083061874,0.055979643017053604,21.017818450927734,0.7006288170814514,-0.23878800868988037,0.0,0.0
4664,1165.75,45.608375549316406,47.244136810302734,128.37928771972656,109.08554077148438,112.43602752685547,0.0003999731270596385,0.055977966636419296,21.017803192138672,0.720646858215332,-0.2693045735359192,0.0,0.0
4665,1166,46.40497970581055,47.576019287109375,128.68841552734375,109.04808044433594,112.11800384521484,0.00037511048140004277,0.05597645789384842,21.017789840698242,0.7006288170814514,-0.24714721739292145,0.0,0.0
4666,1166.25,45.85011291503906,47.99221420288086,129.5615997314453,109.05733489990234,112.7081298828125,0.0003546619846019894,0.05596785247325897,21.017778396606445,0.6906198859214783,-0.29312431812286377,0.0,0.0
4667,1166.5,45.645938873291016,47.7306022644043,131.04693603515625,109.05733489990234,112.25923919677734,0.0003362583229318261,0.05596010759472847,21.01776695251465,0.7006288170814514,-0.25759878754615784,0.0,0.0
4668,1166.75,45.930908203125,47.83740234375,131.87738037109375,109.0432357788086,111.70466613769531,0.0003196950419805944,0.05595313757658005,21.017757415771484,0.7006288170814514,-0.21466347575187683,0.0,0.0
4669,1167,45.73768615722656,47.725887298583984,128.544921875,109.05469512939453,112.73281860351562,0.00030478808912448585,0.05594686418771744,21.01774787902832,0.7106378078460693,-0.2952895164489746,0.0,0.0
4670,1167.25,46.205665588378906,48.0154914855957,126.46041107177734,109.0432357788086,111.82318115234375,0.0002913718344643712,0.05594122037291527,21.01774024963379,0.7106378078460693,-0.22410346567630768,0.0,0.0
4671,1167.5,46.07243347167969,47.93131637573242,131.73541259765625,109.03750610351562,111.7609634399414,0.0002914626384153962,0.05595063790678978,21.017732620239258,0.6906198859214783,-0.2196166068315506,0.0,0.0
4672,1167.75,45.73238754272461,48.237648010253906,129.67608642578125,109.03706359863281,111.95355224609375,0.0002915443619713187,0.05595911294221878,21.01772689819336,0.7106378078460693,-0.23497962951660156,0.0,0.0
4673,1168,46.02754211425781,48.01837921142578,128.85023498535156,109.0273666381836,112.4493637084961,0.00029161793645471334,0.05596673861145973,21.01772117614746,0.7006288170814514,-0.27510908246040344,0.0,0.0
4674,1168.25,46.209747314453125,47.76625061035156,127.75645446777344,109.03794860839844,112.21380615234375,0.0002916841476690024,0.0559736043214798,21.017715454101562,0.7006288170814514,-0.25557759404182434,0.0,0.0
4675,1168.5,46.00321578979492,47.632564544677734,131.05838012695312,109.01591491699219,112.17281341552734,0.00030653743306174874,0.05597978085279465,21.017709732055664,0.6906198859214783,-0.25412410497665405,0.0,0.0
4676,1168.75,46.17556381225586,47.76023864746094,129.2898712158203,109.00709533691406,111.76392364501953,0.00031990540446713567,0.055999837815761566,21.0177059173584,0.6906198859214783,-0.22233575582504272,0.0,0.0
4677,1169,45.43678665161133,47.65367126464844,126.23295593261719,109.0093002319336,111.55157470703125,0.0003319365787319839,0.056017886847257614,21.01778793334961,0.7006288170814514,-0.2052258849143982,0.0,0.0
4678,1169.25,46.193485260009766,47.834468841552734,128.17625427246094,109.00885772705078,111.82417297363281,0.0003427646297495812,0.05603413283824921,21.01786231994629,0.6906198859214783,-0.22698943316936493,0.0,0.0
4679,1169.5,46.10870361328125,47.774871826171875,129.79669189453125,109.00533294677734,111.6088638305664,0.00035250987275503576,0.05604875460267067,21.017929077148438,0.6906198859214783,-0.2101205438375473,0.0,0.0
4680,1169.75,46.06377410888672,48.20709228515625,131.0683135986328,108.9934310913086,111.46367645263672,0.0003690035082399845,0.05607641115784645,21.017990112304688,0.7006288170814514,-0.19950474798679352,0.0,0.0
4681,1170,45.81877136230469,48.45554733276367,131.84226989746094,108.98858642578125,112.93529510498047,0.00038384777144528925,0.05610130354762077,21.018043518066406,0.7106378078460693,-0.3166615962982178,0.0,0.0
4682,1170.25,45.80647659301758,47.86279296875,132.13612365722656,108.99784088134766,113.35406494140625,0.00039720762288197875,0.05612370744347572,21.01809310913086,0.720646858215332,-0.3488537669181824,0.0,0.0
4683,1170.5,46.06291198730469,48.198734283447266,128.99143981933594,108.99520111083984,113.1338119506836,0.00040923149208538234,0.056143868714571,21.018136978149414,0.7106378078460693,-0.3317558467388153,0.0,0.0
4684,1170.75,45.42731857299805,47.52273178100586,131.89263916015625,108.9837417602539,111.66614532470703,0.00042005296563729644,0.05616201460361481,21.018177032470703,0.7106378078460693,-0.21645139157772064,0.0,0.0
4685,1171,45.625831604003906,47.378536224365234,128.55560302734375,108.99079132080078,111.18910217285156,0.00042979230056516826,0.056200504302978516,21.018213272094727,0.7106378078460693,-0.17776435613632202,0.0,0.0
4686,1171.25,45.95644760131836,47.79029083251953,130.31419372558594,108.98990631103516,111.43157958984375,0.00043855770491063595,0.05623514577746391,21.018245697021484,0.7106378078460693,-0.19722871482372284,0.0,0.0
4687,1171.5,45.90690231323242,47.7333984375,130.32029724121094,108.96831512451172,111.42219543457031,0.00043550654663704336,0.05626632273197174,21.018274307250977,0.7106378078460693,-0.1982426941394806,0.0,0.0
4688,1171.75,45.87895202636719,47.6580810546875,129.0143280029297,108.96831512451172,110.93675994873047,0.00043276051292195916,0.056294381618499756,21.018278121948242,0.7106378078460693,-0.1593741476535797,0.0,0.0
4689,1172,45.92588806152344,48.08720016479492,129.55091857910156,108.96919250488281,111.73577880859375,0.00043028907384723425,0.05631963536143303,21.018281936645508,0.720646858215332,-0.2231893688440323,0.0,0.0
4690,1172.25,45.559444427490234,47.65910339355469,130.20123291015625,108.97888946533203,111.26071166992188,0.0004280647845007479,0.05634961649775505,21.018285751342773,0.720646858215332,-0.18446767330169678,0.0,0.0
4691,1172.5,46.00373077392578,47.984188079833984,130.15084838867188,108.96038055419922,111.8409652709961,0.00042606290662661195,0.05637659877538681,21.01828956604004,0.7106378078460693,-0.23228546977043152,0.0,0.0
4692,1172.75,45.59526824951172,47.943763732910156,128.81053161621094,108.95465087890625,111.75601959228516,0.00042426123400218785,0.056400883942842484,21.018293380737305,0.7106378078460693,-0.2259901463985443,0.0,0.0
4693,1173,45.878929138183594,47.80331802368164,131.6392364501953,108.95906066894531,112.72047424316406,0.00041170595795847476,0.05642274022102356,21.018295288085938,0.7106378078460693,-0.3021242618560791,0.0,0.0
4694,1173.25,45.948184967041016,48.150909423828125,130.27450561523438,108.96522521972656,112.21133422851562,0.0004004061920568347,0.05644240975379944,21.01829719543457,0.7106378078460693,-0.26132068037986755,0.0,0.0
4695,1173.5,46.044246673583984,48.1787223815918,128.79832458496094,108.95068359375,112.53578186035156,0.0003902364114765078,0.05646011233329773,21.018299102783203,0.720646858215332,-0.28821122646331787,0.0,0.0
4696,1173.75,45.68156814575195,47.696590423583984,128.96929931640625,108.94539642333984,112.14269256591797,0.0003810836060438305,0.05647604539990425,21.018301010131836,0.7106378078460693,-0.25749391317367554,0.0,0.0
4697,1174,46.17608642578125,47.945987701416016,130.48211669921875,108.95597076416016,111.78910827636719,0.000367703236406669,0.05646863579750061,21.01830291748047,0.7106378078460693,-0.22851744294166565,0.0,0.0
4698,1174.25,45.929344177246094,48.223934173583984,130.22946166992188,108.94847869873047,111.98368072509766,0.0003556608862709254,0.056461967527866364,21.0180721282959,0.7106378078460693,-0.2446102648973465,0.0,0.0
4699,1174.5,45.802284240722656,47.928253173828125,129.33644104003906,108.93701934814453,111.61725616455078,0.0003448227944318205,0.05645596608519554,21.017864227294922,0.7106378078460693,-0.2163703888654709,0.0,0.0
4700,1174.75,45.746551513671875,47.71403121948242,129.7509002685547,108.9334945678711,111.79503631591797,0.00033506850013509393,0.05645056441426277,21.017677307128906,0.7106378078460693,-0.2308259904384613,0.0,0.0
4701,1175,45.92851638793945,48.104637145996094,128.5823211669922,108.94010925292969,111.9387435913086,0.00032307577203027904,0.05644570291042328,21.01750946044922,0.7106378078460693,-0.24172130227088928,0.0,0.0
4702,1175.25,45.823646545410156,48.10358428955078,131.73846435546875,108.9326171875,112.03108978271484,0.0003122823254670948,0.05643407627940178,21.017356872558594,0.7106378078460693,-0.2496744990348816,0.0,0.0
4703,1175.5,46.19672775268555,47.92512512207031,130.13406372070312,108.9246826171875,112.0044174194336,0.00030256822356022894,0.0564236119389534,21.01721954345703,0.7106378078460693,-0.24820344150066376,0.0,0.0
4704,1175.75,46.37506103515625,47.56395721435547,131.35072326660156,108.92952728271484,111.90120697021484,0.0002938255202025175,0.05641419440507889,21.01709747314453,0.7006288170814514,-0.23960013687610626,0.0,0.0
4705,1176,45.77202224731445,47.92769241333008,132.8192596435547,108.93173217773438,111.1787338256836,0.0002846719871740788,0.05640571936964989,21.016986846923828,0.7106378078460693,-0.1817595362663269,0.0,0.0
4706,1176.25,45.79389953613281,47.86354064941406,127.74347686767578,108.9260025024414,112.38170623779297,0.0002764338278211653,0.056398093700408936,21.016887664794922,0.7006288170814514,-0.2780313491821289,0.0,0.0
4707,1176.5,45.84428405761719,47.79095458984375,128.5479736328125,108.91895294189453,111.9500961303711,0.00026901948149316013,0.056376729160547256,21.01679801940918,0.7006288170814514,-0.24435283243656158,0.0,0.0
4708,1176.75,45.75784683227539,47.59944152832031,129.5005340576172,108.91939544677734,112.06071472167969,0.00025441308389417827,0.056357502937316895,21.0167179107666,0.7106378078460693,-0.2531086802482605,0.0,0.0
4709,1177,46.23149108886719,47.76576614379883,131.4339141845703,108.92115783691406,112.2977523803711,0.00025441308389417827,0.05634019896388054,21.016645431518555,0.720646858215332,-0.27177467942237854,0.0,0.0
4710,1177.25,46.1816520690918,48.20927047729492,130.60194396972656,108.91322326660156,112.8819580078125,0.0002472729538567364,0.05632462352514267,21.01658058166504,0.720646858215332,-0.3186142146587372,0.0,0.0
4711,1177.5,45.69874954223633,47.84711456298828,129.83103942871094,108.90396881103516,111.77330780029297,0.00024084684264380485,0.05632510781288147,21.016521453857422,0.7106378078460693,-0.23150888085365295,0.0,0.0
4712,1177.75,45.69987106323242,47.34886932373047,126.11235809326172,108.92776489257812,112.4888687133789,0.00023506334400735795,0.05632554367184639,21.016420364379883,0.720646858215332,-0.2863721549510956,0.0,0.0
4713,1178,45.98573303222656,47.621063232421875,130.4523468017578,108.90485382080078,111.70169830322266,0.00022985819668974727,0.05632593482732773,21.016420364379883,0.7106378078460693,-0.22573164105415344,0.0,0.0
4714,1178.25,46.1174201965332,47.88146209716797,131.68426513671875,108.9000015258789,111.82120513916016,0.0002297183236805722,0.056326285004615784,21.016376495361328,0.7106378078460693,-0.2356470227241516,0.0,0.0
4715,1178.5,46.252105712890625,48.25737380981445,129.4226837158203,108.89427185058594,111.0700912475586,0.0002295924350619316,0.05634110048413277,21.016571044921875,0.7106378078460693,-0.17611785233020782,0.0,0.0
4716,1178.75,46.21043395996094,48.11359786987305,129.8356170654297,108.88677978515625,111.83799743652344,0.00022937716857995838,0.05635443329811096,21.016904830932617,0.7006288170814514,-0.23806478083133698,0.0,0.0
4717,1179,45.847312927246094,48.220577239990234,128.98150634765625,108.89118957519531,113.07405853271484,0.00022937716857995838,0.05636643245816231,21.016904830932617,0.7106378078460693,-0.3355518877506256,0.0,0.0
4718,1179.25,45.96967315673828,47.83757781982422,132.03689575195312,108.88369750976562,112.28294372558594,0.0002292028075316921,0.05637723207473755,21.017173767089844,0.7106378078460693,-0.2736627757549286,0.0,0.0
4719,1179.5,45.73471450805664,48.06965255737305,130.50347900390625,108.87576293945312,112.14911651611328,0.0002484199358150363,0.05637970194220543,21.017288208007812,0.7106378078460693,-0.2636951506137848,0.0,0.0
4720,1179.75,46.26122283935547,47.34052658081055,130.6126251220703,108.87047576904297,112.4493637084961,0.0002657153527252376,0.05638192594051361,21.017305374145508,0.6806108951568604,-0.28792843222618103,0.0,0.0
4721,1180,45.80070877075195,48.08070373535156,132.66355895996094,108.88590240478516,111.63898468017578,0.0002812812163028866,0.056383926421403885,21.01732063293457,0.7006288170814514,-0.222281351685524,0.0,0.0
4722,1180.25,45.757144927978516,47.8698616027832,127.6419677734375,108.89603424072266,112.23701477050781,0.00029529049061238766,0.05638572946190834,21.017333984375,0.7106378078460693,-0.2690125107765198,0.0,0.0
4723,1180.5,45.87629699707031,47.95616912841797,129.66311645507812,108.87223815917969,112.06071472167969,0.00029529049061238766,0.05636560171842575,21.017333984375,0.6906198859214783,-0.2569636106491089,0.0,0.0
4724,1180.75,45.714229583740234,47.757362365722656,131.05685424804688,108.85901641845703,112.61183166503906,0.00030789885204285383,0.05634748563170433,21.017356872558594,0.6806108951568604,-0.3017180562019348,0.0,0.0
4725,1181,45.8127555847168,47.836448669433594,130.31190490722656,108.86739349365234,112.44442749023438,0.0003314740606583655,0.05633118376135826,21.017356872558594,0.6806108951568604,-0.28778979182243347,0.0,0.0
4726,1181.25,46.005008697509766,47.874412536621094,129.93026733398438,108.8660659790039,111.8177490234375,0.00035269177169539034,0.05631650984287262,21.017366409301758,0.6906198859214783,-0.23814654350280762,0.0,0.0
4727,1181.5,46.198158264160156,48.30720901489258,129.72418212890625,108.85108184814453,113.54369354248047,0.0003717876970767975,0.05630330368876457,21.017375946044922,0.6906198859214783,-0.3757276237010956,0.0,0.0
4728,1181.75,45.92013931274414,47.946693420410156,128.00833129882812,108.86077880859375,112.26319122314453,0.00040251080645248294,0.05627306178212166,21.017383575439453,0.6806108951568604,-0.2739708125591278,0.0,0.0
4729,1182,46.05808639526367,48.11994552612305,130.93931579589844,108.86033630371094,111.13082885742188,0.00040251080645248294,0.05627306178212166,21.017391204833984,0.6906198859214783,-0.1837591528892517,0.0,0.0
4730,1182.25,45.94697189331055,47.81793212890625,127.99688720703125,108.84844207763672,112.54418182373047,0.0004146939027123153,0.05624167248606682,21.017396926879883,0.7006288170814514,-0.29723304510116577,0.0,0.0
4731,1182.5,45.94212341308594,47.531558990478516,127.54197692871094,108.84314727783203,112.86516571044922,0.00042565871262922883,0.05622829124331474,21.01740264892578,0.7006288170814514,-0.32301920652389526,0.0,0.0
4732,1182.75,45.71961212158203,47.62053680419922,126.7657241821289,108.83169555664062,112.90072631835938,0.0004355270357336849,0.056216247379779816,21.01740837097168,0.6906198859214783,-0.32676032185554504,0.0,0.0
4733,1183,46.202117919921875,47.803104400634766,129.9745330810547,108.84050750732422,111.76046752929688,0.0004341117455624044,0.05620540678501129,21.017414093017578,0.7106378078460693,-0.23567482829093933,0.0,0.0
4734,1183.25,46.32400894165039,47.878929138183594,128.2502899169922,108.82860565185547,112.71208190917969,0.000432837987318635,0.056210149079561234,21.017417907714844,0.720646858215332,-0.3121262490749359,0.0,0.0
4735,1183.5,46.34113693237305,48.1656379699707,128.6609344482422,108.81847381591797,112.80738830566406,0.00043169158743694425,0.056210149079561234,21.01742172241211,0.7106378078460693,-0.32047924399375916,0.0,0.0
4736,1183.75,46.04477310180664,47.9407844543457,125.28192138671875,108.81847381591797,112.98961639404297,0.0004306598275434226,0.05621441826224327,21.017425537109375,0.73065584897995,-0.33484774827957153,0.0,0.0
4737,1184,46.07574462890625,48.196834564208984,129.37307739257812,108.82376098632812,111.8824462890625,0.0004181542026344687,0.056218259036540985,21.01742935180664,0.720646858215332,-0.24675551056861877,0.0,0.0
4738,1184.25,45.987396240234375,48.00636291503906,129.6211395263672,108.81935119628906,111.87899017333984,0.00040689914021641016,0.05622171610593796,21.017431259155273,0.7106378078460693,-0.2468411773443222,0.0,0.0
4739,1184.5,46.463626861572266,47.769500732421875,127.56487274169922,108.8048095703125,112.56047821044922,0.00039676958112977445,0.05623932555317879,21.017433166503906,0.7006288170814514,-0.3020913004875183,0.0,0.0
4740,1184.75,46.07292175292969,47.65481185913086,131.35301208496094,108.81098175048828,111.87947845458984,0.00038765298086218536,0.056255172938108444,21.01743507385254,0.7006288170814514,-0.24756453931331635,0.0,0.0
4741,1185,46.19532775878906,48.179969787597656,128.85557556152344,108.81582641601562,111.5263900756836,0.0003736619255505502,0.056269437074661255,21.017436981201172,0.7006288170814514,-0.2190292626619339,0.0,0.0
4742,1185.25,46.04701232910156,48.36809158325195,130.2615203857422,108.80436706542969,111.64096069335938,0.00036106997868046165,0.056282274425029755,21.017438888549805,0.7106378078460693,-0.2291075885295868,0.0,0.0
4743,1185.5,45.63162612915039,47.975643157958984,133.3848419189453,108.79731750488281,111.8720703125,0.0003497372381389141,0.05627933144569397,21.017440795898438,0.7006288170814514,-0.24809323251247406,0.0,0.0
4744,1185.75,46.143211364746094,48.27903366088867,130.70803833007812,108.80789184570312,112.80541229248047,0.0003395377716515213,0.05627668276429176,21.01744270324707,0.7006288170814514,-0.32118886709213257,0.0,0.0
4745,1186,46.17304992675781,48.08367919921875,124.55375671386719,108.80744934082031,113.03356170654297,0.0003303582489024848,0.05627429857850075,21.017444610595703,0.7106378078460693,-0.33921170234680176,0.0,0.0
4746,1186.25,46.07020950317383,48.11134338378906,127.39237213134766,108.78938293457031,112.08293914794922,0.00033238413743674755,0.056272152811288834,21.017446517944336,0.7006288170814514,-0.2655060887336731,0.0,0.0
4747,1186.5,45.8900032043457,47.719520568847656,128.8548126220703,108.7880630493164,112.2735595703125,0.000334207434207201,0.05626297369599342,21.01744842529297,0.6906198859214783,-0.28074100613594055,0.0,0.0
4748,1186.75,46.63729476928711,47.91783905029297,130.83932495117188,108.7981948852539,112.26911163330078,0.0003358484245836735,0.056254711002111435,21.01744842529297,0.7006288170814514,-0.27955934405326843,0.0,0.0
4749,1187,45.949913024902344,47.945274353027344,128.26861572265625,108.79246520996094,111.85528564453125,0.00033732529846020043,0.056247275322675705,21.01744842529297,0.6806108951568604,-0.2471548318862915,0.0,0.0
4750,1187.25,46.239166259765625,48.26082229614258,127.59387969970703,108.78717803955078,112.45084381103516,0.0003386544995009899,0.05624058097600937,21.01744842529297,0.6906198859214783,-0.29485899209976196,0.0,0.0
4751,1187.5,46.427207946777344,47.802772521972656,128.95175170898438,108.78497314453125,112.27651977539062,0.00035207398468628526,0.05624905601143837,21.01744842529297,0.6806108951568604,-0.2812289297580719,0.0,0.0
4752,1187.75,45.88048553466797,47.935272216796875,128.6525421142578,108.7695541381836,113.10467529296875,0.00036415152135305107,0.05625668540596962,21.01744842529297,0.6906198859214783,-0.3479113280773163,0.0,0.0
4753,1188,46.07158279418945,47.74085235595703,135.68154907226562,108.77307891845703,112.08244323730469,0.0003750212781596929,0.056263551115989685,21.01744842529297,0.7006288170814514,-0.26680123805999756,0.0,0.0
4754,1188.25,46.30733108520508,48.3851203918457,132.4147186279297,108.76866912841797,111.49676513671875,0.0003848040651064366,0.05626973137259483,21.01744842529297,0.7006288170814514,-0.22052328288555145,0.0,0.0
4755,1188.5,46.119361877441406,47.86556625366211,129.12806701660156,108.76690673828125,111.61775207519531,0.00039360858500003815,0.05627529323101044,21.01744842529297,0.7006288170814514,-0.23032177984714508,0.0,0.0
4756,1188.75,45.99457931518555,47.832908630371094,130.77749633789062,108.77395629882812,112.00293731689453,0.0004060379578731954,0.056294795125722885,21.01744842529297,0.7006288170814514,-0.2604126036167145,0.0,0.0
4757,1189,45.892433166503906,47.43301010131836,128.84487915039062,108.76602172851562,112.36788177490234,0.00041722439345903695,0.05631234869360924,21.017215728759766,0.6906198859214783,-0.29002058506011963,0.0,0.0
4758,1189.25,45.94763946533203,47.77859115600586,127.45343780517578,108.74751281738281,111.79849243164062,0.00042729219421744347,0.056328143924474716,21.017005920410156,0.7106378078460693,-0.24631257355213165,0.0,0.0
4759,1189.5,46.03232955932617,47.757938385009766,132.0407257080078,108.75060272216797,112.1412124633789,0.0004363532061688602,0.05634235963225365,21.016817092895508,0.7006288170814514,-0.2733071446418762,0.0,0.0
4760,1189.75,45.546871185302734,47.60953140258789,130.40272521972656,108.7457504272461,112.74170684814453,0.000444508099462837,0.056355156004428864,21.016647338867188,0.6906198859214783,-0.32124608755111694,0.0,0.0
4761,1190,46.010066986083984,47.898651123046875,131.96209716796875,108.7528076171875,111.75601959228516,0.00044991684262640774,0.0563594214618206,21.016494750976562,0.7006288170814514,-0.24249659478664398,0.0,0.0
4762,1190.25,45.92820358276367,47.658424377441406,130.12184143066406,108.73473358154297,112.38861846923828,0.00045478472020477057,0.05636326223611832,21.016357421875,0.6906198859214783,-0.29422441124916077,0.0,0.0
4763,1190.5,46.71782684326172,47.54785919189453,128.06405639648438,108.73297119140625,112.37775421142578,0.00045916580711491406,0.05636671558022499,21.016233444213867,0.7006288170814514,-0.2935081720352173,0.0,0.0
4764,1190.75,45.4838981628418,48.248779296875,130.6126251220703,108.73517608642578,111.06465911865234,0.00046310879406519234,0.05636982619762421,21.016122817993164,0.7106378078460693,-0.18869784474372864,0.0,0.0
4765,1191,45.846435546875,47.824127197265625,129.92416381835938,108.74222564697266,111.2725601196289,0.00046343941357918084,0.05637262389063835,21.016023635864258,0.7106378078460693,-0.20476870238780975,0.0,0.0
4766,1191.25,46.06256866455078,47.50810241699219,127.3526840209961,108.72724151611328,111.25923156738281,0.0004637369711417705,0.056360647082328796,21.01616668701172,0.7106378078460693,-0.2049294263124466,0.0,0.0
4767,1191.5,46.05905532836914,47.76979064941406,130.76071166992188,108.72460174560547,111.8197250366211,0.00046400478458963335,0.05634986609220505,21.01629638671875,0.73065584897995,-0.24987860023975372,0.0,0.0
4768,1191.75,45.79299545288086,47.78853988647461,129.22958374023438,108.72283172607422,111.04638671875,0.00046424579340964556,0.05634016543626785,21.01641273498535,0.720646858215332,-0.18824422359466553,0.0,0.0
4769,1192,46.18777847290039,47.56056213378906,127.15422821044922,108.72944641113281,112.81627655029297,0.0004638193058781326,0.05633143335580826,21.016517639160156,0.720646858215332,-0.3284668028354645,0.0,0.0
4770,1192.25,45.88437271118164,47.94200134277344,131.0423583984375,108.71446228027344,112.51850128173828,0.0004634354845620692,0.0563163235783577,21.016611099243164,0.73065584897995,-0.30616575479507446,0.0,0.0
4771,1192.5,45.97904968261719,48.00543975830078,130.31419372558594,108.70873260498047,112.13775634765625,0.00046309002209454775,0.05630272626876831,21.016695022583008,0.7106378078460693,-0.2764608561992645,0.0,0.0
4772,1192.75,45.74617004394531,47.943302154541016,129.3532257080078,108.70520782470703,111.15898132324219,0.00046277910587377846,0.05629048869013786,21.01677131652832,0.73065584897995,-0.19870875775814056,0.0,0.0
4773,1193,46.09382629394531,47.96304702758789,130.8813018798828,108.71138000488281,111.60836791992188,0.0004624993016477674,0.05627947300672531,21.0168399810791,0.720646858215332,-0.23411943018436432,0.0,0.0
4774,1193.25,46.36177062988281,48.07213592529297,129.26927185058594,108.70565032958984,112.60096740722656,0.0004622474662028253,0.056269560009241104,21.01690101623535,0.7106378078460693,-0.3134095072746277,0.0,0.0
4775,1193.5,45.657501220703125,47.465030670166016,131.23927307128906,108.70035552978516,111.7935562133789,0.0004639514663722366,0.05626063793897629,21.016956329345703,0.7106378078460693,-0.24978092312812805,0.0,0.0
4776,1193.75,46.018310546875,47.401641845703125,136.2326202392578,108.69066619873047,112.36738586425781,0.00046548506361432374,0.0562526099383831,21.017005920410156,0.7006288170814514,-0.29615071415901184,0.0,0.0
4777,1194,45.94918441772461,47.95339584350586,128.50904846191406,108.70652770996094,112.49430084228516,0.0004668652836699039,0.056245382875204086,21.017051696777344,0.6906198859214783,-0.30490055680274963,0.0,0.0
4778,1194.25,46.103084564208984,47.982662200927734,128.78077697753906,108.67479705810547,111.54071044921875,0.0004681074933614582,0.05623887851834297,21.017091751098633,0.7106378078460693,-0.23171745240688324,0.0,0.0
4779,1194.5,45.65556335449219,47.62910842895508,128.46630859375,108.69022369384766,111.8696060180664,0.00046922548790462315,0.05623302608728409,21.017127990722656,0.720646858215332,-0.25666433572769165,0.0,0.0
4780,1194.75,45.6975212097168,47.62950134277344,130.6759796142578,108.69154357910156,110.9614486694336,0.00047023166553117335,0.05621326342225075,21.017160415649414,0.7006288170814514,-0.18399424850940704,0.0,0.0
4781,1195,45.61138916015625,47.52425003051758,130.72865295410156,108.69242858886719,112.07454681396484,0.000458913273178041,0.05619547516107559,21.01719093322754,0.6906198859214783,-0.2727769613265991,0.0,0.0
4782,1195.25,46.05411911010742,47.8996696472168,133.75503540039062,108.68317413330078,112.03404998779297,0.00044872669968754053,0.0561794675886631,21.017370223999023,0.73065584897995,-0.2703174948692322,0.0,0.0
4783,1195.5,46.060672760009766,48.56232833862305,133.63597106933594,108.6778793334961,111.69132995605469,0.0004395587893668562,0.05616505816578865,21.017532348632812,0.73065584897995,-0.24347756803035736,0.0,0.0
4784,1195.75,45.823543548583984,48.10051345825195,128.83953857421875,108.68360900878906,112.0350341796875,0.00043130767880938947,0.05616658553481102,21.017677307128906,0.7006288170814514,-0.27036017179489136,0.0,0.0
4785,1196,45.951019287109375,47.941890716552734,130.6195068359375,108.68052673339844,111.39009094238281,0.00040780968265607953,0.05616796016693115,21.01780891418457,0.7106378078460693,-0.21921907365322113,0.0,0.0
4786,1196.25,46.38677978515625,47.51339340209961,128.34417724609375,108.6858139038086,111.33626556396484,0.0003866615006700158,0.05616919696331024,21.017927169799805,0.7106378078460693,-0.21448302268981934,0.0,0.0
4787,1196.5,45.961944580078125,47.65949249267578,125.71163940429688,108.66686248779297,112.80146789550781,0.0003676281194202602,0.05617031082510948,21.01803207397461,0.73065584897995,-0.3324234187602997,0.0,0.0
4788,1196.75,46.34553527832031,47.9892463684082,131.1904296875,108.68052673339844,111.91454315185547,0.00035049807047471404,0.05617131292819977,21.01812744140625,0.7406647801399231,-0.2610332667827606,0.0,0.0
4789,1197,46.09287643432617,47.82284164428711,126.66039276123047,108.66641998291016,111.53577423095703,0.0003350810438860208,0.056172214448451996,21.018213272094727,0.720646858215332,-0.23200936615467072,0.0,0.0
4790,1197.25,46.092369079589844,47.782291412353516,128.64186096191406,108.67435455322266,111.96491241455078,0.00031092652352526784,0.05617302656173706,21.01828956604004,0.7106378078460693,-0.2655448913574219,0.0,0.0
4791,1197.5,45.871944427490234,48.12366485595703,130.26075744628906,108.65496826171875,111.13379669189453,0.00028918744646944106,0.05617375671863556,21.01835823059082,0.7106378078460693,-0.2008066177368164,0.0,0.0
4792,1197.75,45.66636657714844,47.79547119140625,125.77194213867188,108.66598510742188,111.69725799560547,0.00026962228002958,0.05617441609501839,21.018421173095703,0.6906198859214783,-0.244924396276474,0.0,0.0
4793,1198,46.04544448852539,47.77250289916992,130.6759796142578,108.66157531738281,111.63404846191406,0.0002520136476960033,0.05617500841617584,21.018478393554688,0.6906198859214783,-0.24024662375450134,0.0,0.0
4794,1198.25,46.124717712402344,48.0812873840332,133.99928283691406,108.66465759277344,111.08688354492188,0.000236808045883663,0.05617554113268852,21.018529891967773,0.7006288170814514,-0.19625447690486908,0.0,0.0
4795,1198.5,46.07450866699219,47.768943786621094,129.78677368164062,108.65276336669922,111.81676483154297,0.0002231230027973652,0.056176021695137024,21.01857566833496,0.7106378078460693,-0.2555268108844757,0.0,0.0
4796,1198.75,45.626312255859375,47.669551849365234,130.0508575439453,108.65673065185547,111.60441589355469,0.00021080646547488868,0.056176453828811646,21.01861572265625,0.7406647801399231,-0.2382800579071045,0.0,0.0
4797,1199,45.859798431396484,48.04490661621094,127.47099304199219,108.65849304199219,112.36294555664062,0.0001997215731535107,0.056176841259002686,21.018651962280273,0.73065584897995,-0.29843464493751526,0.0,0.0
4798,1199.25,46.101261138916016,47.988216400146484,130.37142944335938,108.63998413085938,111.35997009277344,0.0002064521686406806,0.05617719143629074,21.01868438720703,0.7106378078460693,-0.2201327532529831,0.0,0.0
4799,1199.5,46.012596130371094,48.01228332519531,129.02578735351562,108.65276336669922,111.9066390991211,0.0002125097089447081,0.05617750808596611,21.018714904785156,0.7106378078460693,-0.26267915964126587,0.0,0.0
4800,1199.75,46.289894104003906,47.7958984375,127.9839096069336,108.65496826171875,112.08936309814453,0.00021796149667352438,0.05619229003787041,21.018741607666016,0.7106378078460693,-0.27702194452285767,0.0,0.0
4801,1200,46.076866149902344,48.0350341796875,127.93048095703125,108.66641998291016,111.4572525024414,0.00022286811145022511,0.056205593049526215,21.018766403198242,0.7006288170814514,-0.22574034333229065,0.0,0.0
4802,1200.25,46.497684478759766,47.56940841674805,129.72418212890625,108.63733673095703,111.86812591552734,0.00022728406474925578,0.05621756613254547,21.018787384033203,0.7006288170814514,-0.2608792185783386,0.0,0.0
4803,1200.5,45.91159439086914,47.726280212402344,132.99404907226562,108.63249206542969,111.263671875,0.0002312584110768512,0.05622834339737892,21.01880645751953,0.7006288170814514,-0.21304546296596527,0.0,0.0
4804,1200.75,45.816463470458984,47.82228469848633,129.67532348632812,108.6338119506836,111.37330627441406,0.00023483533004764467,0.056216295808553696,21.018823623657227,0.7106378078460693,-0.22170473635196686,0.0,0.0
4805,1201,45.68355178833008,47.642276763916016,127.45191192626953,108.6338119506836,112.02812194824219,0.0002715122827794403,0.05620545148849487,21.01883888244629,0.7106378078460693,-0.2738904058933258,0.0,0.0
4806,1201.25,45.73004913330078,47.40863037109375,133.3153839111328,108.625,111.46910858154297,0.0003045215562451631,0.0561956912279129,21.01885414123535,0.7106378078460693,-0.23008109629154205,0.0,0.0
4807,1201.5,45.88698196411133,47.846866607666016,130.39891052246094,108.61927032470703,110.74120330810547,0.0003342299023643136,0.05618690699338913,21.01886749267578,0.7106378078460693,-0.17222853004932404,0.0,0.0
4808,1201.75,45.6934700012207,48.123199462890625,130.8118438720703,108.63909912109375,111.36392211914062,0.00036096738767810166,0.056150007992982864,21.018878936767578,0.7106378078460693,-0.22052109241485596,0.0,0.0
4809,1202,45.785518646240234,47.4284782409668,127.91368865966797,108.62984466552734,110.90219116210938,0.0003946930228266865,0.056116800755262375,21.018890380859375,0.7106378078460693,-0.18429377675056458,0.0,0.0
4810,1202.25,45.76716995239258,47.82353591918945,133.77793884277344,108.61309814453125,111.06761932373047,0.0004250460769981146,0.056086912751197815,21.01889991760254,0.6906198859214783,-0.19893498718738556,0.0,0.0
4811,1202.5,45.666500091552734,47.868202209472656,129.861572265625,108.61309814453125,111.97232055664062,0.000452363834483549,0.05606001242995262,21.01890754699707,0.7106378078460693,-0.2711527347564697,0.0,0.0
4812,1202.75,45.77113723754883,48.1607551574707,130.00277709960938,108.625,111.8740463256836,0.000476949819130823,0.056035805493593216,21.0189151763916,0.6906198859214783,-0.2623611092567444,0.0,0.0
4813,1203,45.700801849365234,47.46096420288086,130.08367919921875,108.61882781982422,112.01775360107422,0.00050165451830253,0.05601401627063751,21.018922805786133,0.7006288170814514,-0.27429476380348206,0.0,0.0
4814,1203.25,45.97566223144531,47.47313690185547,129.28834533691406,108.61750030517578,112.51602935791016,0.0005238887388259172,0.05599440634250641,21.01892852783203,0.6806108951568604,-0.313913494348526,0.0,0.0
4815,1203.5,45.832275390625,48.04706954956055,127.439697265625,108.61618041992188,111.76244354248047,0.0005438995431177318,0.055976759642362595,21.01893424987793,0.7006288170814514,-0.25419890880584717,0.0,0.0
4816,1203.75,45.99983596801758,47.923973083496094,130.42105102539062,108.62103271484375,111.62367248535156,0.0005619092262350023,0.05596087500452995,21.018939971923828,0.720646858215332,-0.2427414208650589,0.0,0.0
4817,1204,46.273162841796875,47.9066276550293,129.85546875,108.61441802978516,111.9347915649414,0.00058005127357319,0.055946581065654755,21.018943786621094,0.7106378078460693,-0.26806044578552246,0.0,0.0
4818,1204.25,45.89532470703125,47.89362335205078,130.02413940429688,108.59282684326172,112.00936126708984,0.0005963791045360267,0.05593371391296387,21.01894760131836,0.7106378078460693,-0.27575868368148804,0.0,0.0
4819,1204.5,46.18832778930664,47.67228698730469,131.49497985839844,108.59722900390625,112.01182556152344,0.0006110741524025798,0.05593663081526756,21.018951416015625,0.7006288170814514,-0.27559393644332886,0.0,0.0
4820,1204.75,45.968814849853516,47.91084671020508,129.30972290039062,108.61441802978516,112.52491760253906,0.0006242996896617115,0.05593925714492798,21.01895523071289,0.7006288170814514,-0.31486940383911133,0.0,0.0
4821,1205,46.00646209716797,48.04167175292969,131.01182556152344,108.59502410888672,111.96343231201172,0.0006362026906572282,0.0559416227042675,21.018959045410156,0.7106378078460693,-0.2719278931617737,0.0,0.0
4822,1205.25,45.80692672729492,48.0366096496582,129.5585479736328,108.59502410888672,111.96540832519531,0.0006482044700533152,0.055943749845027924,21.01896095275879,0.7106378078460693,-0.27208489179611206,0.0,0.0
4823,1205.5,46.11113739013672,47.835086822509766,130.15237426757812,108.58885955810547,112.10121154785156,0.0006590060656890273,0.055967409163713455,21.018962860107422,0.7106378078460693,-0.2833808362483978,0.0,0.0
4824,1205.75,45.579315185546875,47.94566345214844,128.0144500732422,108.5998764038086,112.55059814453125,0.0006687275017611682,0.055988702923059464,21.018964767456055,0.7106378078460693,-0.31809231638908386,0.0,0.0
4825,1206,46.06227493286133,47.96116638183594,130.34396362304688,108.5831298828125,111.38960266113281,0.0006774768116883934,0.05600786581635475,21.018966674804688,0.7106378078460693,-0.2271614521741867,0.0,0.0
4826,1206.25,46.058921813964844,47.415557861328125,131.76976013183594,108.57695770263672,112.58220672607422,0.0006840620771981776,0.05602511391043663,21.01896858215332,0.7106378078460693,-0.3224712014198303,0.0,0.0
4827,1206.5,46.25536346435547,47.87843704223633,132.7818603515625,108.5998764038086,112.05923461914062,0.0006899888394400477,0.05604063719511032,21.018970489501953,0.7106378078460693,-0.2791437804698944,0.0,0.0
4828,1206.75,45.734375,47.68262481689453,129.19371032714844,108.59282684326172,111.85626983642578,0.000695322931278497,0.05604011192917824,21.018972396850586,0.7006288170814514,-0.2635836601257324,0.0,0.0
4829,1207,46.0563850402832,47.768672943115234,128.0907745361328,108.58576965332031,111.4898452758789,0.0007001236081123352,0.05603963881731033,21.01897430419922,0.7006288170814514,-0.23495237529277802,0.0,0.0
4830,1207.25,45.947933197021484,47.60105895996094,133.67642211914062,108.57563781738281,112.6864013671875,0.0007044441881589592,0.05603921413421631,21.01897621154785,0.6906198859214783,-0.33081409335136414,0.0,0.0
4831,1207.5,45.818580627441406,47.93415832519531,126.9649429321289,108.57827758789062,111.93577575683594,0.0007083326927386224,0.05603883042931557,21.01897621154785,0.6906198859214783,-0.27110132575035095,0.0,0.0
4832,1207.75,46.013607025146484,47.62368392944336,134.2633819580078,108.58621215820312,111.86417388916016,0.0007008799002505839,0.0560312382876873,21.01897621154785,0.7006288170814514,-0.264754980802536,0.0,0.0
4833,1208,45.91341781616211,47.781463623046875,129.80584716796875,108.57431030273438,112.30269622802734,0.0006941723404452205,0.056024402379989624,21.01897621154785,0.7006288170814514,-0.3005594313144684,0.0,0.0
4834,1208.25,45.809844970703125,47.78464889526367,129.85699462890625,108.57784271240234,112.17034912109375,0.0006881355657242239,0.05601825192570686,21.01897621154785,0.7006288170814514,-0.28977280855178833,0.0,0.0
4835,1208.5,45.648345947265625,47.507835388183594,132.42922973632812,108.56946563720703,111.53577423095703,0.0006827024626545608,0.05601271614432335,21.01897621154785,0.7006288170814514,-0.23995552957057953,0.0,0.0
4836,1208.75,46.222023010253906,47.90738296508789,125.94291687011719,108.57960510253906,112.30170440673828,0.0006681540398858488,0.05599323660135269,21.01897621154785,0.720646858215332,-0.30004680156707764,0.0,0.0
4837,1209,45.877132415771484,47.7274055480957,132.96275329589844,108.56505584716797,111.48194885253906,0.0006550604593940079,0.05597570538520813,21.01897621154785,0.7006288170814514,-0.2360202521085739,0.0,0.0
4838,1209.25,46.3419303894043,47.53530502319336,129.97682189941406,108.56681823730469,111.60639190673828,0.0006432762020267546,0.055959928780794144,21.01897621154785,0.7106378078460693,-0.2458074539899826,0.0,0.0
4839,1209.5,45.606109619140625,48.1827392578125,131.7170867919922,108.58533477783203,112.25281524658203,0.0006326704169623554,0.05594572797417641,21.01897621154785,0.720646858215332,-0.29570090770721436,0.0,0.0
4840,1209.75,45.918582916259766,47.942169189453125,128.83572387695312,108.559326171875,113.0212173461914,0.0006231251754797995,0.055932946503162384,21.01897621154785,0.7106378078460693,-0.3585625886917114,0.0,0.0
4841,1210,45.395015716552734,47.842933654785156,129.3646697998047,108.58268737792969,112.08441925048828,0.0006010200013406575,0.055914197117090225,21.01897621154785,0.7006288170814514,-0.28255319595336914,0.0,0.0
4842,1210.25,45.83098220825195,48.04874801635742,129.1448516845703,108.56153106689453,112.240966796875,0.0005811253213323653,0.05589732155203819,21.01897621154785,0.7106378078460693,-0.2967129945755005,0.0,0.0
4843,1210.5,46.295413970947266,47.91999435424805,130.1768035888672,108.56065368652344,112.7822036743164,0.0005632201209664345,0.055882133543491364,21.01897621154785,0.6906198859214783,-0.3396080434322357,0.0,0.0
4844,1210.75,45.99773025512695,47.84785461425781,130.4637908935547,108.56681823730469,112.32540893554688,0.0005471054464578629,0.05586846545338631,21.01897621154785,0.7006288170814514,-0.30297404527664185,0.0,0.0
4845,1211,45.95253372192383,47.81163787841797,129.9310302734375,108.55624389648438,112.2542953491211,0.0005280996556393802,0.055856164544820786,21.01897621154785,0.6906198859214783,-0.29820361733436584,0.0,0.0
4846,1211.25,46.33652114868164,47.26166915893555,130.918701171875,108.54830932617188,111.14959716796875,0.0005109944613650441,0.05586683750152588,21.01897621154785,0.7106378078460693,-0.21081486344337463,0.0,0.0
4847,1211.5,46.12832260131836,47.55011749267578,128.406005859375,108.55316162109375,111.38565063476562,0.0004955997574143112,0.05587644502520561,21.01897621154785,0.73065584897995,-0.22930249571800232,0.0,0.0
4848,1211.75,45.9193000793457,48.10577392578125,130.5996551513672,108.55712890625,111.99454498291016,0.0004817445296794176,0.05588509142398834,21.01897621154785,0.720646858215332,-0.277508020401001,0.0,0.0
4849,1212,46.08347702026367,48.326011657714844,127.3908462524414,108.54478454589844,111.53429412841797,0.00046927484800107777,0.05589287355542183,21.01897621154785,0.720646858215332,-0.24186140298843384,0.0,0.0
4850,1212.25,45.596519470214844,48.030982971191406,129.62571716308594,108.5425796508789,111.54762268066406,0.0004644847649615258,0.05589262768626213,21.01897621154785,0.720646858215332,-0.24310623109340668,0.0,0.0
4851,1212.5,46.489837646484375,47.9423713684082,129.6241912841797,108.56462097167969,112.39750671386719,0.0004601737018674612,0.05589240416884422,21.01897621154785,0.7006288170814514,-0.308866411447525,0.0,0.0
4852,1212.75,45.900550842285156,47.9700813293457,130.5935516357422,108.5505142211914,111.21527862548828,0.00045629372471012175,0.055892203003168106,21.01897621154785,0.6906198859214783,-0.21589307487010956,0.0,0.0
4853,1213,45.65608596801758,47.46518325805664,128.77389526367188,108.5500717163086,111.48342895507812,0.00045280175982043147,0.05589202418923378,21.01897621154785,0.7006288170814514,-0.23736722767353058,0.0,0.0
4854,1213.25,46.20674133300781,47.458011627197266,130.7355194091797,108.55359649658203,112.14170837402344,0.00046446226770058274,0.055891864001750946,21.01897621154785,0.7006288170814514,-0.28948774933815,0.0,0.0
4855,1213.5,46.07349395751953,48.00947570800781,129.03494262695312,108.55139923095703,112.3170166015625,0.000474956730613485,0.05587722361087799,21.01897621154785,0.7006288170814514,-0.30357295274734497,0.0,0.0
4856,1213.75,46.241851806640625,48.06352996826172,127.84270477294922,108.54875183105469,111.61725616455078,0.0004844017676077783,0.05586404725909233,21.01897621154785,0.7006288170814514,-0.24815542995929718,0.0,0.0
4857,1214,45.917869567871094,47.837730407714844,131.1087646484375,108.54081726074219,111.60984802246094,0.0004929022979922593,0.05585218966007233,21.01897621154785,0.7006288170814514,-0.24821490049362183,0.0,0.0
4858,1214.25,46.25753402709961,47.48952102661133,124.79953002929688,108.54390716552734,111.4829330444336,0.0005005527636967599,0.05584151670336723,21.01897621154785,0.7006288170814514,-0.237833172082901,0.0,0.0
4859,1214.5,46.625057220458984,47.921905517578125,129.56312561035156,108.5425796508789,111.23651123046875,0.0005222528707236052,0.0558319091796875,21.01897621154785,0.7006288170814514,-0.21824294328689575,0.0,0.0
4860,1214.75,46.15626525878906,48.04914474487305,130.56301879882812,108.5425796508789,111.41033935546875,0.0005417829961515963,0.05583051219582558,21.01897621154785,0.7006288170814514,-0.2321433424949646,0.0,0.0
4861,1215,45.853214263916016,48.14208221435547,127.64959716796875,108.53641510009766,111.90812683105469,0.0005593600799329579,0.0558292530477047,21.01897621154785,0.7106378078460693,-0.2723354399204254,0.0,0.0
4862,1215.25,46.23407745361328,47.60537338256836,129.19140625,108.541259765625,111.9066390991211,0.0005751794669777155,0.055828120559453964,21.01897621154785,0.720646858215332,-0.2718195617198944,0.0,0.0
4863,1215.5,45.72367477416992,48.16533279418945,131.49879455566406,108.5500717163086,111.4567642211914,0.0005894169444218278,0.055827099829912186,21.01897621154785,0.7106378078460693,-0.23523786664009094,0.0,0.0
4864,1215.75,46.24765396118164,48.02785110473633,127.16949462890625,108.53817749023438,112.60689544677734,0.0005990089266560972,0.055826183408498764,21.01897621154785,0.7106378078460693,-0.3276030719280243,0.0,0.0
4865,1216,46.08888244628906,47.484046936035156,128.1846466064453,108.5425796508789,112.02713775634766,0.0006076417048461735,0.055825356394052505,21.01897621154785,0.7106378078460693,-0.2812913656234741,0.0,0.0
4866,1216.25,46.19635772705078,47.48471450805664,126.8779296875,108.5324478149414,112.12046813964844,0.0006154112052172422,0.05582461506128311,21.01897621154785,0.7006288170814514,-0.2895359992980957,0.0,0.0
4867,1216.5,46.026206970214844,48.23921585083008,130.20123291015625,108.5500717163086,112.2063980102539,0.000622403749730438,0.05582394450902939,21.01897621154785,0.7006288170814514,-0.2949105501174927,0.0,0.0
4868,1216.75,46.026649475097656,48.005615234375,128.62353515625,108.53068542480469,112.19306182861328,0.0006106664659455419,0.05582334101200104,21.01897621154785,0.7106378078460693,-0.29544201493263245,0.0,0.0
4869,1217,46.186676025390625,47.96546173095703,131.6041259765625,108.5320053100586,111.56639099121094,0.0006001029396429658,0.055837295949459076,21.01897621154785,0.7106378078460693,-0.24547092616558075,0.0,0.0
4870,1217.25,45.947940826416016,48.110721588134766,129.2837677001953,108.53289031982422,111.97281646728516,0.0005905957659706473,0.05584985762834549,21.01897621154785,0.7106378078460693,-0.2777685821056366,0.0,0.0
4871,1217.5,46.21717071533203,47.78704071044922,130.6149139404297,108.54478454589844,111.57725524902344,0.0005820392980240285,0.05586116015911102,21.01897621154785,0.7106378078460693,-0.24528983235359192,0.0,0.0
4872,1217.75,46.36015319824219,47.9623908996582,128.5884246826172,108.52935791015625,111.68639373779297,0.0005743384826928377,0.05587133392691612,21.01897621154785,0.7106378078460693,-0.25525814294815063,0.0,0.0
4873,1218,46.267948150634766,48.258460998535156,128.4586639404297,108.53112030029297,112.1520767211914,0.0005674077547155321,0.05588049069046974,21.01897621154785,0.73065584897995,-0.29215380549430847,0.0,0.0
4874,1218.25,45.89209747314453,47.45790100097656,125.96199798583984,108.52980041503906,112.80047607421875,0.0005611701053567231,0.055895980447530746,21.01897621154785,0.720646858215332,-0.34358060359954834,0.0,0.0
4875,1218.5,45.8238410949707,48.142337799072266,130.3882293701172,108.55359649658203,111.55108642578125,0.000523400551173836,0.05590992048382759,21.01897621154785,0.720646858215332,-0.24247916042804718,0.0,0.0
4876,1218.75,45.9715690612793,47.90322494506836,131.49269104003906,108.53597259521484,111.92293548583984,0.0004894079174846411,0.05592246726155281,21.018844604492188,0.720646858215332,-0.27354952692985535,0.0,0.0
4877,1219,46.18236541748047,47.94930648803711,127.88162994384766,108.5333251953125,112.13726043701172,0.00045881455298513174,0.05593375861644745,21.018726348876953,0.720646858215332,-0.29079681634902954,0.0,0.0
4878,1219.25,45.638736724853516,47.868690490722656,127.76103210449219,108.52980041503906,111.18861389160156,0.00043128052493557334,0.05592217668890953,21.018619537353516,0.7106378078460693,-0.21545763313770294,0.0,0.0
4879,1219.5,46.609500885009766,47.93450927734375,130.6637725830078,108.53068542480469,111.34515380859375,0.00039301070501096547,0.055911753326654434,21.018524169921875,0.720646858215332,-0.22790881991386414,0.0,0.0
4880,1219.75,46.495880126953125,47.88469696044922,126.63978576660156,108.52230834960938,111.29873657226562,0.00035856786416843534,0.05590236932039261,21.0184383392334,0.7006288170814514,-0.22488433122634888,0.0,0.0
4881,1220,46.10483932495117,47.910396575927734,127.51449584960938,108.52539825439453,111.34614562988281,0.00032756931614130735,0.055893924087285995,21.018362045288086,0.7006288170814514,-0.22842217981815338,0.0,0.0
4882,1220.25,45.517642974853516,48.306270599365234,132.15750122070312,108.52935791015625,111.44984436035156,0.0002996706170961261,0.05588632449507713,21.018293380737305,0.7006288170814514,-0.23638367652893066,0.0,0.0
4883,1220.5,46.007930755615234,47.70695114135742,131.11868286132812,108.52362823486328,111.42071533203125,0.0002745618112385273,0.05587948486208916,21.018230438232422,0.720646858215332,-0.23452691733837128,0.0,0.0
4884,1220.75,46.29628372192383,47.84830093383789,131.63465881347656,108.52848052978516,111.12342834472656,0.00024746923008933663,0.0558733306825161,21.018173217773438,0.7006288170814514,-0.21034544706344604,0.0,0.0
4885,1221,45.71709442138672,47.92321014404297,128.7967987060547,108.51834106445312,112.09281921386719,0.00022308589541353285,0.055867791175842285,21.01812171936035,0.7106378078460693,-0.28849735856056213,0.0,0.0
4886,1221.25,45.808197021484375,48.298580169677734,126.51155090332031,108.5139389038086,111.84046936035156,0.00020114089420530945,0.055862803012132645,21.018075942993164,0.720646858215332,-0.2687954306602478,0.0,0.0
4887,1221.5,46.09251022338867,47.754390716552734,128.82504272460938,108.52583312988281,111.57429504394531,0.0001813903945730999,0.055858314037323,21.018035888671875,0.720646858215332,-0.2466076910495758,0.0,0.0
4888,1221.75,46.163055419921875,47.952239990234375,134.98773193359375,108.51789855957031,111.936767578125,0.00016361495363526046,0.055854275822639465,21.01799964904785,0.7006288170814514,-0.27613192796707153,0.0,0.0
4889,1222,46.229949951171875,47.795352935791016,126.28409576416016,108.5086441040039,112.0567626953125,0.00014761705824639648,0.055850639939308167,21.017967224121094,0.6906198859214783,-0.28642913699150085,0.0,0.0
4890,1222.25,45.97256088256836,48.41521453857422,130.767578125,108.51437377929688,112.6518325805664,0.00013321894221007824,0.05584736913442612,21.01793670654297,0.720646858215332,-0.33310750126838684,0.0,0.0
4891,1222.5,46.07377624511719,48.091217041015625,128.6517791748047,108.52539825439453,111.56441497802734,0.00012026064359815791,0.05584442615509033,21.01791000366211,0.720646858215332,-0.245855450630188,0.0,0.0
4892,1222.75,45.52527618408203,47.58204650878906,132.4750213623047,108.5152587890625,111.47602081298828,0.00012208455882500857,0.055841777473688126,21.017885208129883,0.720646858215332,-0.23963122069835663,0.0,0.0
4893,1223,46.215614318847656,47.52914810180664,130.38746643066406,108.50997161865234,110.76885223388672,0.0001237260876223445,0.05583939328789711,21.017864227294922,0.7106378078460693,-0.1834130436182022,0.0,0.0
4894,1223.25,46.226661682128906,47.68540573120117,132.4116668701172,108.5064468383789,112.0908432006836,0.0001252034562639892,0.05582999810576439,21.017845153808594,0.720646858215332,-0.28931617736816406,0.0,0.0
4895,1223.5,46.163246154785156,47.77314758300781,130.2584686279297,108.52054595947266,111.47157287597656,0.00012653309386223555,0.05582154542207718,21.0178279876709,0.720646858215332,-0.2388419657945633,0.0,0.0
4896,1223.75,46.217506408691406,48.19621658325195,127.61753845214844,108.50997161865234,111.72787475585938,0.00014186807675287127,0.05581393837928772,21.017812728881836,0.73065584897995,-0.26015418767929077,0.0,0.0
4897,1224,46.316558837890625,47.61960220336914,129.2043914794922,108.51173400878906,111.7436752319336,0.00015566956426482648,0.05580709129571915,21.017797470092773,0.720646858215332,-0.2612682282924652,0.0,0.0
4898,1224.25,46.084747314453125,47.992530822753906,133.32608032226562,108.5064468383789,112.15503692626953,0.00016809090448077768,0.05580092966556549,21.017784118652344,0.750673770904541,-0.29441308975219727,0.0,0.0
4899,1224.5,45.547550201416016,47.57017135620117,127.75569152832031,108.51084899902344,112.41627502441406,0.00017927010776475072,0.05579538270831108,21.017772674560547,0.7406647801399231,-0.3147627115249634,0.0,0.0
4900,1224.75,46.25814437866211,48.066429138183594,126.7565689086914,108.50071716308594,111.8844223022461,0.00020283724006731063,0.05580488592386246,21.01776123046875,0.720646858215332,-0.2733777165412903,0.0,0.0
4901,1225,46.38361358642578,47.33538818359375,128.744140625,108.5086441040039,111.7654037475586,0.00022404766059480608,0.055813439190387726,21.017751693725586,0.73065584897995,-0.2632524371147156,0.0,0.0
4902,1225.25,45.70909118652344,47.82181930541992,126.85578918457031,108.50424194335938,111.415771484375,0.00024313703761436045,0.05582113564014435,21.017744064331055,0.73065584897995,-0.23572221398353577,0.0,0.0
4903,1225.5,46.19576644897461,47.89598083496094,129.51962280273438,108.5139389038086,111.7328109741211,0.00026031749439425766,0.05582806468009949,21.017736434936523,0.7406647801399231,-0.2602218985557556,0.0,0.0
4904,1225.75,46.188377380371094,47.61302947998047,132.0407257080078,108.50424194335938,112.10466766357422,0.00028993896557949483,0.05583430081605911,21.017728805541992,0.750673770904541,-0.29059505462646484,0.0,0.0
4905,1226,46.026100158691406,47.606510162353516,126.473388671875,108.50247955322266,111.3308334350586,0.00031659830710850656,0.05585440993309021,21.017723083496094,0.720646858215332,-0.22907763719558716,0.0,0.0
4906,1226.25,45.99755096435547,47.84772872924805,127.75035095214844,108.50335693359375,111.57725524902344,0.000340591708663851,0.05587250739336014,21.017717361450195,0.720646858215332,-0.24868793785572052,0.0,0.0
4907,1226.5,46.279808044433594,47.76064682006836,131.43849182128906,108.5064468383789,111.82713317871094,0.0003621857613325119,0.05588879436254501,21.017711639404297,0.73065584897995,-0.2683480978012085,0.0,0.0
4908,1226.75,45.95055389404297,47.437705993652344,127.5992202758789,108.49410247802734,111.61775207519531,0.00039256850141100585,0.05590345337986946,21.01770782470703,0.7106378078460693,-0.25267741084098816,0.0,0.0
4909,1227,46.161766052246094,47.506431579589844,128.0388641357422,108.49102020263672,111.52935791015625,0.00041991297621279955,0.055902149528265,21.017704010009766,0.7106378078460693,-0.24587783217430115,0.0,0.0
4910,1227.25,45.85548782348633,47.97983932495117,130.8751983642578,108.50159454345703,112.31208038330078,0.00044452300062403083,0.055900976061820984,21.0177001953125,0.73065584897995,-0.3072674572467804,0.0,0.0
4911,1227.5,46.1953010559082,48.10436248779297,132.20787048339844,108.50203704833984,111.97232055664062,0.0004711818473879248,0.05589991807937622,21.017696380615234,0.7406647801399231,-0.28026026487350464,0.0,0.0
4912,1227.75,45.85512161254883,47.749855041503906,131.81936645507812,108.48881530761719,111.4789810180664,0.0004951748414896429,0.05589896813035011,21.01769256591797,0.7406647801399231,-0.24203696846961975,0.0,0.0
4913,1228,46.034141540527344,47.61452865600586,128.68841552734375,108.49498748779297,111.23848724365234,0.0005167684867046773,0.05589086562395096,21.017690658569336,0.73065584897995,-0.2223053127527237,0.0,0.0
4914,1228.25,45.94282913208008,48.056678771972656,131.10418701171875,108.49278259277344,111.31503295898438,0.0005362028023228049,0.05588357150554657,21.017688751220703,0.73065584897995,-0.22860999405384064,0.0,0.0
4915,1228.5,46.177467346191406,47.948768615722656,129.57534790039062,108.4971923828125,110.89330291748047,0.0005536936805583537,0.05587700754404068,21.01768684387207,0.73065584897995,-0.19445756077766418,0.0,0.0
4916,1228.75,45.7082633972168,48.158687591552734,130.24473571777344,108.49454498291016,111.9930648803711,0.0005694354767911136,0.05587109923362732,21.017684936523438,0.73065584897995,-0.2825241982936859,0.0,0.0
4917,1229,46.00168228149414,47.94953918457031,129.42726135253906,108.49410247802734,111.28046417236328,0.0005790932336822152,0.05588027834892273,21.017683029174805,0.720646858215332,-0.22573654353618622,0.0,0.0
4918,1229.25,45.66803741455078,48.07861328125,127.97704315185547,108.49189758300781,112.19158172607422,0.0005877852672711015,0.05588854104280472,21.017681121826172,0.720646858215332,-0.29850703477859497,0.0,0.0
4919,1229.5,45.63923263549805,47.4498291015625,129.73028564453125,108.49895477294922,111.67059326171875,0.0005956080858595669,0.05589597672224045,21.01767921447754,0.7106378078460693,-0.25649285316467285,0.0,0.0
4920,1229.75,45.8773078918457,47.810516357421875,133.8519744873047,108.47779846191406,112.48590850830078,0.0006026485934853554,0.055902667343616486,21.017677307128906,0.7106378078460693,-0.32298728823661804,0.0,0.0
4921,1230,45.988399505615234,48.16737365722656,128.21060180664062,108.48484802246094,112.84590911865234,0.0005993244121782482,0.0559086911380291,21.017675399780273,0.7106378078460693,-0.35085320472717285,0.0,0.0
4922,1230.25,46.039676666259766,48.10894012451172,131.14463806152344,108.48837280273438,112.35454559326172,0.0005963326548226178,0.05591411143541336,21.017675399780273,0.7106378078460693,-0.3117173910140991,0.0,0.0
4923,1230.5,46.24043655395508,47.878387451171875,127.79767608642578,108.48837280273438,111.32194519042969,0.0005936400848440826,0.055918991565704346,21.017675399780273,0.7106378078460693,-0.2295246422290802,0.0,0.0
4924,1230.75,46.03271484375,47.89609146118164,129.99667358398438,108.48043823242188,111.41626739501953,0.0005912167835049331,0.05592338368296623,21.017675399780273,0.7406647801399231,-0.23771490156650543,0.0,0.0
4925,1231,45.7132453918457,48.04221725463867,126.37493133544922,108.47867584228516,112.414794921875,0.0005890358006581664,0.0559273362159729,21.017675399780273,0.7406647801399231,-0.3172856867313385,0.0,0.0
4926,1231.25,46.10357666015625,47.90320587158203,131.53390502929688,108.4822006225586,111.81034088134766,0.0005799917853437364,0.055952638387680054,21.017675399780273,0.73065584897995,-0.2690010368824005,0.0,0.0
4927,1231.5,45.221065521240234,48.10502624511719,128.68307495117188,108.48705291748047,112.38565826416016,0.0005718522006645799,0.05597540736198425,21.017675399780273,0.720646858215332,-0.3142905831336975,0.0,0.0
4928,1231.75,45.78362274169922,47.952537536621094,127.91063690185547,108.46589660644531,111.77873992919922,0.0005645265337079763,0.05599590018391609,21.017675399780273,0.720646858215332,-0.26782259345054626,0.0,0.0
4929,1232,45.85183334350586,48.14061737060547,129.2898712158203,108.47824096679688,111.33379364013672,0.0005579334683716297,0.05601434409618378,21.017675399780273,0.720646858215332,-0.23130355775356293,0.0,0.0
4930,1232.25,46.091304779052734,47.9101448059082,130.1256561279297,108.48837280273438,111.4720687866211,0.000551999663002789,0.05603094398975372,21.017440795898438,0.720646858215332,-0.2415211945772171,0.0,0.0
4931,1232.5,45.836402893066406,47.468894958496094,127.74271392822266,108.46854400634766,110.90860748291016,0.0005518088582903147,0.056067630648612976,21.017230987548828,0.720646858215332,-0.1980370581150055,0.0,0.0
4932,1232.75,45.9572868347168,47.8297004699707,129.08990478515625,108.47030639648438,111.47256469726562,0.0005516371456906199,0.056100647896528244,21.01704216003418,0.7106378078460693,-0.24304351210594177,0.0,0.0
4933,1233,45.79567337036133,48.1230354309082,132.77499389648438,108.46501922607422,112.39602661132812,0.0005514826043508947,0.056130364537239075,21.016870498657227,0.7006288170814514,-0.3169200122356415,0.0,0.0
4934,1233.25,46.10120391845703,47.774864196777344,127.5671615600586,108.4822006225586,111.47503662109375,0.0005513434880413115,0.05615710839629173,21.01671600341797,0.7006288170814514,-0.24226488173007965,0.0,0.0
4935,1233.5,45.94126510620117,47.89512634277344,130.0600128173828,108.4654541015625,110.72638702392578,0.0005608779611065984,0.056181177496910095,21.016578674316406,0.7006288170814514,-0.18365298211574554,0.0,0.0
4936,1233.75,46.029415130615234,48.21272659301758,130.8751983642578,108.46721649169922,110.78021240234375,0.0005694589926861227,0.05622458830475807,21.016454696655273,0.7106378078460693,-0.18783451616764069,0.0,0.0
4937,1234,46.002437591552734,47.8629150390625,127.75950622558594,108.46810150146484,111.54318237304688,0.0005771819269284606,0.05626365914940834,21.016342163085938,0.7106378078460693,-0.24886199831962585,0.0,0.0
4938,1234.25,46.263893127441406,47.8499755859375,128.2350311279297,108.46678161621094,111.458740234375,0.0005841325619257987,0.05629882216453552,21.0162410736084,0.720646858215332,-0.24222888052463531,0.0,0.0
4939,1234.5,45.846187591552734,47.908382415771484,127.5328140258789,108.46237182617188,112.21874237060547,0.000590388139244169,0.056330468505620956,21.016149520874023,0.720646858215332,-0.3030849099159241,0.0,0.0
4940,1234.75,46.49187469482422,47.86140823364258,127.24430084228516,108.45884704589844,111.4567642211914,0.000602460466325283,0.056358952075242996,21.016067504882812,0.720646858215332,-0.24272233247756958,0.0,0.0
4941,1235,45.808624267578125,47.9079704284668,126.69397735595703,108.45796203613281,111.10811614990234,0.0006133255665190518,0.056377336382865906,21.015995025634766,0.73065584897995,-0.2149048149585724,0.0,0.0
4942,1235.25,45.906585693359375,48.10789489746094,128.7395477294922,108.46149444580078,111.67157745361328,0.0006231041625142097,0.056393884122371674,21.015928268432617,0.7406647801399231,-0.2596455514431,0.0,0.0
4943,1235.5,46.09596633911133,47.98895263671875,135.12586975097656,108.455322265625,112.33281707763672,0.0006319049280136824,0.056408777832984924,21.015869140625,0.7406647801399231,-0.3127082288265228,0.0,0.0
4944,1235.75,46.02680206298828,47.22340393066406,130.6088104248047,108.44474029541016,111.50663757324219,0.0006398255936801434,0.05642218142747879,21.01581573486328,0.720646858215332,-0.24786242842674255,0.0,0.0
4945,1236,46.31028366088867,47.906707763671875,126.6642074584961,108.45487976074219,111.70960235595703,0.0006469541694968939,0.05644149333238602,21.01576805114746,0.73065584897995,-0.26321911811828613,0.0,0.0
4946,1236.25,46.108150482177734,48.10029602050781,132.84674072265625,108.4566421508789,111.38268280029297,0.0006585252122022212,0.05645887553691864,21.015724182128906,0.720646858215332,-0.23698416352272034,0.0,0.0
4947,1236.5,45.97124481201172,47.865840911865234,134.3381805419922,108.45576477050781,112.154052734375,0.0006689391448162496,0.05647451803088188,21.01568603515625,0.720646858215332,-0.298493891954422,0.0,0.0
4948,1236.75,46.001220703125,48.186038970947266,127.70989227294922,108.46060943603516,111.52342987060547,0.0006783116841688752,0.05648859590291977,21.01565170288086,0.7106378078460693,-0.24790063500404358,0.0,0.0
4949,1237,45.96028137207031,48.115604400634766,128.87998962402344,108.44297790527344,111.62861633300781,0.0006951275281608105,0.05651576817035675,21.0156192779541,0.7106378078460693,-0.25773969292640686,0.0,0.0
4950,1237.25,45.62042999267578,47.70667266845703,130.01422119140625,108.45179748535156,111.52589416503906,0.0007102617528289557,0.056540220975875854,21.01559066772461,0.7006288170814514,-0.24882052838802338,0.0,0.0
4951,1237.5,46.19672393798828,47.66584777832031,129.24026489257812,108.45884704589844,111.8631820678711,0.0007238825783133507,0.05656222999095917,21.015565872192383,0.7006288170814514,-0.2751232981681824,0.0,0.0
4952,1237.75,45.475467681884766,47.95159149169922,128.6807861328125,108.43416595458984,111.97528076171875,0.0007361412863247097,0.05658203735947609,21.01554298400879,0.73065584897995,-0.28606584668159485,0.0,0.0
4953,1238,46.08437728881836,47.71953582763672,129.1295928955078,108.4385757446289,111.26811981201172,0.000754268083255738,0.05659986659884453,21.015522003173828,0.73065584897995,-0.22930631041526794,0.0,0.0
4954,1238.25,46.13922882080078,47.87809371948242,130.22259521484375,108.44959259033203,111.60293579101562,0.0007705821772105992,0.05663766339421272,21.0155029296875,0.73065584897995,-0.2551489472389221,0.0,0.0
4955,1238.5,46.48955154418945,48.2146110534668,130.5157012939453,108.45311737060547,111.37972259521484,0.0007852648850530386,0.05667167901992798,21.015485763549805,0.7406647801399231,-0.23703698813915253,0.0,0.0
4956,1238.75,46.149993896484375,47.942138671875,129.0059356689453,108.43505096435547,111.54713439941406,0.0007984793046489358,0.05670229345560074,21.015470504760742,0.750673770904541,-0.25189030170440674,0.0,0.0
4957,1239,45.658294677734375,48.18891143798828,131.56138610839844,108.4222640991211,111.84540557861328,0.0008103722939267755,0.05672984570264816,21.015457153320312,0.750673770904541,-0.2767121195793152,0.0,0.0
4958,1239.25,46.268062591552734,47.954803466796875,125.89635467529297,108.44254302978516,110.92589569091797,0.000824946619104594,0.056754644960165024,21.015445709228516,0.73065584897995,-0.20155882835388184,0.0,0.0
4959,1239.5,45.970279693603516,48.3552360534668,127.27864837646484,108.43637084960938,111.82071685791016,0.0008380635408684611,0.056784216314554214,21.01543426513672,0.73065584897995,-0.2735883593559265,0.0,0.0
4960,1239.75,45.52784729003906,48.02898406982422,129.4287872314453,108.42446899414062,110.9792251586914,0.0008498687529936433,0.056810829788446426,21.015424728393555,0.720646858215332,-0.20732147991657257,0.0,0.0
4961,1240,45.83229446411133,47.84412384033203,132.494873046875,108.42755889892578,111.92195129394531,0.0008604934555478394,0.05683477967977524,21.01541519165039,0.7406647801399231,-0.2823675274848938,0.0,0.0
4962,1240.25,45.789981842041016,47.505496978759766,131.54000854492188,108.43548583984375,111.58120727539062,0.000870055693667382,0.05685633420944214,21.01540756225586,0.73065584897995,-0.2545734643936157,0.0,0.0
4963,1240.5,46.401405334472656,47.96809005737305,124.15990447998047,108.41873931884766,111.76046752929688,0.0008786616963334382,0.05687573552131653,21.015399932861328,0.73065584897995,-0.2702381908893585,0.0,0.0
4964,1240.75,46.221622467041016,47.66989517211914,127.80225372314453,108.42094421386719,110.9614486694336,0.0008793113520368934,0.05689319595694542,21.01539421081543,0.73065584897995,-0.20618483424186707,0.0,0.0
4965,1241,46.15351486206055,47.98566436767578,124.97737121582031,108.40375518798828,111.18268585205078,0.0008798960479907691,0.05690890923142433,21.01538848876953,0.73065584897995,-0.2253272831439972,0.0,0.0
4966,1241.25,45.76560974121094,47.81290817260742,127.62975311279297,108.41653442382812,111.60984802246094,0.0008804223034530878,0.05692305415868759,21.015382766723633,0.7406647801399231,-0.25841426849365234,0.0,0.0
4967,1241.5,46.332515716552734,47.77033996582031,128.2502899169922,108.41300964355469,111.6197280883789,0.0008808959391899407,0.056957539170980453,21.015377044677734,0.73065584897995,-0.259491503238678,0.0,0.0
4968,1241.75,46.23416519165039,47.575828552246094,130.5157012939453,108.40596008300781,111.4696044921875,0.00088132219389081,0.05698857456445694,21.015438079833984,0.73065584897995,-0.24808940291404724,0.0,0.0
4969,1242,46.4288444519043,47.459136962890625,129.98521423339844,108.40727996826172,111.44342803955078,0.0008610794902779162,0.05701650679111481,21.015493392944336,0.7406647801399231,-0.24589036405086517,0.0,0.0
4970,1242.25,46.167144775390625,48.249534606933594,125.38190460205078,108.42402648925781,111.12194061279297,0.00084286107448861,0.05704164505004883,21.01554298400879,0.720646858215332,-0.21879816055297852,0.0,0.0
4971,1242.5,45.90471267700195,48.165313720703125,128.68917846679688,108.41168975830078,111.22367095947266,0.0008264645002782345,0.05706426873803139,21.015588760375977,0.73065584897995,-0.22795672714710236,0.0,0.0
4972,1242.75,46.02831268310547,48.068050384521484,129.16165161132812,108.39978790283203,111.85478973388672,0.0008117075776681304,0.05709913372993469,21.015628814697266,0.73065584897995,-0.27930423617362976,0.0,0.0
4973,1243,46.43557357788086,47.566612243652344,129.80813598632812,108.4046401977539,111.3831787109375,0.0007984263356775045,0.05713051185011864,21.01566505432129,0.7406647801399231,-0.2412933111190796,0.0,0.0
4974,1243.25,46.496456146240234,47.846778869628906,129.8356170654297,108.40727996826172,111.20984649658203,0.0007864732178859413,0.05715875327587128,21.015697479248047,0.73065584897995,-0.22721260786056519,0.0,0.0
4975,1243.5,46.22857666015625,47.68431091308594,129.10745239257812,108.39802551269531,111.18466186523438,0.000775715452618897,0.05718417093157768,21.015727996826172,0.73065584897995,-0.22595639526844025,0.0,0.0
4976,1243.75,45.65010452270508,48.127445220947266,130.82635498046875,108.39978790283203,111.28194427490234,0.0007473599398508668,0.05720704421401024,21.01575469970703,0.7406647801399231,-0.2335970401763916,0.0,0.0
4977,1244,46.30602264404297,47.59723663330078,131.14463806152344,108.38172149658203,111.71849060058594,0.0007218400132842362,0.05722763016819954,21.015779495239258,0.720646858215332,-0.2699340879917145,0.0,0.0
4978,1244.25,46.14651870727539,47.574222564697266,129.3402557373047,108.38789367675781,112.27306365966797,0.0006988720851950347,0.05724615976214409,21.01580047607422,0.750673770904541,-0.3135078549385071,0.0,0.0
4979,1244.5,46.42850875854492,48.31655502319336,132.07659912109375,108.39097595214844,112.27997589111328,0.0006782009149901569,0.05724107846617699,21.015819549560547,0.750673770904541,-0.31380248069763184,0.0,0.0
4980,1244.75,46.12043762207031,48.134857177734375,128.8349609375,108.38965606689453,111.54318237304688,0.0006563789211213589,0.057236507534980774,21.015836715698242,0.7406647801399231,-0.25530239939689636,0.0,0.0
4981,1245,45.77354431152344,47.96327590942383,128.472412109375,108.39053344726562,111.35453796386719,0.0006367391324602067,0.057232391089200974,21.015851974487305,0.7406647801399231,-0.24016211926937103,0.0,0.0
4982,1245.25,46.111820220947266,48.001827239990234,129.38604736328125,108.39229583740234,110.82218933105469,0.0006190633284859359,0.0572286881506443,21.015865325927734,0.7406647801399231,-0.19735783338546753,0.0,0.0
4983,1245.5,45.77809524536133,47.82709503173828,128.5983428955078,108.3883285522461,110.34514617919922,0.0006031551165506244,0.05722535401582718,21.015878677368164,0.73065584897995,-0.15928177535533905,0.0,0.0
4984,1245.75,46.11913299560547,47.60908508300781,132.65438842773438,108.39009094238281,110.91354370117188,0.000592055672314018,0.05722235515713692,21.01589012145996,0.7406647801399231,-0.20487403869628906,0.0,0.0
4985,1246,46.114593505859375,48.17923355102539,136.4196319580078,108.37643432617188,111.12539672851562,0.0005820661317557096,0.05723416060209274,21.015899658203125,0.73065584897995,-0.22298315167427063,0.0,0.0
4986,1246.25,45.93400573730469,48.06867980957031,130.13787841796875,108.39891052246094,112.02466583251953,0.0005730755510739982,0.057244785130023956,21.01590919494629,0.720646858215332,-0.29288578033447266,0.0,0.0
4987,1246.5,46.392738342285156,48.46746063232422,128.2502899169922,108.3808364868164,111.44490814208984,0.0005730755510739982,0.05725434795022011,21.01590919494629,0.720646858215332,-0.24818052351474762,0.0,0.0
4988,1246.75,46.4825325012207,47.38240432739258,127.48702239990234,108.38172149658203,111.9283676147461,0.0005694897845387459,0.057262953370809555,21.01591682434082,0.720646858215332,-0.2866417169570923,0.0,0.0
4989,1247,46.128028869628906,47.998756408691406,130.10963439941406,108.3962631225586,111.71157836914062,0.0005662626354023814,0.05724894255399704,21.01592445373535,0.720646858215332,-0.2681889533996582,0.0,0.0
4990,1247.25,46.22734069824219,47.95722579956055,133.36500549316406,108.39009094238281,111.38713073730469,0.0005633581895381212,0.057236336171627045,21.015932083129883,0.720646858215332,-0.24280358850955963,0.0,0.0
4991,1247.5,46.09479904174805,47.904850006103516,129.49671936035156,108.37995910644531,111.83651733398438,0.0005607441999018192,0.05722498893737793,21.01593780517578,0.720646858215332,-0.2794783413410187,0.0,0.0
4992,1247.75,45.8853645324707,47.78607940673828,134.32595825195312,108.37687683105469,111.84639739990234,0.0005583915626630187,0.057214777916669846,21.01594352722168,0.7006288170814514,-0.28051814436912537,0.0,0.0
4993,1248,46.2220573425293,47.957862854003906,126.51995086669922,108.37907409667969,112.28787994384766,0.0005594930844381452,0.05722009018063545,21.015949249267578,0.720646858215332,-0.31540700793266296,0.0,0.0
4994,1248.25,45.85873031616211,47.63944625854492,125.2658920288086,108.37907409667969,112.00836944580078,0.0005604844773188233,0.05722486972808838,21.015953063964844,0.720646858215332,-0.2932197153568268,0.0,0.0
4995,1248.5,46.13417434692383,48.29817581176758,130.4767608642578,108.36981964111328,111.44984436035156,0.0005613767425529659,0.0572291724383831,21.01595687866211,0.73065584897995,-0.24947968125343323,0.0,0.0
4996,1248.75,46.11358642578125,47.612464904785156,130.3828887939453,108.3781967163086,110.76984405517578,0.0005615359987132251,0.057233043015003204,21.015960693359375,0.7406647801399231,-0.19431006908416748,0.0,0.0
4997,1249,45.7298583984375,48.070770263671875,134.3916015625,108.37378692626953,110.9031753540039,0.000561679364182055,0.057236526161432266,21.01596450805664,0.7406647801399231,-0.20538115501403809,0.0,0.0
4998,1249.25,46.28639602661133,47.84433364868164,127.7633285522461,108.37158203125,111.30317687988281,0.0005618083523586392,0.05723966285586357,21.015968322753906,0.720646858215332,-0.23761190474033356,0.0,0.0
4999,1249.5,46.28823471069336,48.192813873291016,130.34548950195312,108.3614501953125,111.04984283447266,0.0005619244766421616,0.05723966285586357,21.01597023010254,0.720646858215332,-0.2181597352027893,0.0,0.0
5000,1249.75,45.88706588745117,47.964054107666016,128.6700897216797,108.3861312866211,110.79946899414062,0.0005620289593935013,0.057242486625909805,21.015972137451172,0.7106378078460693,-0.1960391253232956,0.0,0.0
5001,1250,46.08284378051758,47.79951858520508,129.78982543945312,108.36541748046875,111.1570053100586,0.0005621230229735374,0.057245027273893356,21.015974044799805,0.73065584897995,-0.22642011940479279,0.0,0.0
5002,1250.25,46.059165954589844,48.01591110229492,128.2953338623047,108.37290954589844,111.33576965332031,0.0005486913723871112,0.0572328120470047,21.015975952148438,0.720646858215332,-0.24010926485061646,0.0,0.0
5003,1250.5,46.120304107666016,48.31691360473633,128.1373291015625,108.34778594970703,111.6567611694336,0.0005366029217839241,0.05722181871533394,21.01597785949707,0.720646858215332,-0.26780182123184204,0.0,0.0
5004,1250.75,46.17814636230469,47.93177795410156,132.79788208007812,108.34954833984375,111.4241714477539,0.0005257233278825879,0.057211924344301224,21.015979766845703,0.720646858215332,-0.2490939050912857,0.0,0.0
5005,1251,46.30445098876953,47.998680114746094,133.55123901367188,108.36849975585938,111.13774871826172,0.0005159316933713853,0.0572030171751976,21.015981674194336,0.720646858215332,-0.22462421655654907,0.0,0.0
5006,1251.25,45.797447204589844,47.653778076171875,131.6453399658203,108.35924530029297,110.98021697998047,0.0005071192281320691,0.05719500035047531,21.01598358154297,0.720646858215332,-0.2127574384212494,0.0,0.0
5007,1251.5,45.899662017822266,48.00332260131836,126.63749694824219,108.34867095947266,111.38663482666016,0.00048632442485541105,0.05718778818845749,21.0159854888916,0.7106378078460693,-0.2461669147014618,0.0,0.0
5008,1251.75,46.17576217651367,47.677547454833984,126.5367431640625,108.34602355957031,112.25627136230469,0.0004676090902648866,0.05718129500746727,21.0159854888916,0.7006288170814514,-0.3156159222126007,0.0,0.0
5009,1252,45.900760650634766,48.111083984375,127.81599426269531,108.35263061523438,112.30121612548828,0.0004507653065957129,0.05717545002698898,21.0159854888916,0.7006288170814514,-0.3186362385749817,0.0,0.0
5010,1252.25,45.87662887573242,48.258785247802734,126.27265167236328,108.35043334960938,111.88096618652344,0.00043560590711422265,0.057170189917087555,21.0159854888916,0.7006288170814514,-0.28544121980667114,0.0,0.0
5011,1252.5,46.26879119873047,47.68008041381836,129.45321655273438,108.3521957397461,111.22663879394531,0.0004161768883932382,0.05712920054793358,21.0159854888916,0.6906198859214783,-0.23308122158050537,0.0,0.0
5012,1252.75,45.86611557006836,48.08684158325195,130.28213500976562,108.34161376953125,111.04885864257812,0.00039869078318588436,0.05709231272339821,21.0159854888916,0.7106378078460693,-0.21971015632152557,0.0,0.0
5013,1253,45.99930191040039,47.48499298095703,128.7914581298828,108.36541748046875,111.18663787841797,0.000382953294320032,0.057059112936258316,21.0159854888916,0.7106378078460693,-0.22879290580749512,0.0,0.0
5014,1253.25,46.372344970703125,48.05612564086914,128.66932678222656,108.34205627441406,111.4789810180664,0.0003687895368784666,0.05702923238277435,21.0159854888916,0.73065584897995,-0.25408753752708435,0.0,0.0
5015,1253.5,45.933258056640625,47.7953987121582,133.97943115234375,108.34073638916016,111.3698501586914,0.00035604217555373907,0.057002339512109756,21.0159854888916,0.73065584897995,-0.24547693133354187,0.0,0.0
5016,1253.75,45.82710266113281,47.74567794799805,130.84695434570312,108.33412170410156,112.00738525390625,0.0003477834688965231,0.05699263513088226,21.0159854888916,0.720646858215332,-0.296834796667099,0.0,0.0
5017,1254,46.3071403503418,47.78508758544922,127.61753845214844,108.35043334960938,111.21280670166016,0.0003403506416361779,0.05698390305042267,21.0159854888916,0.720646858215332,-0.23211881518363953,0.0,0.0
5018,1254.25,46.25461196899414,48.086666107177734,124.95447540283203,108.33897399902344,111.47947692871094,0.0003336610971018672,0.056976042687892914,21.0159854888916,0.7106378078460693,-0.2543801963329315,0.0,0.0
5019,1254.5,46.059879302978516,48.03295135498047,131.82928466796875,108.34249877929688,111.6740493774414,0.0003276405041106045,0.056968968361616135,21.0159854888916,0.7106378078460693,-0.2696141302585602,0.0,0.0
5020,1254.75,45.951454162597656,48.20170211791992,131.9544677734375,108.33059692382812,111.30860900878906,0.0003299381642136723,0.05696260184049606,21.0159854888916,0.720646858215332,-0.24141378700733185,0.0,0.0
5021,1255,45.64738845825195,48.06998062133789,128.99449157714844,108.34513854980469,111.29033660888672,0.0003320060786791146,0.05693512037396431,21.0159854888916,0.720646858215332,-0.23875749111175537,0.0,0.0
5022,1255.25,46.27424621582031,47.86335372924805,132.92916870117188,108.33368682861328,111.3915786743164,0.00033386718132533133,0.05691038817167282,21.0159854888916,0.720646858215332,-0.24779313802719116,0.0,0.0
5023,1255.5,46.09122085571289,47.981300354003906,133.54208374023438,108.33456420898438,112.38516235351562,0.0003355421940796077,0.05688812956213951,21.0159854888916,0.720646858215332,-0.32677242159843445,0.0,0.0
5024,1255.75,45.731712341308594,48.383689880371094,131.8476104736328,108.32530975341797,111.56491088867188,0.00034219532972201705,0.05686809867620468,21.0159854888916,0.720646858215332,-0.26232287287712097,0.0,0.0
5025,1256,46.17966842651367,47.542179107666016,127.74958801269531,108.3288345336914,111.0661392211914,0.00034818315180018544,0.056850068271160126,21.0159854888916,0.720646858215332,-0.2221459001302719,0.0,0.0
5026,1256.25,45.850223541259766,48.2516975402832,127.90071105957031,108.3275146484375,111.48786926269531,0.000353572191670537,0.05684834346175194,21.0159854888916,0.7106378078460693,-0.25599205493927,0.0,0.0
5027,1256.5,46.08701705932617,47.371063232421875,131.3988037109375,108.32530975341797,111.372314453125,0.0003584223159123212,0.05684679001569748,21.0159854888916,0.7106378078460693,-0.24694153666496277,0.0,0.0
5028,1256.75,45.494476318359375,48.29500198364258,129.65396118164062,108.32442474365234,111.502197265625,0.00036278742481954396,0.056845393031835556,21.0159854888916,0.7106378078460693,-0.25739017128944397,0.0,0.0
5029,1257,45.791568756103516,48.03758239746094,128.15106201171875,108.34161376953125,111.98565673828125,0.0003667160344775766,0.056844137609004974,21.0159854888916,0.7106378078460693,-0.29449203610420227,0.0,0.0
5030,1257.25,46.321781158447266,47.644126892089844,130.91641235351562,108.3367691040039,110.78119659423828,0.0003606047830544412,0.05685025453567505,21.0159854888916,0.7106378078460693,-0.19862574338912964,0.0,0.0
5031,1257.5,46.06315231323242,48.085079193115234,129.25399780273438,108.32178497314453,110.81378936767578,0.0003551046538632363,0.056855760514736176,21.0159854888916,0.7106378078460693,-0.2024761289358139,0.0,0.0
5032,1257.75,46.247005462646484,47.9412841796875,132.50479125976562,108.31649780273438,111.65824127197266,0.00035015452886000276,0.05686071515083313,21.0159854888916,0.7106378078460693,-0.2704908847808838,0.0,0.0
5033,1258,46.011287689208984,48.011016845703125,127.97016906738281,108.33500671386719,111.27009582519531,0.0003456994309090078,0.05686517432332039,21.0159854888916,0.7106378078460693,-0.2379705160856247,0.0,0.0
5034,1258.25,45.65498733520508,47.66563415527344,127.97933197021484,108.32134246826172,111.40589904785156,0.00033140479354187846,0.056818436831235886,21.0159854888916,0.73065584897995,-0.24995172023773193,0.0,0.0
5035,1258.5,45.774574279785156,47.885807037353516,130.0035400390625,108.31649780273438,111.84688568115234,0.00031853961991146207,0.05677637457847595,21.0159854888916,0.73065584897995,-0.28551796078681946,0.0,0.0
5036,1258.75,45.41257858276367,48.3465461730957,129.18911743164062,108.31737518310547,111.68343353271484,0.00030696095200255513,0.05673851817846298,21.0159854888916,0.720646858215332,-0.2724268138408661,0.0,0.0
5037,1259,46.04934310913086,47.66829299926758,127.47099304199219,108.33588409423828,111.49676513671875,0.0002965401508845389,0.05670444667339325,21.0159854888916,0.7106378078460693,-0.2560144364833832,0.0,0.0
5038,1259.25,46.00422668457031,47.953643798828125,129.30361938476562,108.3288345336914,111.93182373046875,0.00028587604174390435,0.05667378380894661,21.0159854888916,0.73065584897995,-0.2912617325782776,0.0,0.0
5039,1259.5,45.716217041015625,47.77121353149414,130.4324951171875,108.31385040283203,110.99700164794922,0.00027627835515886545,0.05665343627333641,21.0159854888916,0.73065584897995,-0.21783402562141418,0.0,0.0
5040,1259.75,45.78542709350586,47.72921371459961,130.02337646484375,108.31561279296875,111.35157775878906,0.00026764042559079826,0.05663512274622917,21.0159854888916,0.73065584897995,-0.24608072638511658,0.0,0.0
5041,1260,45.57030487060547,47.30549240112305,126.3520278930664,108.31869506835938,111.5115737915039,0.0002598662977106869,0.056618642061948776,21.0159854888916,0.73065584897995,-0.2586092948913574,0.0,0.0
5042,1260.25,46.01472473144531,48.326961517333984,130.27679443359375,108.31913757324219,111.4241714477539,0.0002573682286310941,0.0566038079559803,21.0159854888916,0.73065584897995,-0.25159281492233276,0.0,0.0
5043,1260.5,46.04080581665039,47.536773681640625,129.5043487548828,108.30415344238281,111.3505859375,0.0002551199868321419,0.056604959070682526,21.0159854888916,0.7106378078460693,-0.24694371223449707,0.0,0.0
5044,1260.75,45.85594940185547,48.30479049682617,128.4937744140625,108.31869506835938,110.39502716064453,0.0002530965721234679,0.0566059947013855,21.0159854888916,0.73065584897995,-0.1690254956483841,0.0,0.0
5045,1261,46.35149383544922,48.0367317199707,130.9217529296875,108.31869506835938,111.72046661376953,0.0002577040286269039,0.056606926023960114,21.0159854888916,0.720646858215332,-0.2752699553966522,0.0,0.0
5046,1261.25,46.21156311035156,47.96957015991211,130.9499969482422,108.30635833740234,111.56886291503906,0.0002618507423903793,0.05660776421427727,21.0159854888916,0.7106378078460693,-0.26419582962989807,0.0,0.0
5047,1261.5,46.10502243041992,47.77872848510742,129.2898712158203,108.32134246826172,112.2824478149414,0.0002655827847775072,0.05662301927804947,21.0159854888916,0.73065584897995,-0.319719135761261,0.0,0.0
5048,1261.75,46.393898010253906,47.873191833496094,128.60675048828125,108.3023910522461,111.8957748413086,0.00026894162874668837,0.0566367469727993,21.0159854888916,0.7406647801399231,-0.29056769609451294,0.0,0.0
5049,1262,45.74028396606445,47.7345085144043,130.36151123046875,108.30944061279297,111.02416229248047,0.0002803249517455697,0.0566491037607193,21.0159854888916,0.73065584897995,-0.2203742414712906,0.0,0.0
5050,1262.25,46.14563751220703,48.109649658203125,131.10418701171875,108.301513671875,111.62762451171875,0.0002905699366237968,0.05666022375226021,21.0159854888916,0.7106378078460693,-0.2692810595035553,0.0,0.0
5051,1262.5,46.192813873291016,47.724159240722656,127.97399139404297,108.29930877685547,111.3308334350586,0.00029979043756611645,0.056648481637239456,21.0159854888916,0.720646858215332,-0.2457621991634369,0.0,0.0
5052,1262.75,45.94957733154297,48.10492706298828,128.28921508789062,108.29534149169922,111.32392120361328,0.00030808887095190585,0.05663791298866272,21.0159854888916,0.73065584897995,-0.24553582072257996,0.0,0.0
5053,1263,46.55409622192383,48.14724349975586,128.39149475097656,108.30459594726562,111.55355072021484,0.0003155574668198824,0.056628402322530746,21.0159854888916,0.7406647801399231,-0.26311856508255005,0.0,0.0
5054,1263.25,46.06153106689453,47.64639663696289,130.65538024902344,108.2935791015625,110.93428802490234,0.00032227920019067824,0.05661984160542488,21.0159854888916,0.750673770904541,-0.21446888148784637,0.0,0.0
5055,1263.5,45.581092834472656,47.802215576171875,128.128173828125,108.29313659667969,111.34712982177734,0.0003283287805970758,0.05659763887524605,21.0159854888916,0.750673770904541,-0.24757273495197296,0.0,0.0
5056,1263.75,45.72847366333008,47.710853576660156,129.73944091796875,108.31385040283203,111.43453979492188,0.0003337733796797693,0.0565776564180851,21.0159854888916,0.7406647801399231,-0.25285592675209045,0.0,0.0
5057,1264,45.779293060302734,47.87714385986328,128.31517028808594,108.29269409179688,111.3698501586914,0.0003386735334061086,0.056559670716524124,21.0159854888916,0.7406647801399231,-0.24942564964294434,0.0,0.0
5058,1264.25,45.64967727661133,47.65884017944336,126.74282836914062,108.29048919677734,111.44441223144531,0.00034308366593904793,0.05654348433017731,21.0159854888916,0.7406647801399231,-0.25556451082229614,0.0,0.0
5059,1264.5,46.15032958984375,47.96324920654297,132.80857849121094,108.28652954101562,111.0809555053711,0.00034443376353010535,0.056543417274951935,21.0159854888916,0.73065584897995,-0.22681038081645966,0.0,0.0
5060,1264.75,45.88387680053711,48.040855407714844,129.72265625,108.28872680664062,111.73133087158203,0.000345648848451674,0.05654335767030716,21.01605224609375,0.73065584897995,-0.27859851717948914,0.0,0.0
5061,1265,45.89702606201172,47.57392501831055,131.2255401611328,108.3028335571289,111.65873718261719,0.00034674242488108575,0.05654330179095268,21.016111373901367,0.73065584897995,-0.27165326476097107,0.0,0.0
5062,1265.25,46.127933502197266,48.225223541259766,130.4553985595703,108.28388214111328,111.8394775390625,0.00033422489650547504,0.0565432533621788,21.016164779663086,0.73065584897995,-0.28760895133018494,0.0,0.0
5063,1265.5,46.00613021850586,47.99996566772461,132.17123413085938,108.28299713134766,111.28639221191406,0.00032295912387780845,0.05654320865869522,21.016212463378906,0.73065584897995,-0.24354901909828186,0.0,0.0
5064,1265.75,45.7903938293457,48.26895523071289,128.5075225830078,108.28520202636719,111.90318298339844,0.00031281993142329156,0.05654316768050194,21.01625633239746,0.73065584897995,-0.29256993532180786,0.0,0.0
5065,1266,45.88923645019531,48.27424621582031,127.73126983642578,108.27727508544922,112.70862579345703,0.00030369465821422637,0.05655037984251976,21.01629638671875,0.7406647801399231,-0.35706624388694763,0.0,0.0
5066,1266.25,46.103450775146484,47.94158935546875,127.70531463623047,108.27330780029297,111.63898468017578,0.0002954819065053016,0.05655687302350998,21.01633071899414,0.7406647801399231,-0.27250558137893677,0.0,0.0
5067,1266.5,45.7050666809082,47.846012115478516,128.5601806640625,108.2684555053711,110.99354553222656,0.0002765254466794431,0.05656271427869797,21.0163631439209,0.73065584897995,-0.22128857672214508,0.0,0.0
5068,1266.75,46.04107666015625,47.889671325683594,129.5234375,108.2688980102539,111.1135482788086,0.0002594646066427231,0.056567974388599396,21.01639175415039,0.720646858215332,-0.23087118566036224,0.0,0.0
5069,1267,45.8881950378418,47.643638610839844,129.0021209716797,108.27418518066406,111.08193969726562,0.00024410986225120723,0.05657270550727844,21.016416549682617,0.7106378078460693,-0.22790393233299255,0.0,0.0
5070,1267.25,45.73692321777344,47.47036361694336,131.8880615234375,108.25788116455078,111.09626770019531,0.00023029059229884297,0.056576963514089584,21.01643943786621,0.7106378078460693,-0.23039256036281586,0.0,0.0
5071,1267.5,45.955894470214844,47.84164810180664,130.84237670898438,108.26228332519531,110.95601654052734,0.00021335725614335388,0.0565807968378067,21.016460418701172,0.720646858215332,-0.21878564357757568,0.0,0.0
5072,1267.75,46.21782684326172,48.38615798950195,129.61122131347656,108.28608703613281,111.13231658935547,0.0001981172536034137,0.05658424645662308,21.0164794921875,0.720646858215332,-0.23096159100532532,0.0,0.0
5073,1268,46.245750427246094,48.1236686706543,132.78262329101562,108.26316833496094,110.30613708496094,0.00018440124404150993,0.056566014885902405,21.016496658325195,0.7106378078460693,-0.1664193570613861,0.0,0.0
5074,1268.25,46.15721893310547,48.244117736816406,128.83267211914062,108.24906921386719,110.52786254882812,0.0001771950483089313,0.05654960870742798,21.016511917114258,0.7006288170814514,-0.18545472621917725,0.0,0.0
5075,1268.5,45.77248001098633,47.74884033203125,129.11813354492188,108.25656127929688,110.44391632080078,0.0001707094779703766,0.056534841656684875,21.016525268554688,0.7006288170814514,-0.17807506024837494,0.0,0.0
5076,1268.75,45.88426971435547,48.00867462158203,131.99949645996094,108.25920104980469,111.15157318115234,0.00016487245738971978,0.05652155354619026,21.016536712646484,0.73065584897995,-0.23471485078334808,0.0,0.0
5077,1269,46.3203010559082,47.9300537109375,130.66758728027344,108.26140594482422,110.6858901977539,0.0001596191432327032,0.05651684105396271,21.01654815673828,0.73065584897995,-0.19715873897075653,0.0,0.0
5078,1269.25,46.15664291381836,48.3294677734375,129.1448516845703,108.24510192871094,111.39453887939453,0.00016709990450181067,0.05651259794831276,21.016557693481445,0.73065584897995,-0.25531166791915894,0.0,0.0
5079,1269.5,45.89249038696289,47.874664306640625,128.9334259033203,108.24729919433594,110.61033630371094,0.00017383258091285825,0.056508779525756836,21.01656723022461,0.7106378078460693,-0.19224029779434204,0.0,0.0
5080,1269.75,46.210548400878906,47.68115234375,128.67315673828125,108.26272583007812,110.56885528564453,0.0001798919984139502,0.056505344808101654,21.01657485961914,0.73065584897995,-0.18763293325901031,0.0,0.0
5081,1270,46.09730529785156,47.550289154052734,129.1883544921875,108.25523376464844,110.90070343017578,0.00018534547416493297,0.05650950223207474,21.016582489013672,0.73065584897995,-0.21492601931095123,0.0,0.0
5082,1270.25,45.721073150634766,47.79525375366211,128.93495178222656,108.24906921386719,111.3199691772461,0.00019025360234081745,0.05651324242353439,21.01658821105957,0.720646858215332,-0.24902406334877014,0.0,0.0
5083,1270.5,45.94009780883789,47.98438262939453,128.6464385986328,108.2503890991211,111.58861541748047,0.00019467090896796435,0.0565166100859642,21.01659393310547,0.720646858215332,-0.2703727185726166,0.0,0.0
5084,1270.75,46.14752197265625,47.99014663696289,131.7659454345703,108.24597930908203,111.51454162597656,0.00022051257838029414,0.05651963874697685,21.016599655151367,0.720646858215332,-0.26482439041137695,0.0,0.0
5085,1271,46.02360153198242,47.82339096069336,130.5370635986328,108.24818420410156,111.1767578125,0.00024377007503062487,0.05650787055492401,21.016605377197266,0.720646858215332,-0.23763751983642578,0.0,0.0
5086,1271.25,45.73810577392578,47.53676223754883,126.88174438476562,108.24510192871094,111.07058715820312,0.0002647018409334123,0.056497279554605484,21.01660919189453,0.73065584897995,-0.22938580811023712,0.0,0.0
5087,1271.5,45.90797805786133,47.435203552246094,128.3144073486328,108.23980712890625,111.00688171386719,0.000283540430245921,0.05648774653673172,21.016613006591797,0.73065584897995,-0.2247140109539032,0.0,0.0
5088,1271.75,45.93807601928711,47.76166534423828,129.57839965820312,108.24686431884766,111.16293334960938,0.0003146570234093815,0.05647916719317436,21.016616821289062,0.7406647801399231,-0.23663869500160217,0.0,0.0
5089,1272,46.050331115722656,47.61443328857422,129.77378845214844,108.23980712890625,110.76737213134766,0.00034266195143572986,0.056485939770936966,21.016620635986328,0.73065584897995,-0.2054859697818756,0.0,0.0
5090,1272.25,46.0880126953125,48.046138763427734,129.49900817871094,108.22747039794922,111.1461410522461,0.00036786639248020947,0.05649203807115555,21.01662254333496,0.720646858215332,-0.2368893325328827,0.0,0.0
5091,1272.5,45.769561767578125,47.54890441894531,134.5373992919922,108.23143768310547,111.64688873291016,0.000390550383599475,0.05649752542376518,21.016624450683594,0.7106378078460693,-0.2765790820121765,0.0,0.0
5092,1272.75,46.049217224121094,47.96888732910156,134.67324829101562,108.24642181396484,111.77281188964844,0.0004109659930691123,0.05650246515870094,21.016626358032227,0.7106378078460693,-0.2853815257549286,0.0,0.0
5093,1273,45.67609405517578,47.59778594970703,128.3258514404297,108.23628234863281,111.28984832763672,0.0004332498356234282,0.05651416257023811,21.01662826538086,0.7106378078460693,-0.2476671189069748,0.0,0.0
5094,1273.25,46.170772552490234,48.10512161254883,131.3697967529297,108.22791290283203,112.34022521972656,0.0004533053142949939,0.05652469024062157,21.016630172729492,0.73065584897995,-0.33198055624961853,0.0,0.0
5095,1273.5,45.935054779052734,47.8445930480957,128.67697143554688,108.22394561767578,111.05626678466797,0.000471355248009786,0.056534163653850555,21.016632080078125,0.73065584897995,-0.22997763752937317,0.0,0.0
5096,1273.75,46.096065521240234,47.729820251464844,128.7593994140625,108.23099517822266,111.40787506103516,0.000487600191263482,0.056542690843343735,21.016633987426758,0.720646858215332,-0.2575376033782959,0.0,0.0
5097,1274,45.903907775878906,47.465293884277344,129.27537536621094,108.22526550292969,111.03305053710938,0.0004964246181771159,0.056550364941358566,21.01663589477539,0.720646858215332,-0.22800789773464203,0.0,0.0
5098,1274.25,45.75672912597656,47.85765075683594,132.59715270996094,108.2190933227539,110.59996032714844,0.0005043666460551322,0.056557271629571915,21.016637802124023,0.73065584897995,-0.19372494518756866,0.0,0.0
5099,1274.5,45.93196105957031,47.44887924194336,132.78948974609375,108.2177734375,110.57774353027344,0.0005115144303999841,0.05655623599886894,21.016551971435547,0.73065584897995,-0.19204510748386383,0.0,0.0
5100,1274.75,46.311607360839844,47.90658187866211,133.05892944335938,108.23231506347656,111.16934967041016,0.0005179474828764796,0.05655530467629433,21.016475677490234,0.73065584897995,-0.23834927380084991,0.0,0.0
5101,1275,45.700809478759766,47.76478958129883,132.0643768310547,108.23011779785156,110.93675994873047,0.0005237372242845595,0.05655446648597717,21.016407012939453,0.720646858215332,-0.21988582611083984,0.0,0.0
5102,1275.25,45.352272033691406,47.384132385253906,128.47012329101562,108.21556854248047,111.09577178955078,0.0005289479740895331,0.05654646083712578,21.01634407043457,0.720646858215332,-0.23383291065692902,0.0,0.0
5103,1275.5,46.00419998168945,47.90475082397461,126.2131118774414,108.20410919189453,111.96293640136719,0.0005329938721843064,0.05653925612568855,21.016056060791016,0.720646858215332,-0.30399131774902344,0.0,0.0
5104,1275.75,45.841800689697266,47.91740036010742,129.15171813964844,108.2257080078125,110.82268524169922,0.0005366351688280702,0.05653277412056923,21.015796661376953,0.73065584897995,-0.21108977496623993,0.0,0.0
5105,1276,45.63543701171875,48.0224609375,130.76910400390625,108.20675659179688,111.66219329833984,0.0005399123765528202,0.05652694031596184,21.015562057495117,0.73065584897995,-0.2798292934894562,0.0,0.0
5106,1276.25,45.771217346191406,47.74913024902344,128.45713806152344,108.20455169677734,110.77823638916016,0.0005480133113451302,0.056521687656641006,21.015352249145508,0.720646858215332,-0.20925894379615784,0.0,0.0
5107,1276.5,45.7304573059082,47.6298942565918,130.3882293701172,108.2089614868164,111.3268814086914,0.0005553041701205075,0.05651696026325226,21.01516342163086,0.7106378078460693,-0.2528761327266693,0.0,0.0
5108,1276.75,46.043861389160156,47.73394775390625,129.60891723632812,108.2164535522461,111.37577056884766,0.0005618659197352827,0.056483298540115356,21.014991760253906,0.720646858215332,-0.2561678886413574,0.0,0.0
5109,1277,46.10764694213867,47.81547546386719,131.04006958007812,108.21204376220703,111.28194427490234,0.0005677714943885803,0.056453004479408264,21.01483726501465,0.720646858215332,-0.24902842938899994,0.0,0.0
5110,1277.25,46.24562454223633,47.41688537597656,131.66671752929688,108.20367431640625,111.87750244140625,0.0005730865523219109,0.05642573907971382,21.014699935913086,0.720646858215332,-0.2972314655780792,0.0,0.0
5111,1277.5,45.6080436706543,47.722503662109375,129.5432891845703,108.19750213623047,110.89527130126953,0.0005778700578957796,0.05640120059251785,21.014575958251953,0.720646858215332,-0.21923863887786865,0.0,0.0
5112,1277.75,45.9705810546875,48.05046081542969,133.35125732421875,108.20410919189453,111.18811798095703,0.0005860399105586112,0.05637911334633827,21.014463424682617,0.720646858215332,-0.24217218160629272,0.0,0.0
5113,1278,45.45553970336914,47.96720504760742,127.33283996582031,108.20234680175781,111.36688232421875,0.0005933928187005222,0.05637373402714729,21.014362335205078,0.7106378078460693,-0.2566179037094116,0.0,0.0
5114,1278.25,45.73535919189453,47.76820755004883,133.85121154785156,108.19926452636719,112.25578308105469,0.0006000104476697743,0.05636889487504959,21.014270782470703,0.7106378078460693,-0.3276432752609253,0.0,0.0
5115,1278.5,45.871524810791016,47.68337631225586,127.94422149658203,108.19926452636719,112.349609375,0.0006059663137421012,0.05636454001069069,21.014188766479492,0.7106378078460693,-0.3350808322429657,0.0,0.0
5116,1278.75,45.74243927001953,47.757484436035156,126.80236053466797,108.20940399169922,112.21380615234375,0.000612615083809942,0.05636062100529671,21.014116287231445,0.720646858215332,-0.3234797418117523,0.0,0.0
5117,1279,45.8867301940918,48.00670623779297,126.02305603027344,108.19353485107422,110.937744140625,0.0006185990059748292,0.056357093155384064,21.014049530029297,0.7106378078460693,-0.22297392785549164,0.0,0.0
5118,1279.25,45.852561950683594,47.82298278808594,128.5159149169922,108.18824768066406,111.2938003540039,0.0006239845533855259,0.056353919208049774,21.01399040222168,0.720646858215332,-0.2519344985485077,0.0,0.0
5119,1279.5,45.80385971069336,47.86026382446289,132.03536987304688,108.18780517578125,112.48639678955078,0.0006288315053097904,0.056351061910390854,21.01393699645996,0.73065584897995,-0.3468553423881531,0.0,0.0
5120,1279.75,45.82615661621094,47.88395309448242,132.09719848632812,108.20234680175781,111.67059326171875,0.0006338378880172968,0.05634848773479462,21.01388931274414,0.720646858215332,-0.28086206316947937,0.0,0.0
5121,1280,45.70220184326172,47.524593353271484,129.32421875,108.19088745117188,111.28787231445312,0.0006383436266332865,0.05634617432951927,21.013845443725586,0.720646858215332,-0.2512429654598236,0.0,0.0
5122,1280.25,45.96096420288086,47.52376174926758,127.75492858886719,108.18339538574219,111.19157409667969,0.000642398779746145,0.05635858699679375,21.01380729675293,0.73065584897995,-0.2441532462835312,0.0,0.0
5123,1280.5,45.891300201416016,47.50456619262695,128.48080444335938,108.18428039550781,110.86119842529297,0.0006460484582930803,0.056369759142398834,21.01377296447754,0.720646858215332,-0.21759098768234253,0.0,0.0
5124,1280.75,45.85403060913086,47.5250244140625,129.25094604492188,108.19441986083984,111.38169860839844,0.0006499773007817566,0.05637981370091438,21.01374053955078,0.7106378078460693,-0.25845468044281006,0.0,0.0
5125,1281,45.638492584228516,47.764766693115234,128.01979064941406,108.18824768066406,111.13082885742188,0.000653513241559267,0.05638886243104935,21.013944625854492,0.7106378078460693,-0.23888938128948212,0.0,0.0
5126,1281.25,45.95012283325195,47.76779556274414,131.27056884765625,108.1750259399414,110.77922821044922,0.0006566955707967281,0.05638251081109047,21.014127731323242,0.7106378078460693,-0.21176789700984955,0.0,0.0
5127,1281.5,45.7393913269043,47.595882415771484,133.31690979003906,108.1745834350586,110.8162612915039,0.0006595596787519753,0.05637679249048233,21.014293670654297,0.720646858215332,-0.214779794216156,0.0,0.0
5128,1281.75,45.81089782714844,47.609500885009766,125.4773178100586,108.19485473632812,110.94762420654297,0.0006647148402407765,0.056371647864580154,21.014442443847656,0.720646858215332,-0.22365838289260864,0.0,0.0
5129,1282,46.116085052490234,47.921634674072266,129.53030395507812,108.18031311035156,110.91453552246094,0.0006693545146845281,0.056367017328739166,21.014575958251953,0.7106378078460693,-0.2221992164850235,0.0,0.0
5130,1282.25,46.02549743652344,47.64157485961914,126.16426086425781,108.17282104492188,112.0542984008789,0.0006735302158631384,0.05636284872889519,21.01469612121582,0.720646858215332,-0.31382665038108826,0.0,0.0
5131,1282.5,45.877906799316406,47.479331970214844,131.19195556640625,108.17634582519531,111.21182250976562,0.000683732854668051,0.056359097361564636,21.01480484008789,0.720646858215332,-0.2463545799255371,0.0,0.0
5132,1282.75,45.4968376159668,47.44112777709961,129.58221435546875,108.18163299560547,111.25971984863281,0.0006929152295924723,0.05635572224855423,21.014902114868164,0.73065584897995,-0.24975253641605377,0.0,0.0
5133,1283,45.975341796875,47.83586502075195,128.25946044921875,108.17634582519531,111.20441436767578,0.0007011793786659837,0.056352682411670685,21.014989852905273,0.73065584897995,-0.24576108157634735,0.0,0.0
5134,1283.25,45.54861068725586,47.97134017944336,132.09262084960938,108.16136169433594,111.07650756835938,0.0007086170953698456,0.05634269863367081,21.01506996154785,0.7106378078460693,-0.2367492914199829,0.0,0.0
5135,1283.5,45.60660171508789,47.70477294921875,128.88763427734375,108.16841125488281,111.00984191894531,0.0007153110345825553,0.05633371323347092,21.015140533447266,0.720646858215332,-0.23082491755485535,0.0,0.0
5136,1283.75,46.16346740722656,47.503753662109375,129.4600830078125,108.1759033203125,111.11848449707031,0.0007213355856947601,0.056325625628232956,21.01520538330078,0.720646858215332,-0.2389160841703415,0.0,0.0
5137,1284,46.007686614990234,47.604488372802734,130.3317413330078,108.17326354980469,111.4177474975586,0.0007402980700135231,0.05631834641098976,21.015262603759766,0.7106378078460693,-0.26307594776153564,0.0,0.0
5138,1284.25,45.933650970458984,47.62534713745117,129.1349334716797,108.16136169433594,110.94021606445312,0.0007573642651550472,0.056311797350645065,21.01531410217285,0.7006288170814514,-0.22581981122493744,0.0,0.0
5139,1284.5,45.38657760620117,47.89849853515625,127.7984390258789,108.1670913696289,111.45478820800781,0.0007727238698862493,0.0563059002161026,21.015361785888672,0.7006288170814514,-0.2665431499481201,0.0,0.0
5140,1284.75,45.92283248901367,47.599761962890625,130.93092346191406,108.1750259399414,110.92194366455078,0.0007865474908612669,0.05630059540271759,21.015403747558594,0.7106378078460693,-0.22322909533977509,0.0,0.0
5141,1285,45.919708251953125,48.15959548950195,130.8713836669922,108.1569595336914,110.92243194580078,0.0007989887380972505,0.05629581958055496,21.01544189453125,0.720646858215332,-0.22475534677505493,0.0,0.0
5142,1285.25,45.901405334472656,47.68208312988281,129.5081787109375,108.15827941894531,111.78219604492188,0.0008185725309886038,0.056298770010471344,21.01547622680664,0.73065584897995,-0.2933804392814636,0.0,0.0
5143,1285.5,45.7513427734375,47.21207046508789,127.11148834228516,108.16621398925781,111.98713684082031,0.0008361979271285236,0.05630142614245415,21.015506744384766,0.7406647801399231,-0.30903342366218567,0.0,0.0
5144,1285.75,45.74082565307617,47.53061294555664,131.1469268798828,108.16312408447266,110.98663330078125,0.0008520607952959836,0.05630381777882576,21.015533447265625,0.7606827616691589,-0.22939886152744293,0.0,0.0
5145,1286,45.98643112182617,47.86030578613281,130.36227416992188,108.15299224853516,111.38910675048828,0.0008663373882882297,0.05630597099661827,21.01555824279785,0.750673770904541,-0.26245567202568054,0.0,0.0
5146,1286.25,45.86901092529297,47.9267463684082,132.18040466308594,108.16797637939453,111.48638916015625,0.0008791863219812512,0.05630790814757347,21.015581130981445,0.73065584897995,-0.26899394392967224,0.0,0.0
5147,1286.5,46.11731719970703,48.048789978027344,130.8652801513672,108.15739440917969,111.23700714111328,0.000890750321559608,0.05631689727306366,21.015602111816406,0.750673770904541,-0.24992989003658295,0.0,0.0
5148,1286.75,45.813453674316406,47.74390411376953,127.28551483154297,108.16621398925781,111.27601623535156,0.0009011579095385969,0.05632498860359192,21.0156192779541,0.73065584897995,-0.2523253262042999,0.0,0.0
5149,1287,45.58749008178711,47.91822052001953,128.59605407714844,108.1759033203125,111.30614471435547,0.0009053636458702385,0.05633227154612541,21.01548957824707,0.73065584897995,-0.25393739342689514,0.0,0.0
5150,1287.25,45.8304557800293,47.51935958862305,128.76321411132812,108.15122985839844,111.79503631591797,0.0009091488318517804,0.056338824331760406,21.01537322998047,0.720646858215332,-0.29498291015625,0.0,0.0
5151,1287.5,46.07169723510742,47.920291900634766,133.35507202148438,108.15872192382812,111.84886169433594,0.000912555493414402,0.05634472146630287,21.015268325805664,0.7106378078460693,-0.2986513674259186,0.0,0.0
5152,1287.75,46.164772033691406,47.87839126586914,129.2112579345703,108.1750259399414,111.16885375976562,0.0009156214655376971,0.0563717782497406,21.015174865722656,0.720646858215332,-0.24302278459072113,0.0,0.0
5153,1288,45.886600494384766,47.516151428222656,133.13067626953125,108.16312408447266,111.55256652832031,0.0009041933226399124,0.056396130472421646,21.01508903503418,0.720646858215332,-0.2746756374835968,0.0,0.0
5154,1288.25,45.59077835083008,47.70381164550781,129.55015563964844,108.15122985839844,111.2439193725586,0.0008939079707488418,0.0564180463552475,21.015012741088867,0.7106378078460693,-0.25099027156829834,0.0,0.0
5155,1288.5,45.58375930786133,48.07900619506836,127.43359375,108.15254974365234,111.98763275146484,0.0008846511482261121,0.05643777176737785,21.014944076538086,0.7106378078460693,-0.3101975619792938,0.0,0.0
5156,1288.75,45.76348114013672,48.11029052734375,128.41134643554688,108.16091918945312,110.79898071289062,0.0008634314290247858,0.05645552650094032,21.014883041381836,0.7006288170814514,-0.21451619267463684,0.0,0.0
5157,1289,45.32658004760742,47.515628814697266,128.98609924316406,108.15386962890625,111.43799591064453,0.0008443337283097208,0.056471504271030426,21.014827728271484,0.7006288170814514,-0.26629000902175903,0.0,0.0
5158,1289.25,45.82619094848633,47.63068389892578,127.15805053710938,108.14990234375,111.40787506103516,0.0008271457627415657,0.05648588389158249,21.01477813720703,0.720646858215332,-0.2642100155353546,0.0,0.0
5159,1289.5,46.46856689453125,48.36549377441406,131.91783142089844,108.15254974365234,111.08885955810547,0.0008116766111925244,0.05653507634997368,21.014732360839844,0.73065584897995,-0.238464817404747,0.0,0.0
5160,1289.75,46.473289489746094,47.428001403808594,129.5264892578125,108.15122985839844,111.34367370605469,0.0007977543864399195,0.0565793514251709,21.014692306518555,0.73065584897995,-0.258969247341156,0.0,0.0
5161,1290,46.3571891784668,48.28982925415039,131.49803161621094,108.14593505859375,112.02763366699219,0.0007729880744591355,0.05661919713020325,21.01465606689453,0.73065584897995,-0.3139212131500244,0.0,0.0
5162,1290.25,45.84602737426758,47.74383544921875,127.20842742919922,108.15739440917969,112.08936309814453,0.0007506984402425587,0.05665506049990654,21.014623641967773,0.7406647801399231,-0.3178817629814148,0.0,0.0
5163,1290.5,45.539642333984375,47.65275955200195,129.13035583496094,108.1406478881836,111.45626831054688,0.0007306377519853413,0.05668008700013161,21.01459312438965,0.7406647801399231,-0.2688380479812622,0.0,0.0
5164,1290.75,45.52104568481445,47.516971588134766,133.4329376220703,108.14637756347656,111.95256805419922,0.0007125831325538456,0.05670261010527611,21.01456642150879,0.7406647801399231,-0.3079177737236023,0.0,0.0
5165,1291,45.94993591308594,47.10813903808594,125.98031616210938,108.14417266845703,111.08045959472656,0.0006963339983485639,0.05672287940979004,21.014541625976562,0.73065584897995,-0.23848116397857666,0.0,0.0
5166,1291.25,45.692481994628906,47.56825256347656,129.10516357421875,108.13844299316406,111.02713012695312,0.0006726987194269896,0.05674112215638161,21.0145206451416,0.7006288170814514,-0.23467782139778137,0.0,0.0
5167,1291.5,46.330543518066406,48.054378509521484,128.2533416748047,108.14153289794922,112.04689025878906,0.0006514269625768065,0.05675029382109642,21.014501571655273,0.7106378078460693,-0.3158133029937744,0.0,0.0
5168,1291.75,45.783599853515625,47.91851043701172,130.8927459716797,108.1406478881836,111.31206512451172,0.0006322823464870453,0.05675854533910751,21.014484405517578,0.720646858215332,-0.2573125958442688,0.0,0.0
5169,1292,45.74922180175781,47.61013412475586,129.93484497070312,108.1397705078125,111.81429290771484,0.000615052180364728,0.056765973567962646,21.014469146728516,0.720646858215332,-0.2974596917629242,0.0,0.0
5170,1292.25,45.88296127319336,47.628055572509766,129.6241912841797,108.12654876708984,111.43058776855469,0.0006001884466968477,0.05677265673875809,21.014453887939453,0.720646858215332,-0.2679472863674164,0.0,0.0
5171,1292.5,45.94036865234375,47.86465835571289,127.4542007446289,108.13888549804688,110.64490509033203,0.0005868111038580537,0.05676417052745819,21.014440536499023,0.720646858215332,-0.20394237339496613,0.0,0.0
5172,1292.75,45.697242736816406,48.0367431640625,131.52932739257812,108.13932800292969,111.4483642578125,0.000574771489482373,0.056756533682346344,21.014429092407227,0.720646858215332,-0.26831528544425964,0.0,0.0
5173,1293,45.847660064697266,47.569091796875,129.07386779785156,108.1410903930664,111.4024429321289,0.0005639358423650265,0.05674966052174568,21.014419555664062,0.720646858215332,-0.2645013630390167,0.0,0.0
5174,1293.25,45.95576477050781,47.48888397216797,129.1982879638672,108.12875366210938,111.7975082397461,0.0005567583139054477,0.056743476539850235,21.0144100189209,0.720646858215332,-0.29703009128570557,0.0,0.0
5175,1293.5,45.936336517333984,47.8680534362793,131.35301208496094,108.13756561279297,112.50714111328125,0.0005502985441125929,0.05674516037106514,21.014402389526367,0.7406647801399231,-0.35263165831565857,0.0,0.0
5176,1293.75,45.696956634521484,47.885318756103516,129.2143096923828,108.1327133178711,111.51849365234375,0.0005444847629405558,0.056746676564216614,21.014394760131836,0.720646858215332,-0.27445948123931885,0.0,0.0
5177,1294,45.750186920166016,47.538448333740234,130.5279083251953,108.12698364257812,111.285400390625,0.0005392523598857224,0.05674804002046585,21.014387130737305,0.720646858215332,-0.2563049793243408,0.0,0.0
5178,1294.25,45.95021438598633,47.86407470703125,131.4331512451172,108.12434387207031,111.01675415039062,0.0005345431854948401,0.056749265640974045,21.014381408691406,0.7106378078460693,-0.23500686883926392,0.0,0.0
5179,1294.5,45.698699951171875,47.49147033691406,130.8774871826172,108.13800811767578,110.85774230957031,0.0005302589852362871,0.05675037205219269,21.014375686645508,0.720646858215332,-0.2211221158504486,0.0,0.0
5180,1294.75,46.04960250854492,47.8433952331543,130.3447265625,108.1318359375,110.52835845947266,0.0005264031933620572,0.05676586553454399,21.01436996459961,0.7106378078460693,-0.19514092803001404,0.0,0.0
5181,1295,46.206661224365234,47.637245178222656,129.5203857421875,108.12434387207031,112.51504516601562,0.0005229329690337181,0.056779809296131134,21.014366149902344,0.720646858215332,-0.3543453812599182,0.0,0.0
5182,1295.25,45.654579162597656,47.47258758544922,129.52420043945312,108.12478637695312,112.08195495605469,0.0005198097787797451,0.05679235979914665,21.014362335205078,0.7106378078460693,-0.31997764110565186,0.0,0.0
5183,1295.5,45.6225700378418,47.36505126953125,125.40633392333984,108.13844299316406,111.37824249267578,0.0005169988726265728,0.05680365487933159,21.014358520507812,0.720646858215332,-0.2627851665019989,0.0,0.0
5184,1295.75,45.92188262939453,47.84321975708008,129.4043731689453,108.12742614746094,111.56046295166016,0.0005125379539094865,0.0568210706114769,21.014442443847656,0.720646858215332,-0.278244286775589,0.0,0.0
5185,1296,45.765769958496094,47.715511322021484,129.19064331054688,108.11949157714844,110.7619400024414,0.000508523138705641,0.056836746633052826,21.014516830444336,0.7106378078460693,-0.21494993567466736,0.0,0.0
5186,1296.25,45.9063606262207,47.69880676269531,131.41177368164062,108.13844299316406,110.58020782470703,0.0005049097817391157,0.0568508543074131,21.014583587646484,0.7106378078460693,-0.19877168536186218,0.0,0.0
5187,1296.5,45.834266662597656,48.11869812011719,127.88392639160156,108.12963104248047,111.29528045654297,0.0005049097817391157,0.05686355009675026,21.014583587646484,0.7006288170814514,-0.2568773031234741,0.0,0.0
5188,1296.75,45.601627349853516,47.759029388427734,129.18759155273438,108.13668060302734,111.07947540283203,0.0004980875528417528,0.05687497928738594,21.014699935913086,0.6806108951568604,-0.23901909589767456,0.0,0.0
5189,1297,45.754493713378906,47.85387420654297,131.3766632080078,108.1239013671875,112.0039291381836,0.0004980875528417528,0.056885264813899994,21.014699935913086,0.6806108951568604,-0.3138508200645447,0.0,0.0
5190,1297.25,46.18423080444336,47.64297866821289,130.88282775878906,108.1150894165039,111.29873657226562,0.0004948743153363466,0.056887682527303696,21.01474952697754,0.6906198859214783,-0.2583509087562561,0.0,0.0
5191,1297.5,45.74142837524414,47.77267074584961,129.4287872314453,108.12963104248047,110.93675994873047,0.0004919824423268437,0.056889858096838,21.014793395996094,0.7006288170814514,-0.22815434634685516,0.0,0.0
5192,1297.75,45.439918518066406,47.94422149658203,129.1288299560547,108.12610626220703,111.9500961303711,0.000489379744976759,0.05689181759953499,21.014833450317383,0.7106378078460693,-0.30938997864723206,0.0,0.0
5193,1298,45.80918502807617,47.69071578979492,127.33207702636719,108.11993408203125,111.75849151611328,0.00048703732318244874,0.056900832802057266,21.014869689941406,0.7106378078460693,-0.2946488857269287,0.0,0.0
5194,1298.25,45.59331512451172,47.67365646362305,132.9406280517578,108.12213897705078,111.6636734008789,0.0004849291290156543,0.056908946484327316,21.014902114868164,0.7106378078460693,-0.28691190481185913,0.0,0.0
5195,1298.5,45.717594146728516,47.3784294128418,127.47862243652344,108.12698364257812,110.96440887451172,0.0004765976336784661,0.0569162480533123,21.014930725097656,0.720646858215332,-0.23059074580669403,0.0,0.0
5196,1298.75,46.05721664428711,47.44351577758789,131.6300811767578,108.12918853759766,110.74169158935547,0.0004690992645919323,0.05692281946539879,21.014957427978516,0.7106378078460693,-0.21252430975437164,0.0,0.0
5197,1299,45.86429977416992,47.53383255004883,126.8695297241211,108.11553192138672,111.54861450195312,0.00046235075569711626,0.056928735226392746,21.01498031616211,0.7106378078460693,-0.27827826142311096,0.0,0.0
5198,1299.25,45.86282730102539,47.69243621826172,129.22193908691406,108.1225814819336,111.75799560546875,0.0004504880926106125,0.05691230669617653,21.01500129699707,0.7106378078460693,-0.2943916916847229,0.0,0.0
5199,1299.5,45.8551139831543,47.74690628051758,131.58274841308594,108.13007354736328,110.86021423339844,0.00043981170165352523,0.05691230669617653,21.0150203704834,0.720646858215332,-0.22197343409061432,0.0,0.0
5200,1299.75,46.2090950012207,47.737491607666016,129.42726135253906,108.12345886230469,111.10713195800781,0.0004302029556129128,0.05688421428203583,21.015037536621094,0.73065584897995,-0.24232375621795654,0.0,0.0
5201,1300,45.76707077026367,47.80125045776367,127.93964385986328,108.11199951171875,111.77478790283203,0.0004215550725348294,0.05688421428203583,21.015052795410156,0.7406647801399231,-0.2966005206108093,0.0,0.0
5202,1300.25,46.15945816040039,47.8360710144043,130.06155395507812,108.10803985595703,111.44886016845703,0.00040734195499680936,0.05687223747372627,21.015066146850586,0.7406647801399231,-0.2709306478500366,0.0,0.0
5203,1300.5,45.643314361572266,47.69694519042969,129.384521484375,108.14505767822266,111.94268798828125,0.0003945501521229744,0.05686146020889282,21.015079498291016,0.7606827616691589,-0.3072405755519867,0.0,0.0
5204,1300.75,46.04664993286133,47.85816955566406,128.69985961914062,108.12345886230469,111.32441711425781,0.0003830375208053738,0.056837256997823715,21.015090942382812,0.7606827616691589,-0.2597154676914215,0.0,0.0
5205,1301,45.707366943359375,47.75202941894531,133.31690979003906,108.12081909179688,111.15848541259766,0.0003726761497091502,0.05681547522544861,21.015100479125977,0.750673770904541,-0.24665459990501404,0.0,0.0
5206,1301.25,46.293495178222656,47.73734664916992,127.60303497314453,108.11861419677734,111.850341796875,0.0003607792023103684,0.0567958727478981,21.01511001586914,0.7406647801399231,-0.3020710051059723,0.0,0.0
5207,1301.5,45.8463020324707,47.88923645019531,127.28170013427734,108.13844299316406,111.22021484375,0.000350071961292997,0.056778229773044586,21.015117645263672,0.720646858215332,-0.25014543533325195,0.0,0.0
5208,1301.75,45.962547302246094,47.93714904785156,131.7720489501953,108.13007354736328,111.57527923583984,0.0003404354501981288,0.05676234886050224,21.015125274658203,0.73065584897995,-0.2792089581489563,0.0,0.0
5209,1302,46.0924072265625,47.734989166259766,130.70269775390625,108.11685180664062,111.44293212890625,0.00033176259603351355,0.05673355609178543,21.0151309967041,0.73065584897995,-0.26973170042037964,0.0,0.0
5210,1302.25,46.0952033996582,47.77777862548828,129.22499084472656,108.12831115722656,111.49034118652344,0.0003233143361285329,0.05670764297246933,21.01513671875,0.73065584897995,-0.2725745439529419,0.0,0.0
5211,1302.5,45.97621536254883,47.956783294677734,131.8354034423828,108.12566375732422,111.66466522216797,0.0003157109022140503,0.05668432265520096,21.0151424407959,0.73065584897995,-0.28670036792755127,0.0,0.0
5212,1302.75,45.780120849609375,47.72391891479492,128.76473999023438,108.1410903930664,111.38169860839844,0.00030886780587024987,0.056663334369659424,21.015148162841797,0.73065584897995,-0.26284366846084595,0.0,0.0
5213,1303,45.70936584472656,47.755489349365234,130.07147216796875,108.11729431152344,111.4696044921875,0.00030270899878814816,0.05664444342255592,21.015151977539062,0.73065584897995,-0.27182555198669434,0.0,0.0
5214,1303.25,45.980201721191406,47.48958206176758,129.84629821777344,108.12478637695312,110.83403778076172,0.0002984518650919199,0.05662744119763374,21.015155792236328,0.73065584897995,-0.22030679881572723,0.0,0.0
5215,1303.5,46.277320861816406,47.79378890991211,128.81053161621094,108.1225814819336,111.25626373291016,0.0002946204331237823,0.05661214143037796,21.015159606933594,0.7406647801399231,-0.25433647632598877,0.0,0.0
5216,1303.75,45.81458282470703,47.84870147705078,130.8591766357422,108.13624572753906,111.22515106201172,0.00029117215308360755,0.056598369032144547,21.01516342163086,0.750673770904541,-0.2507217526435852,0.0,0.0
5217,1304,46.00245666503906,47.63626480102539,131.09349060058594,108.1230239868164,111.04589080810547,0.0002880686952266842,0.05659322440624237,21.015165328979492,0.750673770904541,-0.23745116591453552,0.0,0.0
5218,1304.25,45.813934326171875,48.01548385620117,132.79330444335938,108.13491821289062,111.11107635498047,0.000285275571513921,0.05658859387040138,21.015167236328125,0.7406647801399231,-0.24169620871543884,0.0,0.0
5219,1304.5,46.14717483520508,48.195579528808594,127.46106719970703,108.12698364257812,111.55305480957031,0.0002827617572620511,0.056584425270557404,21.015169143676758,0.750673770904541,-0.27768972516059875,0.0,0.0
5220,1304.75,45.670127868652344,47.55934143066406,126.68863677978516,108.11685180664062,111.42367553710938,0.0002882150001823902,0.05658067390322685,21.01517105102539,0.7406647801399231,-0.2681933343410492,0.0,0.0
5221,1305,45.9318962097168,47.92436599731445,127.26643371582031,108.13227844238281,110.79898071289062,0.0002931229246314615,0.05659180134534836,21.015172958374023,0.7606827616691589,-0.21687382459640503,0.0,0.0
5222,1305.25,45.8802604675293,47.92020797729492,132.59103393554688,108.1331558227539,111.47750091552734,0.0002975400711875409,0.056601814925670624,21.015174865722656,0.750673770904541,-0.27114999294281006,0.0,0.0
5223,1305.5,45.571163177490234,47.66639709472656,127.98162078857422,108.12786865234375,110.65428161621094,0.00030151547980494797,0.0566108264029026,21.01517677307129,0.7406647801399231,-0.20560325682163239,0.0,0.0
5224,1305.75,46.017433166503906,48.01573181152344,131.56825256347656,108.13139343261719,110.23107147216797,0.00030509335920214653,0.056618936359882355,21.015178680419922,0.7406647801399231,-0.17120128870010376,0.0,0.0
5225,1306,45.947811126708984,47.67360305786133,133.21157836914062,108.12698364257812,110.90219116210938,0.0003160322376061231,0.05663348734378815,21.015180587768555,0.750673770904541,-0.2255983203649521,0.0,0.0
5226,1306.25,46.23674011230469,47.43465042114258,131.7109832763672,108.1397705078125,110.65280151367188,0.00032587721943855286,0.05664658173918724,21.015182495117188,0.750673770904541,-0.2045048475265503,0.0,0.0
5227,1306.5,45.498680114746094,47.51401901245117,130.163818359375,108.13844299316406,110.76243591308594,0.0003347377059981227,0.056658368557691574,21.015182495117188,0.750673770904541,-0.21342968940734863,0.0,0.0
5228,1306.75,45.8260383605957,47.59789276123047,131.04998779296875,108.1252212524414,110.99256134033203,0.0003427121555432677,0.056668978184461594,21.015182495117188,0.750673770904541,-0.23299407958984375,0.0,0.0
5229,1307,45.981449127197266,47.80942916870117,126.7451171875,108.13227844238281,111.88639831542969,0.0003601855714805424,0.05668577551841736,21.015182495117188,0.750673770904541,-0.303815096616745,0.0,0.0
5230,1307.25,46.318546295166016,47.63496398925781,126.04672241210938,108.14020538330078,112.11750793457031,0.0003759116225410253,0.05670089274644852,21.015417098999023,0.750673770904541,-0.3215315639972687,0.0,0.0
5231,1307.5,46.09720993041992,47.67610549926758,127.81293487548828,108.1578369140625,112.39454650878906,0.000390065077226609,0.0567144975066185,21.015626907348633,0.7706916928291321,-0.34204980731010437,0.0,0.0
5232,1307.75,45.72149658203125,47.91729736328125,132.14146423339844,108.14373779296875,111.18466186523438,0.0004028031835332513,0.056726742535829544,21.01581573486328,0.7706916928291321,-0.24686354398727417,0.0,0.0
5233,1308,45.70818328857422,47.86244583129883,130.06460571289062,108.13932800292969,111.40638732910156,0.00042263735667802393,0.056737761944532394,21.0159854888916,0.7706916928291321,-0.2649616301059723,0.0,0.0
5234,1308.25,46.07094192504883,47.79509353637695,130.65309143066406,108.13756561279297,110.73625946044922,0.00044048813288100064,0.0567476786673069,21.016138076782227,0.750673770904541,-0.21139785647392273,0.0,0.0
5235,1308.5,46.10651397705078,47.91205978393555,129.65396118164062,108.13800811767578,111.2073745727539,0.0004565538256429136,0.05674935504794121,21.01627540588379,0.750673770904541,-0.24915392696857452,0.0,0.0
5236,1308.75,46.17793655395508,47.57302474975586,127.73279571533203,108.14682006835938,110.85231018066406,0.00047101295785978436,0.056750863790512085,21.01616668701172,0.750673770904541,-0.21996034681797028,0.0,0.0
5237,1309,45.78812026977539,47.64302062988281,131.56138610839844,108.12742614746094,111.07650756835938,0.0004840261535719037,0.056752223521471024,21.016069412231445,0.7406647801399231,-0.2395429015159607,0.0,0.0
5238,1309.25,45.66796112060547,47.95570373535156,129.2776641845703,108.14946746826172,111.24293518066406,0.0004957380588166416,0.05675344541668892,21.015981674194336,0.73065584897995,-0.2510563135147095,0.0,0.0
5239,1309.5,45.78601837158203,47.78910446166992,130.28823852539062,108.14550018310547,111.59454345703125,0.0005152968224138021,0.05674004554748535,21.01590347290039,0.7406647801399231,-0.279475599527359,0.0,0.0
5240,1309.75,46.11190414428711,47.953060150146484,127.27482604980469,108.13536071777344,110.88490295410156,0.0005328996921889484,0.05672798305749893,21.01567840576172,0.7406647801399231,-0.22352071106433868,0.0,0.0
5241,1310,45.892417907714844,47.868614196777344,130.3096160888672,108.13580322265625,110.81280517578125,0.0005487422458827496,0.056717127561569214,21.01547622680664,0.750673770904541,-0.21769428253173828,0.0,0.0
5242,1310.25,45.98274612426758,47.5233039855957,132.2483367919922,108.15563201904297,111.36490631103516,0.0005630005616694689,0.05670735985040665,21.015295028686523,0.7406647801399231,-0.26030445098876953,0.0,0.0
5243,1310.5,46.230682373046875,47.76498031616211,132.80934143066406,108.14990234375,111.92985534667969,0.0005758330225944519,0.05669856816530228,21.0151309967041,0.7106378078460693,-0.30582141876220703,0.0,0.0
5244,1310.75,45.91053771972656,47.812713623046875,128.23045349121094,108.14593505859375,111.65330505371094,0.0005873822374269366,0.056690655648708344,21.015216827392578,0.7006288170814514,-0.28412583470344543,0.0,0.0
5245,1311,45.5877571105957,47.60000991821289,128.84182739257812,108.14329528808594,111.38861083984375,0.0005977765540592372,0.056683532893657684,21.015295028686523,0.7106378078460693,-0.26321420073509216,0.0,0.0
5246,1311.25,45.74889373779297,47.430458068847656,135.29531860351562,108.14285278320312,111.12391662597656,0.0006071314564906061,0.05667712166905403,21.015363693237305,0.7006288170814514,-0.24207186698913574,0.0,0.0
5247,1311.5,46.094295501708984,47.53983688354492,129.50970458984375,108.15122985839844,111.39997100830078,0.0006155508453957736,0.056671351194381714,21.015426635742188,0.7006288170814514,-0.2634694278240204,0.0,0.0
5248,1311.75,45.15937423706055,47.69989776611328,133.0856475830078,108.14990234375,111.22515106201172,0.0006153983995318413,0.05666615813970566,21.015483856201172,0.73065584897995,-0.24959756433963776,0.0,0.0
5249,1312,45.602012634277344,47.363861083984375,132.96656799316406,108.15739440917969,110.83650970458984,0.0006152612040750682,0.056675985455513,21.015535354614258,0.7106378078460693,-0.21782098710536957,0.0,0.0
5250,1312.25,45.67020034790039,47.830387115478516,128.82809448242188,108.1591567993164,111.26317596435547,0.0006151377456262708,0.05668483301997185,21.015581130981445,0.73065584897995,-0.2518788278102875,0.0,0.0
5251,1312.5,46.010684967041016,47.59417724609375,128.45713806152344,108.15872192382812,111.66960144042969,0.000615026627201587,0.05669279396533966,21.015621185302734,0.73065584897995,-0.28437289595603943,0.0,0.0
5252,1312.75,45.85657501220703,47.686241149902344,132.63226318359375,108.15739440917969,110.93033599853516,0.0006078434525988996,0.0566999576985836,21.015657424926758,0.73065584897995,-0.22535340487957,0.0,0.0
5253,1313,46.00726318359375,47.81745529174805,125.43075561523438,108.14990234375,111.17972564697266,0.0006013786187395453,0.05669190362095833,21.015689849853516,0.73065584897995,-0.2459612786769867,0.0,0.0
5254,1313.25,45.5662956237793,47.3770751953125,132.70553588867188,108.1591567993164,111.1747817993164,0.0005955602391622961,0.05668465793132782,21.015487670898438,0.73065584897995,-0.244803324341774,0.0,0.0
5255,1313.5,46.24805450439453,47.79573440551758,127.34428405761719,108.16312408447266,111.76639556884766,0.0005903237033635378,0.05667813494801521,21.015304565429688,0.7406647801399231,-0.291723370552063,0.0,0.0
5256,1313.75,45.96461868286133,47.928993225097656,129.38070678710938,108.16400909423828,112.35010528564453,0.0005856108036823571,0.05667226389050484,21.015140533447266,0.750673770904541,-0.3380211889743805,0.0,0.0
5257,1314,45.81079864501953,47.63752746582031,131.47360229492188,108.16753387451172,111.41922760009766,0.000575575977563858,0.05666698142886162,21.014991760253906,0.7406647801399231,-0.26366615295410156,0.0,0.0
5258,1314.25,46.289127349853516,47.961177825927734,129.3211669921875,108.17061614990234,111.26219177246094,0.0005665445933118463,0.05666947737336159,21.01485824584961,0.750673770904541,-0.25085654854774475,0.0,0.0
5259,1314.5,45.93263244628906,47.535430908203125,128.0304718017578,108.16929626464844,112.34615325927734,0.0005584163591265678,0.05667172372341156,21.014738082885742,0.7606827616691589,-0.3372727632522583,0.0,0.0
5260,1314.75,45.6252555847168,48.000492095947266,132.4055633544922,108.15431213378906,111.92688751220703,0.0005511009367182851,0.056673746556043625,21.014631271362305,0.750673770904541,-0.3052223324775696,0.0,0.0
5261,1315,45.6096076965332,47.645606994628906,129.07310485839844,108.17150115966797,111.2286148071289,0.0005445170681923628,0.056675564497709274,21.01453399658203,0.750673770904541,-0.2480970323085785,0.0,0.0
5262,1315.25,45.8026008605957,47.77312088012695,129.0059356689453,108.17150115966797,111.01083374023438,0.0005392354796640575,0.0566772036254406,21.014446258544922,0.73065584897995,-0.23065011203289032,0.0,0.0
5263,1315.5,45.867183685302734,47.775299072265625,132.07965087890625,108.18031311035156,111.22564697265625,0.0005344820092432201,0.0566931776702404,21.014368057250977,0.720646858215332,-0.24713465571403503,0.0,0.0
5264,1315.75,46.05717849731445,47.47897720336914,129.11050415039062,108.18428039550781,111.49034118652344,0.000530203920789063,0.05670755356550217,21.014297485351562,0.73065584897995,-0.2679675221443176,0.0,0.0
5265,1316,45.92528533935547,47.93708801269531,129.29827880859375,108.17899322509766,110.79552459716797,0.0005263536004349589,0.056720491498708725,21.01423454284668,0.720646858215332,-0.21275091171264648,0.0,0.0
5266,1316.25,45.582122802734375,47.67594909667969,128.88075256347656,108.18824768066406,111.08441162109375,0.0005228883237577975,0.05673213675618172,21.014177322387695,0.73065584897995,-0.23517031967639923,0.0,0.0
5267,1316.5,45.871604919433594,47.78860855102539,125.07888793945312,108.20367431640625,111.24491119384766,0.0005268964450806379,0.0567571185529232,21.01412582397461,0.720646858215332,-0.24675388634204865,0.0,0.0
5268,1316.75,45.7022705078125,48.021080017089844,127.43053436279297,108.18780517578125,110.89083099365234,0.0005305037484504282,0.05677960440516472,21.013992309570312,0.720646858215332,-0.21968024969100952,0.0,0.0
5269,1317,46.087345123291016,47.44108581542969,125.78414916992188,108.18736267089844,111.13478088378906,0.0005337503389455378,0.056799840182065964,21.013872146606445,0.720646858215332,-0.23927855491638184,0.0,0.0
5270,1317.25,46.148468017578125,48.33918762207031,130.14779663085938,108.19926452636719,111.33033752441406,0.000536672247108072,0.056818053126335144,21.013765335083008,0.7406647801399231,-0.25394997000694275,0.0,0.0
5271,1317.5,45.71788787841797,47.67364501953125,132.10635375976562,108.1930923461914,111.58614349365234,0.000548961921595037,0.05682719126343727,21.013668060302734,0.750673770904541,-0.2748890817165375,0.0,0.0
5272,1317.75,45.849082946777344,47.69807052612305,130.0539093017578,108.18560028076172,111.56836700439453,0.000560022599529475,0.056835416704416275,21.013580322265625,0.7406647801399231,-0.2740868330001831,0.0,0.0
5273,1318,45.52922439575195,47.85724639892578,127.7144775390625,108.19573974609375,112.19306182861328,0.0005699772154912353,0.05684281885623932,21.01350212097168,0.7406647801399231,-0.3229581117630005,0.0,0.0
5274,1318.25,46.049564361572266,47.939727783203125,130.35235595703125,108.20499420166016,111.23255920410156,0.0005789363640360534,0.05684948340058327,21.013431549072266,0.750673770904541,-0.24565690755844116,0.0,0.0
5275,1318.5,45.974815368652344,47.641334533691406,129.8768310546875,108.20499420166016,112.12689208984375,0.0005869996384717524,0.05685548111796379,21.013368606567383,0.7406647801399231,-0.31694474816322327,0.0,0.0
5276,1318.75,46.2534294128418,47.387664794921875,128.32815551757812,108.20367431640625,111.53182220458984,0.0005942565621808171,0.05686087906360626,21.0133113861084,0.720646858215332,-0.2696835696697235,0.0,0.0
5277,1319,45.682708740234375,47.838600158691406,131.82623291015625,108.20367431640625,111.04688262939453,0.0006123865605331957,0.056850820779800415,21.013259887695312,0.720646858215332,-0.23089298605918884,0.0,0.0
5278,1319.25,46.29476547241211,47.61864471435547,128.26785278320312,108.20807647705078,111.09231567382812,0.0006287035648711026,0.05684176832437515,21.013214111328125,0.720646858215332,-0.2341722846031189,0.0,0.0
5279,1319.5,45.74606704711914,47.858882904052734,128.18923950195312,108.20807647705078,111.58416748046875,0.0006433888920582831,0.056833621114492416,21.013172149658203,0.720646858215332,-0.27349862456321716,0.0,0.0
5280,1319.75,45.68408966064453,48.004337310791016,127.25650787353516,108.21116638183594,111.50861358642578,0.0006566056399606168,0.05682628974318504,21.013134002685547,0.73065584897995,-0.2672145366668701,0.0,0.0
5281,1320,45.87258529663086,47.7377815246582,131.61785888671875,108.2089614868164,111.16293334960938,0.0006781713454984128,0.05681969225406647,21.013099670410156,0.73065584897995,-0.23975656926631927,0.0,0.0
5282,1320.25,46.02265167236328,47.55865478515625,131.06907653808594,108.21821594238281,110.90219116210938,0.0006975804571993649,0.05682825297117233,21.01306915283203,0.73065584897995,-0.21809016168117523,0.0,0.0
5283,1320.5,46.0278434753418,47.77875518798828,128.7189483642578,108.21601104736328,110.7836685180664,0.0007150486926548183,0.05683596059679985,21.013042449951172,0.7006288170814514,-0.20875266194343567,0.0,0.0
5284,1320.75,45.43193435668945,47.924564361572266,130.81642150878906,108.20631408691406,111.31108093261719,0.0007307701162062585,0.05684289708733559,21.013017654418945,0.7106378078460693,-0.25183025002479553,0.0,0.0
5285,1321,45.97428894042969,47.57709503173828,130.9278564453125,108.2177734375,111.37626647949219,0.0007507242844440043,0.05684913694858551,21.012996673583984,0.7106378078460693,-0.2560991048812866,0.0,0.0
5286,1321.25,46.26358413696289,47.98307800292969,132.5963897705078,108.22482299804688,111.38417053222656,0.0007686830358579755,0.056847505271434784,21.012977600097656,0.720646858215332,-0.2561509609222412,0.0,0.0
5287,1321.5,46.184322357177734,47.73945999145508,130.41189575195312,108.22879028320312,111.65182495117188,0.0007848459063097835,0.05684603750705719,21.01296043395996,0.720646858215332,-0.27719050645828247,0.0,0.0
5288,1321.75,45.736053466796875,47.9866828918457,129.9111785888672,108.21513366699219,112.12787628173828,0.0007993925246410072,0.056844715029001236,21.0129451751709,0.7106378078460693,-0.3161888122558594,0.0,0.0
5289,1322,46.0396842956543,47.755008697509766,129.24942016601562,108.22350311279297,111.44342803955078,0.0008111941860988736,0.05684352666139603,21.012929916381836,0.7106378078460693,-0.26099449396133423,0.0,0.0
5290,1322.25,46.37514877319336,47.65005874633789,127.6244125366211,108.2345199584961,111.73429107666016,0.0008218156872317195,0.05684245750308037,21.012916564941406,0.720646858215332,-0.2832915782928467,0.0,0.0
5291,1322.5,45.42536544799805,47.749114990234375,130.52867126464844,108.22129821777344,111.14959716796875,0.0008313750731758773,0.05683424323797226,21.01290512084961,0.73065584897995,-0.23767349123954773,0.0,0.0
5292,1322.75,45.49309158325195,48.04636764526367,129.6180877685547,108.22262573242188,111.72342681884766,0.0008399785147048533,0.05682684853672981,21.012893676757812,0.7406647801399231,-0.2834043800830841,0.0,0.0
5293,1323,45.518428802490234,47.756080627441406,131.6453399658203,108.23716735839844,111.54911041259766,0.0008399825892411172,0.05682019516825676,21.01288414001465,0.73065584897995,-0.26830819249153137,0.0,0.0
5294,1323.25,45.740333557128906,47.50940704345703,130.96144104003906,108.24818420410156,111.01922607421875,0.0008399862563237548,0.05681420862674713,21.012876510620117,0.7106378078460693,-0.22501492500305176,0.0,0.0
5295,1323.5,45.86210250854492,47.676944732666016,127.87323760986328,108.22923278808594,111.02120208740234,0.0008399895741604269,0.05680881813168526,21.012868881225586,0.7106378078460693,-0.22673200070858002,0.0,0.0
5296,1323.75,45.43058776855469,47.63728332519531,133.22837829589844,108.23892974853516,111.36589813232422,0.0008399925427511334,0.05679671838879585,21.012861251831055,0.6906198859214783,-0.2535301148891449,0.0,0.0
5297,1324,45.98441696166992,47.69540023803711,130.5149383544922,108.2428970336914,111.48886108398438,0.0008335489546880126,0.05678582563996315,21.012855529785156,0.6906198859214783,-0.2630278170108795,0.0,0.0
5298,1324.25,45.63838195800781,47.57057571411133,127.87857818603516,108.251708984375,111.28046417236328,0.0008277497254312038,0.0567760244011879,21.012849807739258,0.7006288170814514,-0.2456476390361786,0.0,0.0
5299,1324.5,46.03472137451172,47.46260452270508,129.4158172607422,108.2424545288086,111.26466369628906,0.000822530419100076,0.05676720291376114,21.01284408569336,0.7006288170814514,-0.24514475464820862,0.0,0.0
5300,1324.75,45.98136520385742,47.67900848388672,127.21224212646484,108.24421691894531,111.24144744873047,0.0008178330608643591,0.05675926432013512,21.012840270996094,0.7006288170814514,-0.24314166605472565,0.0,0.0
5301,1325,45.848716735839844,47.979164123535156,130.7897186279297,108.25391387939453,111.3589859008789,0.000813605438452214,0.05675211921334267,21.012836456298828,0.7006288170814514,-0.25174564123153687,0.0,0.0
5302,1325.25,45.77401351928711,48.206748962402344,127.7266845703125,108.25788116455078,111.64688873291016,0.0008098005782812834,0.05674568936228752,21.012832641601562,0.7006288170814514,-0.27440422773361206,0.0,0.0
5303,1325.5,45.34067916870117,47.849788665771484,129.88446044921875,108.25567626953125,111.24342346191406,0.0008063761633820832,0.05673990026116371,21.012828826904297,0.7006288170814514,-0.24235756695270538,0.0,0.0
5304,1325.75,45.99063491821289,47.996421813964844,127.86178588867188,108.2583236694336,111.32836151123047,0.0008020050008781254,0.05675644055008888,21.01282501220703,0.7106378078460693,-0.2489345818758011,0.0,0.0
5305,1326,45.907264709472656,47.732421875,130.06307983398438,108.27198028564453,111.20243835449219,0.0007980709196999669,0.056771326810121536,21.0128231048584,0.7106378078460693,-0.23773671686649323,0.0,0.0
5306,1326.25,45.93008041381836,47.50774002075195,131.77891540527344,108.27859497070312,111.7871322631836,0.0007945302641019225,0.056784726679325104,21.012821197509766,0.73065584897995,-0.28387659788131714,0.0,0.0
5307,1326.5,45.659278869628906,47.71737289428711,127.72210693359375,108.26008605957031,112.02516174316406,0.0007913436857052147,0.056796785444021225,21.012819290161133,0.73065584897995,-0.3043333888053894,0.0,0.0
5308,1326.75,46.07252883911133,47.58184051513672,126.67184448242188,108.26272583007812,111.77873992919922,0.0007884757360443473,0.05682213976979256,21.0128173828125,0.73065584897995,-0.28451257944107056,0.0,0.0
5309,1327,45.79206466674805,48.01145553588867,129.529541015625,108.2768325805664,112.0152816772461,0.0007819821476005018,0.056844960898160934,21.012815475463867,0.720646858215332,-0.30217093229293823,0.0,0.0
5310,1327.25,45.816715240478516,47.714576721191406,131.98194885253906,108.27198028564453,112.39701843261719,0.0007761379238218069,0.056865498423576355,21.01289939880371,0.720646858215332,-0.33285579085350037,0.0,0.0
5311,1327.5,45.91651153564453,47.709022521972656,129.0776824951172,108.27330780029297,112.09725952148438,0.0007708781631663442,0.05688398331403732,21.012975692749023,0.7106378078460693,-0.3089735507965088,0.0,0.0
5312,1327.75,46.0255012512207,47.4651985168457,128.5128631591797,108.27110290527344,112.52639770507812,0.0007661443669348955,0.056900620460510254,21.013044357299805,0.7006288170814514,-0.3431691825389862,0.0,0.0
5313,1328,45.8619384765625,47.663394927978516,128.3174591064453,108.2869644165039,111.36095428466797,0.0007502883090637624,0.056930094957351685,21.013105392456055,0.7106378078460693,-0.24918556213378906,0.0,0.0
5314,1328.25,46.10272979736328,47.686092376708984,129.86691284179688,108.28167724609375,112.15849304199219,0.0007360178278759122,0.05695662274956703,21.013160705566406,0.7106378078460693,-0.31314679980278015,0.0,0.0
5315,1328.5,46.07355880737305,47.67026901245117,128.56170654296875,108.3023910522461,111.97775268554688,0.0007231744239106774,0.056980498135089874,21.01321029663086,0.7106378078460693,-0.297087162733078,0.0,0.0
5316,1328.75,46.16997528076172,47.82290267944336,132.0933837890625,108.28211975097656,111.82417297363281,0.0007116153719834983,0.0570019856095314,21.013256072998047,0.7006288170814514,-0.28653597831726074,0.0,0.0
5317,1329,45.22124099731445,47.60151672363281,129.3349151611328,108.28652954101562,110.80292510986328,0.0006909109652042389,0.05702132359147072,21.013256072998047,0.7006288170814514,-0.20450103282928467,0.0,0.0
5318,1329.25,45.7174072265625,47.976890563964844,131.31179809570312,108.30107116699219,110.78959655761719,0.0006722770049236715,0.057031888514757156,21.01333236694336,0.7006288170814514,-0.20223459601402283,0.0,0.0
5319,1329.5,45.92433547973633,47.4915885925293,131.01564025878906,108.2935791015625,110.80292510986328,0.0006722770049236715,0.05704139545559883,21.01333236694336,0.7006288170814514,-0.20392121374607086,0.0,0.0
5320,1329.75,45.9380989074707,47.211875915527344,129.9813995361328,108.28652954101562,110.84687805175781,0.0006555064464919269,0.0570499524474144,21.013364791870117,0.7006288170814514,-0.20803135633468628,0.0,0.0
5321,1330,45.716590881347656,47.34189987182617,133.24668884277344,108.33148193359375,110.98663330078125,0.0006346208392642438,0.05705765634775162,21.013395309448242,0.7006288170814514,-0.21555331349372864,0.0,0.0
5322,1330.25,45.771827697753906,47.88446044921875,131.44383239746094,108.29886627197266,111.91355895996094,0.0006158237811177969,0.057064589112997055,21.0134220123291,0.7106378078460693,-0.2922722101211548,0.0,0.0
5323,1330.5,45.865230560302734,47.55260467529297,127.45343780517578,108.29269409179688,111.17774963378906,0.0005989064229652286,0.05707082897424698,21.013446807861328,0.720646858215332,-0.23405733704566956,0.0,0.0
5324,1330.75,45.89222717285156,47.521751403808594,130.36151123046875,108.30018615722656,110.38514709472656,0.0005836808122694492,0.05707644298672676,21.01346778869629,0.720646858215332,-0.1697501689195633,0.0,0.0
5325,1331,45.83101272583008,48.050262451171875,131.6331329345703,108.31649780273438,111.03700256347656,0.0005706215160898864,0.057081494480371475,21.013486862182617,0.720646858215332,-0.22082406282424927,0.0,0.0
5326,1331.25,45.9253044128418,47.612579345703125,134.1427764892578,108.31208801269531,111.5545425415039,0.0005588681087829173,0.0570860430598259,21.013504028320312,0.720646858215332,-0.2625819146633148,0.0,0.0
5327,1331.5,45.533485412597656,47.852508544921875,126.66649627685547,108.31120300292969,111.36935424804688,0.0005482900305651128,0.05709013715386391,21.013519287109375,0.720646858215332,-0.24786460399627686,0.0,0.0
5328,1331.75,45.47883987426758,47.67942428588867,129.0784454345703,108.3107681274414,111.4567642211914,0.0005387697601690888,0.057093821465969086,21.013532638549805,0.720646858215332,-0.25488412380218506,0.0,0.0
5329,1332,45.698028564453125,47.704185485839844,126.63978576660156,108.32927703857422,111.39552307128906,0.0005302015342749655,0.05709713697433472,21.013545989990234,0.720646858215332,-0.24847078323364258,0.0,0.0
5330,1332.25,45.87042236328125,47.58891677856445,128.1632843017578,108.32398986816406,110.97329711914062,0.0005224901251494884,0.057100120931863785,21.01355743408203,0.720646858215332,-0.21509942412376404,0.0,0.0
5331,1332.5,45.68368911743164,47.710628509521484,128.8731231689453,108.31649780273438,110.81280517578125,0.000515549851115793,0.057100120931863785,21.013566970825195,0.720646858215332,-0.20283113420009613,0.0,0.0
5332,1332.75,45.393733978271484,47.95742416381836,129.106689453125,108.31913757324219,111.00588989257812,0.0005056122317910194,0.05709555745124817,21.01358413696289,0.720646858215332,-0.21811242401599884,0.0,0.0
5333,1333,45.86068344116211,47.7421760559082,132.23687744140625,108.33059692382812,112.01725769042969,0.0005056122317910194,0.057091448456048965,21.01358413696289,0.720646858215332,-0.2979089915752411,0.0,0.0
5334,1333.25,45.92890167236328,47.70954132080078,132.65744018554688,108.32927703857422,111.26219177246094,0.0005022899713367224,0.05708775296807289,21.01375961303711,0.720646858215332,-0.2378091961145401,0.0,0.0
5335,1333.5,45.89853286743164,47.701419830322266,127.88545227050781,108.3283920288086,110.67650604248047,0.0004992999602109194,0.057084426283836365,21.013917922973633,0.720646858215332,-0.19089795649051666,0.0,0.0
5336,1333.75,45.86760330200195,47.645362854003906,126.71305847167969,108.32266235351562,111.8172607421875,0.000496608903631568,0.05706692859530449,21.01405906677246,0.720646858215332,-0.282652884721756,0.0,0.0
5337,1334,45.823394775390625,47.33447265625,130.9156494140625,108.35131072998047,112.07257080078125,0.0004883962101303041,0.05705118179321289,21.01418685913086,0.7106378078460693,-0.30060166120529175,0.0,0.0
5338,1334.25,45.668701171875,47.141387939453125,131.17822265625,108.353515625,111.7866439819336,0.0004810047976206988,0.05703700706362724,21.014301300048828,0.720646858215332,-0.2776798903942108,0.0,0.0
5339,1334.5,45.83712387084961,47.718631744384766,130.85763549804688,108.34249877929688,111.58861541748047,0.0004743525350932032,0.05702425166964531,21.014404296875,0.73065584897995,-0.26280155777931213,0.0,0.0
5340,1334.75,46.012229919433594,48.00450134277344,131.4362030029297,108.34910583496094,111.6636734008789,0.0004683654988184571,0.05701277032494545,21.014497756958008,0.73065584897995,-0.2682441771030426,0.0,0.0
5341,1335,45.92228698730469,47.71628952026367,126.23066711425781,108.36453247070312,112.05923461914062,0.0004546150448732078,0.057002436369657516,21.01458168029785,0.73065584897995,-0.2984560430049896,0.0,0.0
5342,1335.25,45.87933349609375,47.44069290161133,127.91368865966797,108.35704040527344,111.63750457763672,0.00044223963050171733,0.056993138045072556,21.01465606689453,0.7406647801399231,-0.2655060887336731,0.0,0.0
5343,1335.5,45.76335906982422,47.722049713134766,128.92274475097656,108.34999084472656,111.43601989746094,0.0004311017692089081,0.05702102929353714,21.014724731445312,0.750673770904541,-0.2500041127204895,0.0,0.0
5344,1335.75,46.006290435791016,47.70673370361328,129.67991638183594,108.3614501953125,111.14515686035156,0.0004210776824038476,0.05706872045993805,21.014785766601562,0.750673770904541,-0.22579693794250488,0.0,0.0
5345,1336,45.781455993652344,47.565223693847656,130.85382080078125,108.37467193603516,111.00045776367188,0.00041205601883120835,0.05706872045993805,21.014841079711914,0.750673770904541,-0.2131139487028122,0.0,0.0
5346,1336.25,45.859962463378906,47.79777526855469,126.817626953125,108.36673736572266,110.85724639892578,0.00039622109034098685,0.057089053094387054,21.014890670776367,0.750673770904541,-0.20227259397506714,0.0,0.0
5347,1336.5,45.626102447509766,47.744991302490234,128.29380798339844,108.36189270019531,111.70269012451172,0.00038196967216208577,0.0571073517203331,21.014934539794922,0.750673770904541,-0.2703038156032562,0.0,0.0
5348,1336.75,45.852413177490234,47.96498107910156,128.6403350830078,108.37202453613281,112.1194839477539,0.0003691433812491596,0.05713106691837311,21.01497459411621,0.73065584897995,-0.3026254177093506,0.0,0.0
5349,1337,45.96155548095703,47.699180603027344,127.28780364990234,108.38568878173828,111.43799591064453,0.0003575997252482921,0.057152412831783295,21.015010833740234,0.720646858215332,-0.24722959101200104,0.0,0.0
5350,1337.25,45.863128662109375,47.9268684387207,128.5105743408203,108.38304138183594,112.05084228515625,0.0003472104435786605,0.05717162415385246,21.015043258666992,0.73065584897995,-0.2962692081928253,0.0,0.0
5351,1337.5,46.1064338684082,47.95650863647461,132.35443115234375,108.37334442138672,112.65676879882812,0.0003308368322905153,0.057188913226127625,21.015071868896484,0.7406647801399231,-0.3450746536254883,0.0,0.0
5352,1337.75,46.13228988647461,47.83560562133789,131.39498901367188,108.3883285522461,111.53429412841797,0.0003161005734000355,0.0572044737637043,21.015010833740234,0.7406647801399231,-0.2547023296356201,0.0,0.0
5353,1338,45.78739547729492,47.831966400146484,128.4815673828125,108.39891052246094,111.58564758300781,0.00030283795786090195,0.05721847712993622,21.014957427978516,0.73065584897995,-0.2579308748245239,0.0,0.0
5354,1338.25,45.91952133178711,47.943199157714844,134.71676635742188,108.38921356201172,111.43601989746094,0.00029090160387568176,0.057231079787015915,21.014907836914062,0.73065584897995,-0.24678224325180054,0.0,0.0
5355,1338.5,45.704898834228516,48.10810852050781,128.2258758544922,108.39097595214844,112.14762878417969,0.0002782312221825123,0.05724242329597473,21.014863967895508,0.73065584897995,-0.30330339074134827,0.0,0.0
5356,1338.75,46.304195404052734,47.915504455566406,128.06787109375,108.38656616210938,111.72342681884766,0.0002668278757482767,0.05724538490176201,21.014591217041016,0.7006288170814514,-0.2699297070503235,0.0,0.0
5357,1339,45.77571487426758,47.64696502685547,130.32411193847656,108.41609954833984,111.47256469726562,0.0002565648755989969,0.05724804848432541,21.014345169067383,0.7106378078460693,-0.24749307334423065,0.0,0.0
5358,1339.25,46.140533447265625,48.01274108886719,127.81904602050781,108.39891052246094,111.72096252441406,0.00024732816382311285,0.05725044757127762,21.014123916625977,0.7106378078460693,-0.2687194049358368,0.0,0.0
5359,1339.5,45.78359603881836,47.965972900390625,128.76168823242188,108.40111541748047,111.78515625,0.00023901512031443417,0.05725260451436043,21.013925552368164,0.7106378078460693,-0.2736518383026123,0.0,0.0
5360,1339.75,45.99350357055664,47.831817626953125,129.02349853515625,108.41741943359375,112.62714385986328,0.0002315333840670064,0.057254549115896225,21.01374626159668,0.7106378078460693,-0.33911359310150146,0.0,0.0
5361,1340,45.90316390991211,47.66455841064453,129.4135284423828,108.41653442382812,111.88343048095703,0.0002299408079124987,0.05724862962961197,21.013586044311523,0.720646858215332,-0.28020820021629333,0.0,0.0
5362,1340.25,46.1711540222168,47.82109069824219,130.1836700439453,108.41168975830078,111.35355377197266,0.00022850748791825026,0.05724330246448517,21.01344108581543,0.7106378078460693,-0.23834599554538727,0.0,0.0
5363,1340.5,46.18307876586914,47.46999740600586,126.328369140625,108.41080474853516,111.17231750488281,0.00022721750428900123,0.05723850801587105,21.0133113861084,0.720646858215332,-0.22391846776008606,0.0,0.0
5364,1340.75,45.47445297241211,47.70912551879883,127.19850158691406,108.41962432861328,111.59207153320312,0.00022605650883633643,0.05723419412970543,21.013193130493164,0.7106378078460693,-0.2567424178123474,0.0,0.0
5365,1341,46.181758880615234,47.90130615234375,128.27395629882812,108.42182922363281,111.75108337402344,0.00023336797312367707,0.05723031237721443,21.01308822631836,0.7006288170814514,-0.2692372798919678,0.0,0.0
5366,1341.25,45.867950439453125,47.91534423828125,127.90682220458984,108.42755889892578,112.03207397460938,0.00023994829098228365,0.05724132061004639,21.01299285888672,0.7006288170814514,-0.2911219298839569,0.0,0.0
5367,1341.5,45.90117263793945,47.88187789916992,134.36871337890625,108.42359161376953,111.4024429321289,0.0002458705857861787,0.057251229882240295,21.012907028198242,0.7106378078460693,-0.24127641320228577,0.0,0.0
5368,1341.75,45.75604248046875,47.846519470214844,126.36195373535156,108.44783020019531,111.97232055664062,0.00025120063219219446,0.05726014822721481,21.01283073425293,0.720646858215332,-0.284708708524704,0.0,0.0
5369,1342,46.170230865478516,47.98908615112305,128.3708953857422,108.44254302978516,111.51058959960938,0.00026886124396696687,0.0572681725025177,21.01276206970215,0.720646858215332,-0.24835839867591858,0.0,0.0
5370,1342.25,46.02092361450195,48.1258659362793,127.9083480834961,108.43328857421875,112.17578125,0.0002847558062057942,0.05727539584040642,21.012699127197266,0.720646858215332,-0.30206331610679626,0.0,0.0
5371,1342.5,45.49557113647461,48.07539749145508,126.49552154541016,108.4301986694336,112.08936309814453,0.0002990608918480575,0.05728914588689804,21.01264190673828,0.73065584897995,-0.29545629024505615,0.0,0.0
5372,1342.75,46.19974136352539,47.886680603027344,130.9438934326172,108.45179748535156,111.61429595947266,0.0003119354660157114,0.05730152130126953,21.012590408325195,0.7406647801399231,-0.25587356090545654,0.0,0.0
5373,1343,46.062896728515625,48.03445816040039,130.574462890625,108.45046997070312,112.27454376220703,0.00033703885856084526,0.05731265991926193,21.012544631958008,0.73065584897995,-0.30848684906959534,0.0,0.0
5374,1343.25,46.121986389160156,47.89802551269531,131.7621307373047,108.45796203613281,111.15848541259766,0.000359631929313764,0.05732268467545509,21.01250457763672,0.720646858215332,-0.21893954277038574,0.0,0.0
5375,1343.5,46.13169860839844,47.44681930541992,129.57763671875,108.44915008544922,111.8626937866211,0.0003799656988121569,0.057338960468769073,21.012468338012695,0.7106378078460693,-0.27588072419166565,0.0,0.0
5376,1343.75,46.38130187988281,48.143619537353516,128.6746826171875,108.45928955078125,112.05577850341797,0.00039826607098802924,0.057353608310222626,21.012435913085938,0.7006288170814514,-0.29040101170539856,0.0,0.0
5377,1344,45.930442810058594,47.89632797241211,128.1777801513672,108.46016693115234,112.23553466796875,0.0004147364234086126,0.05736679211258888,21.012405395507812,0.7106378078460693,-0.3045974671840668,0.0,0.0
5378,1344.25,45.67510223388672,47.61025619506836,127.9083480834961,108.45179748535156,111.59404754638672,0.0004398641176521778,0.057378657162189484,21.012378692626953,0.7106378078460693,-0.2542589604854584,0.0,0.0
5379,1344.5,45.382423400878906,47.802364349365234,131.250732421875,108.45223236083984,112.07948303222656,0.00046247904538176954,0.057389333844184875,21.012353897094727,0.7106378078460693,-0.29286274313926697,0.0,0.0
5380,1344.75,46.301029205322266,47.59819793701172,130.13330078125,108.49146270751953,111.36787414550781,0.00048283245996572077,0.05739894509315491,21.012332916259766,0.720646858215332,-0.2329428791999817,0.0,0.0
5381,1345,45.97164535522461,47.755184173583984,133.7420654296875,108.47691345214844,111.31157684326172,0.0005011505563743412,0.057407595217227936,21.012313842773438,0.7406647801399231,-0.22963570058345795,0.0,0.0
5382,1345.25,46.110130310058594,47.8505744934082,127.96940612792969,108.4747085571289,111.68589782714844,0.0005247241351753473,0.05741538107395172,21.012296676635742,0.73065584897995,-0.2597023844718933,0.0,0.0
5383,1345.5,45.832950592041016,48.05678176879883,130.4004364013672,108.47559356689453,111.32342529296875,0.0005459403619170189,0.05742238834500313,21.01228141784668,0.720646858215332,-0.23069149255752563,0.0,0.0
5384,1345.75,46.02246856689453,47.52885437011719,128.17930603027344,108.48440551757812,111.75750732421875,0.0005650349776260555,0.057443201541900635,21.012266159057617,0.7006288170814514,-0.2646123170852661,0.0,0.0
5385,1346,45.966915130615234,47.94597625732422,129.99285888671875,108.49278259277344,111.06120300292969,0.0005822200910188258,0.0574619323015213,21.012252807617188,0.7006288170814514,-0.20828770101070404,0.0,0.0
5386,1346.25,46.09978485107422,47.775047302246094,128.70443725585938,108.48088073730469,110.90219116210938,0.0005976866814307868,0.05747878924012184,21.01224136352539,0.7106378078460693,-0.19650940597057343,0.0,0.0
5387,1346.5,45.5376091003418,48.24919509887695,135.19686889648438,108.49189758300781,111.59107971191406,0.0006077403668314219,0.05749396234750748,21.012229919433594,0.7006288170814514,-0.2507310211658478,0.0,0.0
5388,1346.75,46.1715087890625,47.92662048339844,128.4380645751953,108.50027465820312,112.99109649658203,0.0006167886895127594,0.05752212181687355,21.01222038269043,0.7006288170814514,-0.3610333204269409,0.0,0.0
5389,1347,45.87929916381836,47.83335876464844,132.98260498046875,108.49630737304688,111.43898010253906,0.0006249321741051972,0.05754746496677399,21.0122127532959,0.7106378078460693,-0.23822718858718872,0.0,0.0
5390,1347.25,45.58012771606445,47.549442291259766,131.62779235839844,108.49498748779297,111.94911193847656,0.0006322613335214555,0.05757027491927147,21.012205123901367,0.7106378078460693,-0.2789932191371918,0.0,0.0
5391,1347.5,45.71915054321289,47.8245735168457,129.74937438964844,108.50335693359375,112.33331298828125,0.0006388575420714915,0.057590801268815994,21.012197494506836,0.720646858215332,-0.3088054656982422,0.0,0.0
5392,1347.75,46.105865478515625,47.80180740356445,129.86996459960938,108.51261138916016,111.20589447021484,0.0006370639894157648,0.05761653184890747,21.012191772460938,0.7106378078460693,-0.2182510942220688,0.0,0.0
5393,1348,45.966670989990234,47.8924674987793,130.26075744628906,108.50952911376953,111.8197250366211,0.0006354497745633125,0.05763968825340271,21.01218605041504,0.73065584897995,-0.2675054371356964,0.0,0.0
5394,1348.25,46.37823486328125,47.854576110839844,128.22740173339844,108.51040649414062,111.6434326171875,0.0006339969695545733,0.057660527527332306,21.01218032836914,0.720646858215332,-0.2533876299858093,0.0,0.0
5395,1348.5,45.778804779052734,48.017520904541016,125.61775970458984,108.5139389038086,110.9940414428711,0.0006326894508674741,0.05767928436398506,21.012176513671875,0.73065584897995,-0.20116697251796722,0.0,0.0
5396,1348.75,46.105064392089844,47.83366012573242,133.8702850341797,108.52098846435547,111.19750213623047,0.0006224983371794224,0.05769616365432739,21.01217269897461,0.73065584897995,-0.21689176559448242,0.0,0.0
5397,1349,46.09307861328125,48.12983322143555,132.90245056152344,108.51217651367188,111.24491119384766,0.0006133263232186437,0.057689595967531204,21.012168884277344,0.720646858215332,-0.22140935063362122,0.0,0.0
5398,1349.25,46.03432846069336,48.185211181640625,127.35420989990234,108.52275085449219,111.08243560791016,0.0006050714873708785,0.057683687657117844,21.012165069580078,0.73065584897995,-0.20753055810928345,0.0,0.0
5399,1349.5,46.35319519042969,47.528831481933594,133.3917236328125,108.52803802490234,111.09132385253906,0.000597642152570188,0.05767836794257164,21.012161254882812,0.73065584897995,-0.2078092098236084,0.0,0.0
5400,1349.75,45.93141174316406,47.934329986572266,132.33152770996094,108.54478454589844,110.67552185058594,0.0005813019233755767,0.057673580944538116,21.01215934753418,0.720646858215332,-0.17305408418178558,0.0,0.0
5401,1350,46.077083587646484,48.088680267333984,128.8639678955078,108.53641510009766,111.85972595214844,0.0005665956996381283,0.057669274508953094,21.012157440185547,0.720646858215332,-0.2684842646121979,0.0,0.0
5402,1350.25,46.48105239868164,47.68178176879883,129.27308654785156,108.541259765625,112.04886627197266,0.0005533600924536586,0.057650890201330185,21.012155532836914,0.720646858215332,-0.2831261157989502,0.0,0.0
5403,1350.5,46.03651809692383,48.23334503173828,132.2353515625,108.54081726074219,112.3081283569336,0.0005414480692707002,0.057634346187114716,21.01215362548828,0.720646858215332,-0.3037365674972534,0.0,0.0
5404,1350.75,46.305660247802734,48.05473327636719,132.1658935546875,108.56462097167969,112.2933120727539,0.0005236510769464076,0.05761945620179176,21.01215171813965,0.720646858215332,-0.30060991644859314,0.0,0.0
5405,1351,46.10943603515625,47.83654022216797,128.29380798339844,108.54566955566406,111.74417114257812,0.0005076337838545442,0.057606056332588196,21.012149810791016,0.720646858215332,-0.2585240602493286,0.0,0.0
5406,1351.25,46.37537384033203,47.949527740478516,131.33621215820312,108.54830932617188,111.67355346679688,0.0004932182491756976,0.057593993842601776,21.012147903442383,0.720646858215332,-0.2526801526546478,0.0,0.0
5407,1351.5,46.116355895996094,48.148624420166016,131.04312133789062,108.55227661132812,111.81133270263672,0.00048024425632320344,0.05760490149259567,21.01214599609375,0.720646858215332,-0.2633311450481415,0.0,0.0
5408,1351.75,46.236759185791016,47.73111343383789,128.538818359375,108.57960510253906,111.07107543945312,0.00046470927190966904,0.05761471763253212,21.012144088745117,0.720646858215332,-0.20195776224136353,0.0,0.0
5409,1352,46.2847785949707,47.70796203613281,127.54655456542969,108.58048248291016,112.36145782470703,0.00045072779175825417,0.05762355029582977,21.012144088745117,0.720646858215332,-0.3047100305557251,0.0,0.0
5410,1352.25,46.06863021850586,48.118743896484375,129.9020233154297,108.58136749267578,112.25331115722656,0.0004381444596219808,0.05763150006532669,21.012144088745117,0.73065584897995,-0.29606515169143677,0.0,0.0
5411,1352.5,45.97908401489258,47.85749053955078,128.96319580078125,108.56373596191406,112.63948822021484,0.00042681946069933474,0.057638656347990036,21.012144088745117,0.720646858215332,-0.32808369398117065,0.0,0.0
5412,1352.75,46.34589767456055,47.79269790649414,129.4822235107422,108.58092498779297,111.85774993896484,0.0004166269500274211,0.05764509737491608,21.012144088745117,0.720646858215332,-0.2646768391132355,0.0,0.0
5413,1353,45.704837799072266,48.46061325073242,131.10418701171875,108.5738754272461,112.1668930053711,0.00040745368460193276,0.05765089392662048,21.012144088745117,0.7106378078460693,-0.2898237705230713,0.0,0.0
5414,1353.25,46.345272064208984,47.98319625854492,126.02305603027344,108.57740020751953,111.51404571533203,0.00040627247653901577,0.05764160305261612,21.012144088745117,0.7106378078460693,-0.23757050931453705,0.0,0.0
5415,1353.5,45.747169494628906,48.1414680480957,129.8447723388672,108.58180236816406,111.34367370605469,0.00040520940092392266,0.05763323977589607,21.012144088745117,0.7106378078460693,-0.22359906136989594,0.0,0.0
5416,1353.75,46.13467025756836,47.883941650390625,126.1115951538086,108.60560607910156,112.41380310058594,0.00040425261249765754,0.05762571468949318,21.012144088745117,0.7106378078460693,-0.30679675936698914,0.0,0.0
5417,1354,45.97529983520508,48.11296081542969,131.38888549804688,108.58576965332031,111.51651763916016,0.00040339151746593416,0.057618942111730576,21.012144088745117,0.7106378078460693,-0.23708167672157288,0.0,0.0
5418,1354.25,46.46036911010742,47.57220458984375,131.99415588378906,108.58797454833984,112.1456527709961,0.00041098109795711935,0.057591088116168976,21.012144088745117,0.7006288170814514,-0.28698205947875977,0.0,0.0
5419,1354.5,46.20405960083008,47.95920181274414,131.61404418945312,108.6078109741211,111.95997619628906,0.00041781170875765383,0.057566020637750626,21.012144088745117,0.7106378078460693,-0.2706046402454376,0.0,0.0
5420,1354.75,46.155235290527344,47.82890319824219,132.91696166992188,108.6100082397461,111.3179931640625,0.00042395928176119924,0.05754346027970314,21.012144088745117,0.7006288170814514,-0.2192331999540329,0.0,0.0
5421,1355,46.324607849121094,47.56989288330078,127.89994812011719,108.60868835449219,111.6310806274414,0.00042949209455400705,0.057523153722286224,21.012144088745117,0.7006288170814514,-0.244343563914299,0.0,0.0
5422,1355.25,46.11517333984375,48.209651947021484,128.0968780517578,108.609130859375,111.00836181640625,0.0004344716144260019,0.05750487744808197,21.012144088745117,0.7106378078460693,-0.1945096254348755,0.0,0.0
5423,1355.5,46.40472412109375,47.795188903808594,133.57566833496094,108.6025161743164,111.62071228027344,0.0004389531968627125,0.05749567970633507,21.012144088745117,0.720646858215332,-0.2440229058265686,0.0,0.0
5424,1355.75,45.87714767456055,48.121578216552734,126.7939682006836,108.62235260009766,112.11898803710938,0.00045650615356862545,0.057487402111291885,21.012144088745117,0.73065584897995,-0.2820471525192261,0.0,0.0
5425,1356,45.87123489379883,48.164588928222656,130.17604064941406,108.61750030517578,112.09528350830078,0.0004723038000520319,0.05747995153069496,21.012195587158203,0.73065584897995,-0.28056249022483826,0.0,0.0
5426,1356.25,46.37273025512695,47.908424377441406,131.00267028808594,108.6100082397461,112.110595703125,0.0004865216906182468,0.05747324600815773,21.01224136352539,0.7406647801399231,-0.2823927104473114,0.0,0.0
5427,1356.5,46.466644287109375,47.827392578125,128.40066528320312,108.61530303955078,111.65380096435547,0.0004993177717551589,0.05746721103787422,21.012283325195312,0.720646858215332,-0.24561327695846558,0.0,0.0
5428,1356.75,46.187782287597656,48.0125732421875,129.2303466796875,108.62455749511719,111.87503814697266,0.0005127664771862328,0.057476285845041275,21.012319564819336,0.6906198859214783,-0.2624764144420624,0.0,0.0
5429,1357,46.09718704223633,47.92209243774414,130.45921325683594,108.62411499023438,111.6305923461914,0.000524870294611901,0.0574844554066658,21.012351989746094,0.7006288170814514,-0.24304023385047913,0.0,0.0
5430,1357.25,45.97705841064453,48.13689041137695,129.50665283203125,108.62367248535156,111.69676208496094,0.0005357637419365346,0.057491809129714966,21.01238250732422,0.7006288170814514,-0.2483518421649933,0.0,0.0
5431,1357.5,46.1931266784668,48.09938430786133,131.9979705810547,108.63601684570312,111.43058776855469,0.0005455678328871727,0.057498425245285034,21.012409210205078,0.720646858215332,-0.22610117495059967,0.0,0.0
5432,1357.75,46.56868362426758,48.09822463989258,130.218017578125,108.65055847167969,111.43997192382812,0.0005543915322050452,0.057504381984472275,21.012434005737305,0.720646858215332,-0.22565926611423492,0.0,0.0
5433,1358,46.28893280029297,47.875091552734375,131.78883361816406,108.6364517211914,111.86861419677734,0.0005623328615911305,0.05750974267721176,21.012454986572266,0.750673770904541,-0.26099011301994324,0.0,0.0
5434,1358.25,45.99332809448242,48.20354461669922,130.96144104003906,108.63557434082031,112.04886627197266,0.0005758762708865106,0.05751456692814827,21.012474060058594,0.73065584897995,-0.27539417147636414,0.0,0.0
5435,1358.5,46.289058685302734,47.94186782836914,124.54230499267578,108.63557434082031,111.8083724975586,0.0005880653625354171,0.05751165375113487,21.01249122619629,0.73065584897995,-0.2562672793865204,0.0,0.0
5436,1358.75,46.72574996948242,47.52472686767578,127.47938537597656,108.64482879638672,111.71701049804688,0.0005990355275571346,0.057509031146764755,21.01250648498535,0.73065584897995,-0.24823181331157684,0.0,0.0
5437,1359,46.11241912841797,47.958045959472656,130.49127197265625,108.64218139648438,111.99552917480469,0.000608908711001277,0.05750667303800583,21.012521743774414,0.73065584897995,-0.27061450481414795,0.0,0.0
5438,1359.25,45.94083023071289,48.14225387573242,127.10308837890625,108.64086151123047,112.07109069824219,0.0006216607871465385,0.057504549622535706,21.012535095214844,0.73065584897995,-0.2767269015312195,0.0,0.0
5439,1359.5,46.07756423950195,47.88916778564453,126.85121154785156,108.66686248779297,112.26219940185547,0.0006331376498565078,0.05748813599348068,21.01263427734375,0.73065584897995,-0.28976351022720337,0.0,0.0
5440,1359.75,46.13821792602539,48.062339782714844,132.639892578125,108.66246032714844,111.45330810546875,0.0006434668321162462,0.05747336149215698,21.01272201538086,0.7106378078460693,-0.22574961185455322,0.0,0.0
5441,1360,46.202728271484375,48.27633285522461,130.5218048095703,108.65805053710938,111.60639190673828,0.0006527631194330752,0.05746006593108177,21.012802124023438,0.7106378078460693,-0.23832964897155762,0.0,0.0
5442,1360.25,45.8399772644043,47.786720275878906,126.39095306396484,108.64923858642578,111.50713348388672,0.0006611297721974552,0.05744810029864311,21.012874603271484,0.7006288170814514,-0.2311309278011322,0.0,0.0
5443,1360.5,46.59141159057617,47.64681625366211,127.63814544677734,108.68140411376953,111.48095703125,0.000668659748043865,0.05743733048439026,21.012939453125,0.7006288170814514,-0.22640597820281982,0.0,0.0
5444,1360.75,46.26344680786133,47.85112380981445,131.6483917236328,108.67655944824219,111.55750274658203,0.0006722150719724596,0.057435303926467896,21.012996673583984,0.6906198859214783,-0.23291291296482086,0.0,0.0
5445,1361,45.915122985839844,47.94914245605469,129.57839965820312,108.6598129272461,112.47257232666016,0.0006754148635081947,0.05743347853422165,21.01304817199707,0.7106378078460693,-0.30700770020484924,0.0,0.0
5446,1361.25,45.95272445678711,48.038551330566406,127.25650787353516,108.6681900024414,112.88739013671875,0.0006782946875318885,0.05743183568120003,21.01309585571289,0.7106378078460693,-0.3390926718711853,0.0,0.0
5447,1361.5,45.95981979370117,48.118194580078125,128.83572387695312,108.67171478271484,112.64244842529297,0.0006808865000493824,0.05743035674095154,21.013137817382812,0.720646858215332,-0.3194677531719208,0.0,0.0
5448,1361.75,46.23468780517578,48.25938034057617,129.6180877685547,108.67214965820312,110.90416717529297,0.0006799976108595729,0.0574435330927372,21.01317596435547,0.7006288170814514,-0.18098625540733337,0.0,0.0
5449,1362,46.248931884765625,48.273555755615234,130.483642578125,108.6690673828125,111.3179931640625,0.0006791976047679782,0.0574553944170475,21.01321029663086,0.7106378078460693,-0.21439388394355774,0.0,0.0
5450,1362.25,45.98535919189453,47.76742172241211,131.76976013183594,108.66950988769531,112.06664276123047,0.0006784776342101395,0.057466067373752594,21.013240814208984,0.7106378078460693,-0.274026095867157,0.0,0.0
5451,1362.5,45.97482681274414,48.140567779541016,125.20177459716797,108.677001953125,112.26417541503906,0.0006778296665288508,0.05747567489743233,21.013269424438477,0.7106378078460693,-0.2890898287296295,0.0,0.0
5452,1362.75,45.98014831542969,47.99626159667969,128.9990692138672,108.68669891357422,111.67503356933594,0.0006727375439368188,0.05748432129621506,21.013294219970703,0.720646858215332,-0.24145632982254028,0.0,0.0
5453,1363,45.923885345458984,48.05863571166992,130.80421447753906,108.6677474975586,111.5436782836914,0.0006681546801701188,0.057477593421936035,21.013317108154297,0.720646858215332,-0.23253166675567627,0.0,0.0
5454,1363.25,46.12626266479492,47.97482681274414,128.13961791992188,108.68140411376953,111.7742919921875,0.0006640300853177905,0.057471539825201035,21.013338088989258,0.720646858215332,-0.2497989386320114,0.0,0.0
5455,1363.5,46.150794982910156,47.78145980834961,129.04562377929688,108.68052673339844,111.198486328125,0.0006545218056999147,0.057466089725494385,21.013355255126953,0.73065584897995,-0.20389297604560852,0.0,0.0
5456,1363.75,45.89699935913086,48.126522064208984,130.71566772460938,108.70211791992188,111.90713500976562,0.0006545218056999147,0.05746118724346161,21.013355255126953,0.73065584897995,-0.2586759030818939,0.0,0.0
5457,1364,46.32132339477539,48.09107208251953,127.03668975830078,108.69286346435547,111.92491149902344,0.0006459643482230604,0.05745677277445793,21.01337242126465,0.7406647801399231,-0.2608480453491211,0.0,0.0
5458,1364.25,46.326839447021484,47.64474105834961,129.52191162109375,108.68008422851562,111.5550308227539,0.0006313310586847365,0.057431045919656754,21.01340103149414,0.7406647801399231,-0.23242707550525665,0.0,0.0
5459,1364.5,45.74112319946289,47.68796920776367,129.80661010742188,108.69286346435547,111.88392639160156,0.0006250926526263356,0.05740789324045181,21.013412475585938,0.7406647801399231,-0.2575873136520386,0.0,0.0
5460,1364.75,45.96969223022461,47.978424072265625,131.21714782714844,108.69551086425781,111.58021545410156,0.0006250926526263356,0.05738705396652222,21.013412475585938,0.7406647801399231,-0.23317326605319977,0.0,0.0
5461,1365,45.844642639160156,48.25201416015625,127.80072784423828,108.69727325439453,111.94515991210938,0.0006162588833831251,0.05736830085515976,21.013423919677734,0.7406647801399231,-0.26209717988967896,0.0,0.0
5462,1365.25,46.05445098876953,47.913455963134766,132.1284942626953,108.69242858886719,112.33528900146484,0.0006083084736019373,0.05732966586947441,21.0134334564209,0.7406647801399231,-0.29346323013305664,0.0,0.0
5463,1365.5,46.40337371826172,47.740440368652344,128.87693786621094,108.70520782470703,111.55997467041016,0.0006011531222611666,0.05729489400982857,21.01344108581543,0.73065584897995,-0.23076391220092773,0.0,0.0
5464,1365.75,46.05140686035156,47.93559265136719,132.71316528320312,108.70388793945312,111.34515380859375,0.0005947132594883442,0.05726360157132149,21.01344871520996,0.73065584897995,-0.2137133926153183,0.0,0.0
5465,1366,46.35317611694336,47.87251281738281,130.5996551513672,108.69903564453125,111.44935607910156,0.0005889174062758684,0.057235438376665115,21.013456344604492,0.720646858215332,-0.2224380373954773,0.0,0.0
5466,1366.25,46.08552169799805,48.21701431274414,131.23240661621094,108.70784759521484,112.42269897460938,0.000583701126743108,0.05721734091639519,21.01346206665039,0.720646858215332,-0.29912489652633667,0.0,0.0
5467,1366.5,45.933349609375,47.8458366394043,128.28387451171875,108.71049499511719,111.87256622314453,0.0005790065042674541,0.05720105394721031,21.01346778869629,0.720646858215332,-0.2552396059036255,0.0,0.0
5468,1366.75,46.10889434814453,47.97817611694336,131.5606231689453,108.70697021484375,111.64787292480469,0.0005747813265770674,0.05720105394721031,21.013473510742188,0.7006288170814514,-0.23763099312782288,0.0,0.0
5469,1367,46.2218017578125,48.21088790893555,131.3140869140625,108.69771575927734,111.42219543457031,0.0005709786782972515,0.057186394929885864,21.013477325439453,0.7106378078460693,-0.2203764170408249,0.0,0.0
5470,1367.25,46.77574920654297,48.448665618896484,130.65919494628906,108.70873260498047,111.3807144165039,0.0005675563006661832,0.05715407803654671,21.01348114013672,0.720646858215332,-0.21615944802761078,0.0,0.0
5471,1367.5,46.12020492553711,48.267906188964844,128.9586181640625,108.7118148803711,111.14070892333984,0.0005689833196811378,0.05713686719536781,21.013484954833984,0.720646858215332,-0.19670416414737701,0.0,0.0
5472,1367.75,46.274410247802734,48.26789093017578,131.22630310058594,108.72195434570312,111.7303466796875,0.0005714235012419522,0.05713686719536781,21.013492584228516,0.720646858215332,-0.24297699332237244,0.0,0.0
5473,1368,45.84661102294922,47.82294845581055,129.662353515625,108.71314239501953,112.58714294433594,0.0005714235012419522,0.05712137743830681,21.013492584228516,0.720646858215332,-0.311703085899353,0.0,0.0
5474,1368.25,46.850914001464844,48.55482864379883,127.5297622680664,108.72283172607422,111.6893539428711,0.0005724637885577977,0.057107437402009964,21.01349449157715,0.7106378078460693,-0.23963883519172668,0.0,0.0
5475,1368.5,46.138851165771484,47.931114196777344,129.49595642089844,108.72283172607422,111.83454132080078,0.0005734000587835908,0.057094890624284744,21.01349639892578,0.720646858215332,-0.25120311975479126,0.0,0.0
5476,1368.75,46.21308135986328,48.13410186767578,132.51242065429688,108.72592163085938,110.95008850097656,0.0005807288689538836,0.057083599269390106,21.013498306274414,0.7106378078460693,-0.18026769161224365,0.0,0.0
5477,1369,46.56084060668945,47.90074920654297,129.0028839111328,108.71269989013672,111.6745376586914,0.000587324786465615,0.0570734366774559,21.013500213623047,0.720646858215332,-0.23928725719451904,0.0,0.0
5478,1369.25,45.68168258666992,47.78123092651367,131.594970703125,108.73870086669922,111.70318603515625,0.000593261094763875,0.05706428736448288,21.01350212097168,0.73065584897995,-0.23944206535816193,0.0,0.0
5479,1369.5,46.12544250488281,48.16952133178711,128.0877227783203,108.75544738769531,111.36392211914062,0.0005986038013361394,0.05705605447292328,21.013504028320312,0.73065584897995,-0.21099254488945007,0.0,0.0
5480,1369.75,45.670082092285156,47.86890411376953,126.08259582519531,108.7356185913086,111.65132904052734,0.0006098545854911208,0.05704139545559883,21.013505935668945,0.73065584897995,-0.23556040227413177,0.0,0.0
5481,1370,45.9547233581543,47.66423416137695,131.33316040039062,108.7303237915039,112.97628021240234,0.0006199802737683058,0.05702820047736168,21.01342010498047,0.73065584897995,-0.34101107716560364,0.0,0.0
5482,1370.25,46.022483825683594,48.12004089355469,130.88816833496094,108.73605346679688,112.284423828125,0.0006290933815762401,0.05701632425189018,21.013343811035156,0.720646858215332,-0.28585928678512573,0.0,0.0
5483,1370.5,46.361515045166016,48.0660400390625,133.07418823242188,108.74530792236328,111.77824401855469,0.0006372951902449131,0.057005636394023895,21.013275146484375,0.73065584897995,-0.2448807805776596,0.0,0.0
5484,1370.75,46.054325103759766,48.03771209716797,131.42933654785156,108.74222564697266,111.54466247558594,0.0006498321308754385,0.05698736011981964,21.013212203979492,0.7406647801399231,-0.22651101648807526,0.0,0.0
5485,1371,46.47145080566406,48.19511413574219,131.90867614746094,108.7382583618164,111.9496078491211,0.0006611153366975486,0.05698736011981964,21.01315689086914,0.720646858215332,-0.25909489393234253,0.0,0.0
5486,1371.25,45.9273796081543,48.10215377807617,124.7949447631836,108.7461929321289,112.15849304199219,0.0006712702452205122,0.05697957053780556,21.013107299804688,0.720646858215332,-0.2750401198863983,0.0,0.0
5487,1371.5,46.191429138183594,47.92136001586914,132.22161865234375,108.77263641357422,111.50515747070312,0.0006804096628911793,0.05697255954146385,21.0130615234375,0.7106378078460693,-0.22086866199970245,0.0,0.0
5488,1371.75,46.057125091552734,47.8109130859375,129.28529357910156,108.76338195800781,110.91107940673828,0.0006905688205733895,0.05696624889969826,21.01302146911621,0.720646858215332,-0.17407071590423584,0.0,0.0
5489,1372,45.85917663574219,47.635467529296875,128.1022186279297,108.7528076171875,111.08045959472656,0.000699712079949677,0.0569605678319931,21.012985229492188,0.7106378078460693,-0.1885211318731308,0.0,0.0
5490,1372.25,46.214691162109375,47.8409423828125,131.15684509277344,108.74311065673828,111.08638763427734,0.0007079410133883357,0.056933291256427765,21.01295280456543,0.720646858215332,-0.18978996574878693,0.0,0.0
5491,1372.5,46.30623245239258,48.15450668334961,128.4441680908203,108.76249694824219,112.03108978271484,0.0007153470069169998,0.0569087415933609,21.012922286987305,0.720646858215332,-0.26358747482299805,0.0,0.0
5492,1372.75,45.80970764160156,47.9075927734375,131.17364501953125,108.7620620727539,111.51799774169922,0.0007265249732881784,0.05688664689660072,21.012895584106445,0.7006288170814514,-0.22275902330875397,0.0,0.0
5493,1373,46.183372497558594,48.188846588134766,125.96428680419922,108.75588989257812,111.937255859375,0.0007365851197391748,0.056866761296987534,21.013105392456055,0.7106378078460693,-0.25666922330856323,0.0,0.0
5494,1373.25,45.97604751586914,48.183292388916016,125.32542419433594,108.75897216796875,111.62762451171875,0.0007456392631866038,0.05684886500239372,21.013294219970703,0.73065584897995,-0.23175883293151855,0.0,0.0
5495,1373.5,46.04146957397461,48.016021728515625,131.78883361816406,108.76470184326172,111.42317962646484,0.0007537879864685237,0.05683276057243347,21.013463973999023,0.73065584897995,-0.21497058868408203,0.0,0.0
5496,1373.75,45.700931549072266,48.084842681884766,129.12806701660156,108.76602172851562,112.18565368652344,0.0007611218607053161,0.056818265467882156,21.01361656188965,0.73065584897995,-0.2755720615386963,0.0,0.0
5497,1374,46.198997497558594,48.088932037353516,130.54776000976562,108.762939453125,111.32342529296875,0.0007677223184145987,0.05680521950125694,21.01375389099121,0.73065584897995,-0.20714171230793,0.0,0.0
5498,1374.25,45.90309524536133,47.76675796508789,130.63552856445312,108.76029968261719,111.85330963134766,0.0007884972728788853,0.056800730526447296,21.013877868652344,0.73065584897995,-0.24962976574897766,0.0,0.0
5499,1374.5,46.16221618652344,48.098060607910156,130.0943603515625,108.77351379394531,111.31453704833984,0.0008071947377175093,0.056796688586473465,21.013988494873047,0.720646858215332,-0.20556525886058807,0.0,0.0
5500,1374.75,46.34339904785156,47.63459014892578,131.7804412841797,108.76029968261719,111.51849365234375,0.0008240224560722709,0.056793052703142166,21.014087677001953,0.720646858215332,-0.22294290363788605,0.0,0.0
5501,1375,45.94566345214844,47.914432525634766,132.7498016357422,108.75985717773438,111.95701599121094,0.0008391673909500241,0.05678977817296982,21.014177322387695,0.720646858215332,-0.25791555643081665,0.0,0.0
5502,1375.25,45.96174240112305,48.11273193359375,129.4791717529297,108.7536849975586,111.82910919189453,0.0008663522312417626,0.05680133029818535,21.014257431030273,0.73065584897995,-0.24824488162994385,0.0,0.0
5503,1375.5,46.129127502441406,48.262088775634766,130.1546630859375,108.7801284790039,111.48145294189453,0.0008663522312417626,0.056811727583408356,21.01432991027832,0.7406647801399231,-0.21836258471012115,0.0,0.0
5504,1375.75,46.16992950439453,47.883636474609375,129.8333282470703,108.76690673828125,112.10614776611328,0.0008908185991458595,0.05682108551263809,21.01432991027832,0.73065584897995,-0.26918861269950867,0.0,0.0
5505,1376,46.315338134765625,47.85252380371094,134.5152587890625,108.77704620361328,111.87059020996094,0.0009128383244387805,0.056829508394002914,21.014394760131836,0.720646858215332,-0.24963413178920746,0.0,0.0
5506,1376.25,46.380680084228516,48.034759521484375,130.2996826171875,108.77439880371094,112.56639862060547,0.0009436360560357571,0.056837089359760284,21.014453887939453,0.7106378078460693,-0.3050476908683777,0.0,0.0
5507,1376.5,45.59080505371094,48.000221252441406,131.40719604492188,108.78409576416016,112.1560287475586,0.000971354020293802,0.05684391036629677,21.014507293701172,0.7106378078460693,-0.2717418670654297,0.0,0.0
5508,1376.75,46.26529312133789,47.87667465209961,126.41004180908203,108.78277587890625,111.68096160888672,0.0009963002521544695,0.05684280022978783,21.014554977416992,0.720646858215332,-0.2340627908706665,0.0,0.0
5509,1377,46.17912673950195,47.928306579589844,133.7977752685547,108.77439880371094,110.56391143798828,0.0010187517618760467,0.05684180185198784,21.014598846435547,0.7406647801399231,-0.14526107907295227,0.0,0.0
5510,1377.25,45.71742630004883,48.47163391113281,128.0526123046875,108.77748107910156,112.2977523803711,0.0010396037250757217,0.05684090405702591,21.014636993408203,0.720646858215332,-0.28352490067481995,0.0,0.0
5511,1377.5,46.00239562988281,47.802242279052734,126.94356536865234,108.77880859375,113.23652648925781,0.0010583705734461546,0.05684009566903114,21.014671325683594,0.720646858215332,-0.3575252294540405,0.0,0.0
5512,1377.75,46.04402160644531,48.043758392333984,130.6759796142578,108.77484130859375,112.35256958007812,0.0010752606904134154,0.05683936923742294,21.01470184326172,0.7006288170814514,-0.2880857288837433,0.0,0.0
5513,1378,45.75620651245117,47.60527420043945,128.91433715820312,108.78277587890625,112.12935638427734,0.0010904617374762893,0.056838713586330414,21.01473045349121,0.7106378078460693,-0.269732803106308,0.0,0.0
5514,1378.25,46.23863983154297,47.761104583740234,130.62408447265625,108.77571868896484,112.46615600585938,0.0011041427496820688,0.05683812499046326,21.014755249023438,0.7006288170814514,-0.29700925946235657,0.0,0.0
5515,1378.5,45.97917556762695,47.977474212646484,131.6987762451172,108.78189086914062,112.63751220703125,0.0011164556490257382,0.05683812499046326,21.01477813720703,0.7006288170814514,-0.3100569248199463,0.0,0.0
5516,1378.75,45.944217681884766,48.05228042602539,127.88926696777344,108.78673553466797,112.32047271728516,0.0011275372235104442,0.056837595999240875,21.014799118041992,0.7106378078460693,-0.2845684587955475,0.0,0.0
5517,1379,46.11149215698242,48.037113189697266,127.62822723388672,108.78365325927734,112.37232208251953,0.0011375106405466795,0.05681536719202995,21.01481819152832,0.7006288170814514,-0.2889292240142822,0.0,0.0
5518,1379.25,45.87051773071289,47.88689041137695,133.05892944335938,108.79246520996094,112.01232147216797,0.0011148556368425488,0.05679536238312721,21.014835357666016,0.720646858215332,-0.2596433758735657,0.0,0.0
5519,1379.5,45.657691955566406,47.57352066040039,130.67445373535156,108.79952239990234,112.24244689941406,0.0010944660753011703,0.056777358055114746,21.014850616455078,0.720646858215332,-0.27733615040779114,0.0,0.0
5520,1379.75,45.816287994384766,47.92893981933594,130.5775146484375,108.78850555419922,111.82219696044922,0.0010761155281215906,0.05676115304231644,21.014863967895508,0.720646858215332,-0.24484477937221527,0.0,0.0
5521,1380,45.83735656738281,47.75004959106445,127.50151824951172,108.7981948852539,112.24738311767578,0.0010596000356599689,0.056753817945718765,21.014875411987305,0.720646858215332,-0.2778364419937134,0.0,0.0
5522,1380.25,46.24197769165039,48.22523498535156,131.4934539794922,108.7959976196289,112.50022888183594,0.0010202414123341441,0.05674721673130989,21.0148868560791,0.720646858215332,-0.29804614186286926,0.0,0.0
5523,1380.5,46.14558792114258,47.844539642333984,130.41189575195312,108.81494140625,111.86219787597656,0.0009848185582086444,0.056741274893283844,21.014896392822266,0.73065584897995,-0.2458658218383789,0.0,0.0
5524,1380.75,46.18301773071289,47.90111541748047,128.94105529785156,108.79731750488281,112.66862487792969,0.0009529380477033556,0.05673592910170555,21.01490592956543,0.73065584897995,-0.31125307083129883,0.0,0.0
5525,1381,46.238548278808594,47.895870208740234,135.40753173828125,108.79776000976562,111.81478881835938,0.0009242455707862973,0.05673111602663994,21.01491355895996,0.73065584897995,-0.24349774420261383,0.0,0.0
5526,1381.25,46.052833557128906,47.84225845336914,131.88272094726562,108.80877685546875,112.07750701904297,0.0008984223240986466,0.05672678351402283,21.014921188354492,0.720646858215332,-0.2634880244731903,0.0,0.0
5527,1381.5,46.2103385925293,47.86178207397461,129.74478149414062,108.80260467529297,112.16639709472656,0.0008494306239299476,0.05671563372015953,21.01492691040039,0.720646858215332,-0.27105045318603516,0.0,0.0
5528,1381.75,45.82801055908203,48.02956771850586,128.63192749023438,108.79952239990234,111.96441650390625,0.0008053381461650133,0.05670560151338577,21.014699935913086,0.7106378078460693,-0.25525814294815063,0.0,0.0
5529,1382,46.233890533447266,47.866004943847656,130.2371063232422,108.80877685546875,111.94466400146484,0.0007656548987142742,0.0566965714097023,21.014495849609375,0.720646858215332,-0.2529301643371582,0.0,0.0
5530,1382.25,46.26945114135742,47.75190734863281,132.04835510253906,108.80877685546875,111.6434326171875,0.0007299399585463107,0.05668844282627106,21.014310836791992,0.73065584897995,-0.22894370555877686,0.0,0.0
5531,1382.5,46.11392593383789,47.69878387451172,130.5653076171875,108.81714630126953,111.61577606201172,0.0006855773972347379,0.056681130081415176,21.014144897460938,0.720646858215332,-0.22605328261852264,0.0,0.0
5532,1382.75,46.30097961425781,48.10630416870117,128.88839721679688,108.81009674072266,111.69676208496094,0.000645651132799685,0.056674547493457794,21.013996124267578,0.720646858215332,-0.23308666050434113,0.0,0.0
5533,1383,46.25529479980469,47.60438919067383,130.51722717285156,108.81714630126953,111.76639556884766,0.0006097174482420087,0.05666862428188324,21.01386260986328,0.720646858215332,-0.23805823922157288,0.0,0.0
5534,1383.25,46.15107727050781,47.85886764526367,127.77019500732422,108.82552337646484,111.5762710571289,0.0005773771554231644,0.05666329339146614,21.013742446899414,0.7106378078460693,-0.2222166359424591,0.0,0.0
5535,1383.5,45.98015594482422,47.94599151611328,128.39837646484375,108.82596588134766,111.61775207519531,0.0005482708802446723,0.05665849521756172,21.013633728027344,0.720646858215332,-0.22548945248126984,0.0,0.0
5536,1383.75,46.22369384765625,47.710655212402344,129.2043914794922,108.81935119628906,112.07652282714844,0.0005143615999259055,0.056654177606105804,21.01353645324707,0.73065584897995,-0.262544721364975,0.0,0.0
5537,1384,46.17082595825195,47.99415588378906,131.2400360107422,108.82463836669922,111.62367248535156,0.0004838432651013136,0.0566430427134037,21.01344871520996,0.73065584897995,-0.22607015073299408,0.0,0.0
5538,1384.25,45.905357360839844,48.30086898803711,129.06776428222656,108.83257293701172,112.05084228515625,0.0004563767579384148,0.05663301795721054,21.013368606567383,0.7406647801399231,-0.25942322611808777,0.0,0.0
5539,1384.5,46.140499114990234,47.931270599365234,133.0474853515625,108.83036804199219,112.03849792480469,0.0004316569247748703,0.056623999029397964,21.013296127319336,0.7406647801399231,-0.2586229145526886,0.0,0.0
5540,1384.75,46.2215690612793,48.19886779785156,129.6936492919922,108.83522033691406,112.18960571289062,0.00040619622450321913,0.056615881621837616,21.01323127746582,0.720646858215332,-0.2702239453792572,0.0,0.0
5541,1385,46.225669860839844,47.71559143066406,129.0914306640625,108.82111358642578,112.02960205078125,0.00038328158552758396,0.05660857632756233,21.013174057006836,0.73065584897995,-0.25867319107055664,0.0,0.0
5542,1385.25,45.85539627075195,48.210906982421875,129.6974639892578,108.83565521240234,112.88591003417969,0.00036265840753912926,0.05661650002002716,21.01312255859375,0.720646858215332,-0.3252681791782379,0.0,0.0
5543,1385.5,46.12295150756836,47.93894577026367,130.4615020751953,108.8294906616211,113.30863189697266,0.00034409755608066916,0.05662363022565842,21.01307487487793,0.73065584897995,-0.3590454161167145,0.0,0.0
5544,1385.75,45.981422424316406,48.15907669067383,131.34461975097656,108.82860565185547,112.05775451660156,0.0003338193928357214,0.05663004890084267,21.013032913208008,0.73065584897995,-0.2602967619895935,0.0,0.0
5545,1386,46.35136032104492,47.61741638183594,127.77172088623047,108.82552337646484,112.19207763671875,0.00032456903136335313,0.05663582310080528,21.01299476623535,0.73065584897995,-0.27121344208717346,0.0,0.0
5546,1386.25,45.94631576538086,48.14474105834961,126.55963897705078,108.8321304321289,111.54466247558594,0.0003162437060382217,0.05663377046585083,21.01296043395996,0.720646858215332,-0.21915434300899506,0.0,0.0
5547,1386.5,46.129310607910156,47.51560592651367,131.21714782714844,108.82331848144531,111.97627258300781,0.0003087509248871356,0.05663192272186279,21.012929916381836,0.7106378078460693,-0.2542540729045868,0.0,0.0
5548,1386.75,45.801753997802734,47.97675704956055,129.99514770507812,108.82640075683594,112.63751220703125,0.00031679647509008646,0.05663026124238968,21.012901306152344,0.73065584897995,-0.3064150810241699,0.0,0.0
5549,1387,46.30278396606445,47.62074279785156,128.81512451171875,108.83565521240234,112.0044174194336,0.0003240374499000609,0.0566287636756897,21.01310920715332,0.7106378078460693,-0.2554820477962494,0.0,0.0
5550,1387.25,45.86372756958008,48.31705856323242,131.11639404296875,108.84623718261719,112.07257080078125,0.0003305543214082718,0.056620169430971146,21.013296127319336,0.720646858215332,-0.2600317895412445,0.0,0.0
5551,1387.5,46.39921951293945,47.81192398071289,124.872802734375,108.83389282226562,111.83404541015625,0.00033641952904872596,0.05661243200302124,21.013465881347656,0.720646858215332,-0.24207459390163422,0.0,0.0
5552,1387.75,45.878414154052734,48.28728103637695,132.43991088867188,108.83786010742188,111.78762817382812,0.0003416982071939856,0.056605469435453415,21.01361846923828,0.7006288170814514,-0.23805497586727142,0.0,0.0
5553,1388,45.95586395263672,48.06090545654297,127.22063446044922,108.84138488769531,111.13330078125,0.0003464490291662514,0.0565992034971714,21.013755798339844,0.7106378078460693,-0.18550728261470795,0.0,0.0
5554,1388.25,45.85698318481445,48.054073333740234,133.13601684570312,108.85063934326172,112.18417358398438,0.00036810108576901257,0.056608062237501144,21.013877868652344,0.720646858215332,-0.26853182911872864,0.0,0.0
5555,1388.5,45.57048797607422,47.98575973510742,132.53150939941406,108.84358978271484,112.81282043457031,0.00038758793380111456,0.05661603808403015,21.013988494873047,0.73065584897995,-0.3188534379005432,0.0,0.0
5556,1388.75,46.02091979980469,47.99556350708008,129.97911071777344,108.84226989746094,112.60491943359375,0.00040512607665732503,0.05662321299314499,21.014087677001953,0.73065584897995,-0.3025408685207367,0.0,0.0
5557,1389,45.99430465698242,48.237125396728516,132.0269775390625,108.84579467773438,112.3802261352539,0.0004209104226902127,0.05662967264652252,21.014177322387695,0.73065584897995,-0.2844715118408203,0.0,0.0
5558,1389.25,45.74592590332031,48.00099563598633,127.52289581298828,108.84490966796875,111.20787048339844,0.00043511632247827947,0.056628234684467316,21.014257431030273,0.720646858215332,-0.19119015336036682,0.0,0.0
5559,1389.5,45.57030487060547,48.12482452392578,130.3912811279297,108.84844207763672,111.53034210205078,0.000451765168691054,0.05662694200873375,21.01432991027832,0.720646858215332,-0.21667702496051788,0.0,0.0
5560,1389.75,45.92110824584961,47.805519104003906,131.25912475585938,108.85372924804688,111.9891128540039,0.00046674913028255105,0.05662577971816063,21.014394760131836,0.7106378078460693,-0.25278714299201965,0.0,0.0
5561,1390,45.804622650146484,48.077388763427734,134.3984832763672,108.84535217285156,112.11602783203125,0.00048023471026681364,0.05662473291158676,21.014453887939453,0.7106378078460693,-0.26355522871017456,0.0,0.0
5562,1390.25,46.04274368286133,48.14031219482422,129.40513610839844,108.85417175292969,112.35059356689453,0.000492371735163033,0.05662379041314125,21.014507293701172,0.720646858215332,-0.28143924474716187,0.0,0.0
5563,1390.5,46.133670806884766,47.80742263793945,131.0049591064453,108.8475570678711,111.52886199951172,0.0005000752862542868,0.05658669397234917,21.014554977416992,0.720646858215332,-0.21663135290145874,0.0,0.0
5564,1390.75,46.23124313354492,47.82041931152344,131.10418701171875,108.84931945800781,111.40194702148438,0.0005070084589533508,0.05655330792069435,21.014598846435547,0.720646858215332,-0.20635153353214264,0.0,0.0
5565,1391,46.377498626708984,47.978363037109375,130.6920166015625,108.85372924804688,110.81330108642578,0.0005132483202032745,0.05652325972914696,21.014636993408203,0.7106378078460693,-0.1588280349969864,0.0,0.0
5566,1391.25,45.926116943359375,47.96160888671875,128.14877319335938,108.85636901855469,112.62467193603516,0.0005188641953282058,0.05649621784687042,21.014671325683594,0.7106378078460693,-0.30294930934906006,0.0,0.0
5567,1391.5,46.07246017456055,48.255897521972656,131.80410766601562,108.8479995727539,111.42071533203125,0.000523918482940644,0.05647188052535057,21.01470184326172,0.7106378078460693,-0.2079591006040573,0.0,0.0
5568,1391.75,46.10918045043945,47.76665496826172,130.5431671142578,108.86166381835938,112.27997589111328,0.0005258917226456106,0.05644272640347481,21.01473045349121,0.720646858215332,-0.27522945404052734,0.0,0.0
5569,1392,46.21356964111328,48.091670989990234,129.03799438476562,108.84535217285156,112.68887329101562,0.0005276676383800805,0.05641648918390274,21.014755249023438,0.7106378078460693,-0.3089235723018646,0.0,0.0
5570,1392.25,45.71495056152344,47.56111526489258,128.3647918701172,108.86254119873047,112.87652587890625,0.0005292659625411034,0.05639287456870079,21.01477813720703,0.720646858215332,-0.32232925295829773,0.0,0.0
5571,1392.5,45.722164154052734,48.101722717285156,130.76376342773438,108.85372924804688,112.42318725585938,0.0005313485162332654,0.056371621787548065,21.014799118041992,0.720646858215332,-0.2872253358364105,0.0,0.0
5572,1392.75,46.01923370361328,48.2486686706543,131.51710510253906,108.8479995727539,113.05875396728516,0.000533222802914679,0.05635249242186546,21.01481819152832,0.73065584897995,-0.3378784656524658,0.0,0.0
5573,1393,46.132808685302734,48.430110931396484,126.03527069091797,108.8559341430664,112.52442169189453,0.0005349096609279513,0.056349776685237885,21.014835357666016,0.73065584897995,-0.2950575351715088,0.0,0.0
5574,1393.25,45.99357986450195,47.5815544128418,130.02566528320312,108.87444305419922,112.51948547363281,0.0005364278331398964,0.056347332894802094,21.014850616455078,0.720646858215332,-0.29315340518951416,0.0,0.0
5575,1393.5,46.28632736206055,47.73915100097656,134.73736572265625,108.85417175292969,111.97084045410156,0.0005390819860622287,0.056345134973526,21.014863967895508,0.720646858215332,-0.2512986361980438,0.0,0.0
5576,1393.75,45.87942123413086,48.25868225097656,127.54350280761719,108.8634262084961,112.59405517578125,0.0005414707120507956,0.05634315684437752,21.014875411987305,0.720646858215332,-0.2999518811702728,0.0,0.0
5577,1394,45.915016174316406,47.842411041259766,128.85633850097656,108.86650848388672,111.95948028564453,0.0005436206120066345,0.05634137615561485,21.0148868560791,0.7106378078460693,-0.24938638508319855,0.0,0.0
5578,1394.25,46.442237854003906,47.52149200439453,128.24037170410156,108.8568115234375,112.66862487792969,0.000545555492863059,0.05633252114057541,21.014896392822266,0.7106378078460693,-0.3063865303993225,0.0,0.0
5579,1394.5,45.8531379699707,47.71543884277344,131.30873107910156,108.86166381835938,111.7718276977539,0.0005472968914546072,0.056324552744627,21.01490592956543,0.7106378078460693,-0.23484942317008972,0.0,0.0
5580,1394.75,45.98497772216797,48.01594543457031,127.5328140258789,108.8656234741211,111.29774475097656,0.0005488641327247024,0.05631738156080246,21.01491355895996,0.73065584897995,-0.19668734073638916,0.0,0.0
5581,1395,45.87188720703125,48.125247955322266,130.628662109375,108.87311553955078,111.86713409423828,0.0005425499402917922,0.056310929358005524,21.014921188354492,0.73065584897995,-0.24150048196315765,0.0,0.0
5582,1395.25,45.99756622314453,47.8907356262207,131.12783813476562,108.86827087402344,111.81034088134766,0.0005368671263568103,0.05630512163043022,21.01492691040039,0.73065584897995,-0.23737649619579315,0.0,0.0
5583,1395.5,45.830379486083984,47.67044448852539,128.6265869140625,108.86871337890625,112.08145904541016,0.0005317525938153267,0.05629989504814148,21.01493263244629,0.7406647801399231,-0.25889986753463745,0.0,0.0
5584,1395.75,46.0780029296875,47.64218521118164,127.439697265625,108.86739349365234,112.01923370361328,0.0005271495319902897,0.05629519000649452,21.014938354492188,0.7406647801399231,-0.25406405329704285,0.0,0.0
5585,1396,45.67162322998047,48.240814208984375,129.53945922851562,108.86871337890625,111.22169494628906,0.0005271495319902897,0.05629095435142517,21.014942169189453,0.7406647801399231,-0.19034990668296814,0.0,0.0
5586,1396.25,45.80900192260742,48.00762176513672,130.15771484375,108.87091827392578,111.59454345703125,0.0005133551894687116,0.056308891624212265,21.014942169189453,0.720646858215332,-0.2199619561433792,0.0,0.0
5587,1396.5,45.79547882080078,47.99264144897461,129.885986328125,108.87223815917969,112.50121307373047,0.0005009403103031218,0.0563250333070755,21.01494598388672,0.73065584897995,-0.2918878495693207,0.0,0.0
5588,1396.75,45.80153274536133,47.97647476196289,133.18869018554688,108.8660659790039,111.806396484375,0.0004897668841294944,0.0563395619392395,21.014949798583984,0.7406647801399231,-0.2372424453496933,0.0,0.0
5589,1397,45.5117073059082,48.355201721191406,129.3349151611328,108.880615234375,112.58467102050781,0.00047971081221476197,0.0563526377081871,21.01495361328125,0.7406647801399231,-0.29780417680740356,0.0,0.0
5590,1397.25,46.08930206298828,47.8060302734375,129.44024658203125,108.87796783447266,111.76392364501953,0.0004629429604392499,0.056364405900239944,21.014957427978516,0.720646858215332,-0.23288676142692566,0.0,0.0
5591,1397.5,45.53974914550781,47.9832649230957,132.42312622070312,108.86739349365234,112.57627868652344,0.00044785189675167203,0.056367747485637665,21.01495933532715,0.720646858215332,-0.29822173714637756,0.0,0.0
5592,1397.75,45.951416015625,47.90981674194336,131.75143432617188,108.87488555908203,112.36837768554688,0.0004342699539847672,0.056370753794908524,21.01496124267578,0.720646858215332,-0.28115448355674744,0.0,0.0
5593,1398,45.888362884521484,48.132774353027344,132.19337463378906,108.90044403076172,111.96392822265625,0.00042204619967378676,0.05637345835566521,21.014963150024414,0.720646858215332,-0.24696554243564606,0.0,0.0
5594,1398.25,46.276939392089844,47.89861297607422,129.67303466796875,108.88325500488281,112.2281265258789,0.0004116877098567784,0.0563758946955204,21.014965057373047,0.7006288170814514,-0.26935216784477234,0.0,0.0
5595,1398.5,45.936397552490234,48.159976959228516,130.20428466796875,108.87841033935547,112.12096405029297,0.0004023650835733861,0.0563780851662159,21.01496696472168,0.7006288170814514,-0.26124364137649536,0.0,0.0
5596,1398.75,46.09454345703125,47.93125915527344,128.7784881591797,108.87488555908203,112.60195922851562,0.00039397471118718386,0.05635831132531166,21.014968872070312,0.7106378078460693,-0.29963967204093933,0.0,0.0
5597,1399,45.64440155029297,48.256431579589844,130.30197143554688,108.88590240478516,112.32886505126953,0.0003864233731292188,0.05634051561355591,21.014970779418945,0.720646858215332,-0.2771226465702057,0.0,0.0
5598,1399.25,46.357540130615234,47.945037841796875,127.10003662109375,108.89030456542969,112.29924011230469,0.0003854153910651803,0.05634051561355591,21.014972686767578,0.73065584897995,-0.27441462874412537,0.0,0.0
5599,1399.5,46.24119567871094,47.928077697753906,128.31288146972656,108.8819351196289,112.08738708496094,0.0003845082246698439,0.05632449686527252,21.01497459411621,0.7406647801399231,-0.2582891881465912,0.0,0.0
5600,1399.75,45.667598724365234,47.69309616088867,130.35159301757812,108.87444305419922,112.79899597167969,0.00038369177491404116,0.056310079991817474,21.014976501464844,0.750673770904541,-0.3152393400669098,0.0,0.0
5601,1400,45.78348159790039,47.69321823120117,128.2037353515625,108.8920669555664,112.14269256591797,0.00038295696140266955,0.056282609701156616,21.014976501464844,0.750673770904541,-0.26185235381126404,0.0,0.0
5602,1400.25,46.041622161865234,47.84731674194336,128.92579650878906,108.8973617553711,112.37775421142578,0.0003822956350632012,0.05625788867473602,21.014976501464844,0.7406647801399231,-0.280059278011322,0.0,0.0
5603,1400.5,45.68870162963867,48.08452224731445,126.96875762939453,108.89603424072266,112.6301040649414,0.00038170043262653053,0.05623563751578331,21.014976501464844,0.73065584897995,-0.3001357316970825,0.0,0.0
5604,1400.75,45.711849212646484,48.19649124145508,131.66519165039062,108.89515686035156,112.58516693115234,0.0003908153157681227,0.056244608014822006,21.014976501464844,0.720646858215332,-0.2966548502445221,0.0,0.0
5605,1401,45.515037536621094,48.10816955566406,128.617431640625,108.89647674560547,112.37034606933594,0.0003990186960436404,0.05625268071889877,21.014976501464844,0.720646858215332,-0.2795451283454895,0.0,0.0
5606,1401.25,45.98267364501953,47.597286224365234,131.93768310546875,108.88414001464844,111.99552917480469,0.0004064017557539046,0.056259945034980774,21.014976501464844,0.73065584897995,-0.2508107125759125,0.0,0.0
5607,1401.5,46.01348876953125,47.992549896240234,129.8180694580078,108.89779663085938,112.03602600097656,0.00041304650949314237,0.056266482919454575,21.014976501464844,0.73065584897995,-0.252912700176239,0.0,0.0
5608,1401.75,45.54154968261719,47.89615249633789,131.2911834716797,108.90309143066406,112.44639587402344,0.00041902679367922246,0.056272368878126144,21.014976501464844,0.73065584897995,-0.28502702713012695,0.0,0.0
5609,1402,46.073856353759766,47.91209030151367,128.06100463867188,108.90573120117188,112.30220031738281,0.00042440902325324714,0.05627766624093056,21.014976501464844,0.73065584897995,-0.2733881175518036,0.0,0.0
5610,1402.25,46.056251525878906,47.9404182434082,133.49551391601562,108.90617370605469,111.6088638305664,0.00042925303569063544,0.05628243461251259,21.014976501464844,0.7106378078460693,-0.21822227537631989,0.0,0.0
5611,1402.5,46.101314544677734,48.03580856323242,133.3901824951172,108.90441131591797,111.87750244140625,0.00043361264397390187,0.05628672614693642,21.014976501464844,0.7106378078460693,-0.2397669404745102,0.0,0.0
5612,1402.75,46.29219055175781,47.42045211791992,129.87759399414062,108.8973617553711,112.62516784667969,0.0004471920838113874,0.05629058554768562,21.014976501464844,0.720646858215332,-0.2996369004249573,0.0,0.0
5613,1403,45.96576690673828,47.915260314941406,127.34810638427734,108.92644500732422,111.5767593383789,0.00045941356802359223,0.05629406124353409,21.01474380493164,0.720646858215332,-0.21400415897369385,0.0,0.0
5614,1403.25,45.79773712158203,47.8734016418457,131.99110412597656,108.90528869628906,111.49626922607422,0.00047041289508342743,0.056297190487384796,21.014535903930664,0.73065584897995,-0.209308922290802,0.0,0.0
5615,1403.5,46.048160552978516,47.70564651489258,130.56149291992188,108.90309143066406,111.67305755615234,0.0004803123010788113,0.05630000680685043,21.014347076416016,0.73065584897995,-0.22359253466129303,0.0,0.0
5616,1403.75,45.86170196533203,47.741722106933594,130.66224670410156,108.89559936523438,112.03849792480469,0.0004898655461147428,0.05630254000425339,21.014177322387695,0.750673770904541,-0.2532888352870941,0.0,0.0
5617,1404,45.75584411621094,47.86266326904297,128.70291137695312,108.92203521728516,111.4937973022461,0.0004984634579159319,0.056304819881916046,21.01402473449707,0.750673770904541,-0.20774292945861816,0.0,0.0
5618,1404.25,46.151878356933594,48.04630661010742,130.2645721435547,108.90573120117188,113.28838348388672,0.0005062015843577683,0.0563068725168705,21.013887405395508,0.7406647801399231,-0.3512202501296997,0.0,0.0
5619,1404.5,45.61228942871094,47.89861297607422,131.5056610107422,108.898681640625,111.87256622314453,0.000513165898155421,0.056308720260858536,21.013763427734375,0.7406647801399231,-0.23984269797801971,0.0,0.0
5620,1404.75,45.685874938964844,47.81355285644531,127.89460754394531,108.898681640625,111.77330780029297,0.0005181462620384991,0.05631038174033165,21.013652801513672,0.7406647801399231,-0.23194073140621185,0.0,0.0
5621,1405,46.008628845214844,47.67805862426758,124.4652099609375,108.91895294189453,111.56886291503906,0.0005226286011748016,0.05631187558174133,21.013553619384766,0.7406647801399231,-0.21398624777793884,0.0,0.0
5622,1405.25,46.03771209716797,47.933799743652344,126.33447265625,108.9074935913086,111.91651916503906,0.0005266626831144094,0.05631322041153908,21.013463973999023,0.7406647801399231,-0.24261927604675293,0.0,0.0
5623,1405.5,45.82999801635742,47.840396881103516,131.42323303222656,108.91410827636719,112.60787963867188,0.000530293385963887,0.05631443113088608,21.013383865356445,0.73065584897995,-0.2969011962413788,0.0,0.0
5624,1405.75,45.92668914794922,47.46282196044922,125.0353775024414,108.9088134765625,113.27554321289062,0.0005322732031345367,0.05631552264094353,21.0133113861084,0.7406647801399231,-0.3499591052532196,0.0,0.0
5625,1406,45.90144348144531,47.99174499511719,129.4539794921875,108.9238052368164,112.41775512695312,0.0005340550560504198,0.05631650239229202,21.013246536254883,0.7406647801399231,-0.28106629848480225,0.0,0.0
5626,1406.25,46.04281997680664,47.900360107421875,131.5636749267578,108.92071533203125,111.9673843383789,0.0005356586771085858,0.056346382945775986,21.013187408447266,0.720646858215332,-0.24558383226394653,0.0,0.0
5627,1406.5,45.44039535522461,48.18329620361328,127.85415649414062,108.91234588623047,111.62911224365234,0.0005371019360609353,0.05637327581644058,21.013134002685547,0.7106378078460693,-0.21933218836784363,0.0,0.0
5628,1406.75,46.19932556152344,47.7084846496582,128.61056518554688,108.92952728271484,112.01380157470703,0.0005390449659898877,0.05639747902750969,21.013086318969727,0.720646858215332,-0.24855317175388336,0.0,0.0
5629,1407,45.84584045410156,48.133338928222656,131.5094757080078,108.93922424316406,112.1086196899414,0.000540793698746711,0.056419260799884796,21.013042449951172,0.720646858215332,-0.2552931010723114,0.0,0.0
5630,1407.25,45.85609817504883,47.81174087524414,129.77378845214844,108.9238052368164,112.24787902832031,0.0005423675756901503,0.056453365832567215,21.013004302978516,0.7406647801399231,-0.26760387420654297,0.0,0.0
5631,1407.5,45.68635559082031,48.23332977294922,127.84041595458984,108.91631317138672,111.75305938720703,0.0005437840591184795,0.05648406222462654,21.012969970703125,0.7406647801399231,-0.22888711094856262,0.0,0.0
5632,1407.75,46.01740264892578,47.9891357421875,128.5662841796875,108.92644500732422,111.8518295288086,0.0005489219329319894,0.056511688977479935,21.012939453125,0.7406647801399231,-0.23592326045036316,0.0,0.0
5633,1408,46.2734260559082,47.69512176513672,131.36521911621094,108.92776489257812,112.93775939941406,0.0005535460077226162,0.05653655156493187,21.012910842895508,0.720646858215332,-0.3218253552913666,0.0,0.0
5634,1408.25,45.9533805847168,47.95624542236328,134.107666015625,108.9238052368164,112.85775756835938,0.0005577076808549464,0.0565226785838604,21.01288604736328,0.7406647801399231,-0.31584078073501587,0.0,0.0
5635,1408.5,45.92287826538086,48.13615798950195,129.12347412109375,108.9154281616211,112.001953125,0.0005614531692117453,0.05651019141077995,21.012863159179688,0.720646858215332,-0.2487637847661972,0.0,0.0
5636,1408.75,46.102867126464844,47.88774871826172,128.82351684570312,108.91939544677734,111.14762115478516,0.0005648241494782269,0.05649895220994949,21.012842178344727,0.73065584897995,-0.1802758276462555,0.0,0.0
5637,1409,46.24201202392578,47.771873474121094,131.53085327148438,108.91983795166016,112.7930679321289,0.0005678579909726977,0.05648883804678917,21.0128231048584,0.73065584897995,-0.31106075644493103,0.0,0.0
5638,1409.25,45.9659309387207,47.84730911254883,128.629638671875,108.92292022705078,112.83949279785156,0.0005873386398889124,0.056486986577510834,21.012805938720703,0.720646858215332,-0.314471960067749,0.0,0.0
5639,1409.5,46.216583251953125,47.75978088378906,132.05674743652344,108.9233627319336,112.0582504272461,0.0006048711948096752,0.05648531764745712,21.01279067993164,0.720646858215332,-0.2525884509086609,0.0,0.0
5640,1409.75,45.6251220703125,48.19434356689453,129.80050659179688,108.93525695800781,112.00639343261719,0.0006206505349837244,0.05648381635546684,21.01277732849121,0.720646858215332,-0.24749581515789032,0.0,0.0
5641,1410,46.03496551513672,47.67326736450195,128.56094360351562,108.92776489257812,111.90318298339844,0.0006348519236780703,0.0564824678003788,21.012765884399414,0.7406647801399231,-0.2399015724658966,0.0,0.0
5642,1410.25,45.913692474365234,48.37278747558594,130.57064819335938,108.9334945678711,112.06565856933594,0.0006598825566470623,0.05651025101542473,21.012754440307617,0.7406647801399231,-0.2523493468761444,0.0,0.0
5643,1410.5,45.801536560058594,48.03273010253906,128.87159729003906,108.92952728271484,112.03355407714844,0.0006824101437814534,0.0565352588891983,21.012744903564453,0.7406647801399231,-0.2501225173473358,0.0,0.0
5644,1410.75,45.706268310546875,47.946598052978516,133.2360076904297,108.93922424316406,112.43701934814453,0.0007026849780231714,0.05655776336789131,21.01273536682129,0.7406647801399231,-0.281331330537796,0.0,0.0
5645,1411,45.91297149658203,47.7751579284668,130.369140625,108.94098663330078,112.44985961914062,0.0007209323230199516,0.05657801777124405,21.012727737426758,0.7406647801399231,-0.2822037935256958,0.0,0.0
5646,1411.25,46.28822326660156,47.739601135253906,128.351806640625,108.93085479736328,111.6221923828125,0.0007373549160547554,0.05659624561667442,21.012720108032227,0.73065584897995,-0.21726800501346588,0.0,0.0
5647,1411.5,46.30244445800781,47.77009963989258,134.86483764648438,108.92864990234375,111.45379638671875,0.0007495561731047928,0.05658365413546562,21.012714385986328,0.73065584897995,-0.2040080726146698,0.0,0.0
5648,1411.75,46.24019241333008,47.694583892822266,129.93789672851562,108.94319152832031,111.96540832519531,0.000760537339374423,0.0565723218023777,21.01270866394043,0.7406647801399231,-0.24358990788459778,0.0,0.0
5649,1412,46.21681594848633,47.90673065185547,131.05380249023438,108.94231414794922,112.3041763305664,0.0007704203599132597,0.05656212195754051,21.01270294189453,0.7406647801399231,-0.27055487036705017,0.0,0.0
5650,1412.25,46.170467376708984,47.906410217285156,131.9743194580078,108.94539642333984,112.05034637451172,0.0007793150725774467,0.0565529428422451,21.012699127197266,0.7406647801399231,-0.25016018748283386,0.0,0.0
5651,1412.5,45.82089614868164,47.76618576049805,127.23590087890625,108.94010925292969,112.52244567871094,0.0007789392257109284,0.05654468014836311,21.0126953125,0.750673770904541,-0.28801998496055603,0.0,0.0
5652,1412.75,45.99859619140625,47.5035400390625,131.3766632080078,108.93569946289062,111.78762817382812,0.0007786009809933603,0.05652274563908577,21.012691497802734,0.750673770904541,-0.2300560474395752,0.0,0.0
5653,1413,46.40549850463867,47.74559020996094,128.049560546875,108.9498062133789,112.35208129882812,0.0007782965549267828,0.05650300532579422,21.01268768310547,0.750673770904541,-0.27373939752578735,0.0,0.0
5654,1413.25,46.37675094604492,47.693119049072266,131.46673583984375,108.94010925292969,111.65380096435547,0.0007780225714668632,0.056485239416360855,21.012683868408203,0.7406647801399231,-0.21903197467327118,0.0,0.0
5655,1413.5,45.833553314208984,47.66468811035156,129.88369750976562,108.9339370727539,112.46566009521484,0.0007700427086092532,0.05646925047039986,21.01268196105957,0.7406647801399231,-0.28403106331825256,0.0,0.0
5656,1413.75,45.80244445800781,47.97583770751953,128.19229125976562,108.94715881347656,112.0152816772461,0.0007628608145751059,0.0564548596739769,21.012680053710938,0.7406647801399231,-0.24723012745380402,0.0,0.0
5657,1414,45.94001388549805,47.73994827270508,130.3103790283203,108.94628143310547,112.16985321044922,0.000756397086661309,0.05646365508437157,21.012678146362305,0.73065584897995,-0.25957727432250977,0.0,0.0
5658,1414.25,45.94233703613281,47.26949691772461,129.16012573242188,108.94010925292969,111.45478820800781,0.0007505797548219562,0.0564715713262558,21.012676239013672,0.720646858215332,-0.20315086841583252,0.0,0.0
5659,1414.5,45.534000396728516,47.67826843261719,130.5653076171875,108.93790435791016,111.76244354248047,0.0007408346282318234,0.05647869408130646,21.01267433166504,0.7406647801399231,-0.2278701663017273,0.0,0.0
5660,1414.75,46.0911750793457,47.84054183959961,130.56149291992188,108.94363403320312,111.90170288085938,0.000732064014300704,0.05648510530591011,21.012672424316406,0.73065584897995,-0.2384871542453766,0.0,0.0
5661,1415,45.97016906738281,47.95381164550781,128.63803100585938,108.94583892822266,111.73380279541016,0.0007241704734042287,0.056498125195503235,21.012670516967773,0.73065584897995,-0.22493982315063477,0.0,0.0
5662,1415.25,46.4578857421875,47.60826873779297,127.83660125732422,108.93569946289062,111.45182037353516,0.0007170662865974009,0.0565098412334919,21.01266860961914,0.73065584897995,-0.20327410101890564,0.0,0.0
5663,1415.5,46.27571105957031,47.69146728515625,127.03516387939453,108.94628143310547,112.01133728027344,0.000710672524292022,0.05652038753032684,21.012666702270508,0.73065584897995,-0.24698792397975922,0.0,0.0
5664,1415.75,46.09160232543945,48.2380256652832,129.8768310546875,108.9599380493164,112.59207916259766,0.0007049181149341166,0.056529879570007324,21.012664794921875,0.750673770904541,-0.29190707206726074,0.0,0.0
5665,1416,45.99032974243164,48.292381286621094,127.65264892578125,108.95288848876953,112.36294555664062,0.0006932987598702312,0.05651667341589928,21.01243019104004,0.750673770904541,-0.2743484079837799,0.0,0.0
5666,1416.25,46.057777404785156,48.09756088256836,133.0131378173828,108.95201110839844,111.85824584960938,0.0006828413461335003,0.056504786014556885,21.01222038269043,0.7406647801399231,-0.2343449592590332,0.0,0.0
5667,1416.5,45.89314651489258,47.62495803833008,133.80999755859375,108.95024108886719,112.12886810302734,0.00067342963302508,0.0564940869808197,21.01203155517578,0.73065584897995,-0.25600025057792664,0.0,0.0
5668,1416.75,45.81086730957031,48.213951110839844,129.2547607421875,108.95950317382812,111.63898468017578,0.0006649590795859694,0.05648446083068848,21.011859893798828,0.720646858215332,-0.21626600623130798,0.0,0.0
5669,1417,45.722599029541016,47.87397384643555,130.1042938232422,108.9599380493164,112.42813110351562,0.0006496098358184099,0.05648304522037506,21.01170539855957,0.73065584897995,-0.27893519401550293,0.0,0.0
5670,1417.25,46.042667388916016,48.00544357299805,132.4780731201172,108.95773315429688,112.33528900146484,0.0006357955280691385,0.05648177117109299,21.01180076599121,0.7406647801399231,-0.271761029958725,0.0,0.0
5671,1417.5,45.97557830810547,47.526512145996094,129.44558715820312,108.94628143310547,112.11602783203125,0.0006233626045286655,0.05648062378168106,21.011886596679688,0.7406647801399231,-0.25530457496643066,0.0,0.0
5672,1417.75,45.87583923339844,47.83292770385742,128.21746826171875,108.95509338378906,111.98170471191406,0.0006121729966253042,0.05647959187626839,21.011962890625,0.73065584897995,-0.2439127415418625,0.0,0.0
5673,1418,46.06175231933594,47.59039306640625,130.3477783203125,108.96170043945312,112.22022247314453,0.0005956670502200723,0.05647866427898407,21.01203155517578,0.73065584897995,-0.262314110994339,0.0,0.0
5674,1418.25,46.09867858886719,47.822853088378906,131.07212829589844,108.96346282958984,112.17133331298828,0.0005808116984553635,0.056499578058719635,21.011859893798828,0.7406647801399231,-0.2582907974720001,0.0,0.0
5675,1418.5,46.06808853149414,47.845603942871094,126.96570587158203,108.95685577392578,111.94515991210938,0.0005674418644048274,0.05651840195059776,21.01170539855957,0.7406647801399231,-0.24086317420005798,0.0,0.0
5676,1418.75,45.72511291503906,47.762351989746094,127.39848327636719,108.96214294433594,112.3822021484375,0.0005554090603254735,0.05653534084558487,21.011568069458008,0.73065584897995,-0.27511781454086304,0.0,0.0
5677,1419,45.99833679199219,48.11077880859375,126.51689910888672,108.9674301147461,112.84294891357422,0.0005407187272794545,0.056550588458776474,21.011444091796875,0.720646858215332,-0.31110796332359314,0.0,0.0
5678,1419.25,45.82411193847656,48.12644958496094,131.7140350341797,108.96699523925781,112.43257141113281,0.0005274974391795695,0.05656430870294571,21.01133155822754,0.720646858215332,-0.27871018648147583,0.0,0.0
5679,1419.5,46.22975540161133,47.398109436035156,128.71360778808594,108.9586181640625,111.84442138671875,0.000515598279889673,0.056569408625364304,21.01123046875,0.73065584897995,-0.23270484805107117,0.0,0.0
5680,1419.75,46.31708526611328,47.5994758605957,130.369140625,108.97315979003906,112.45281982421875,0.0005048890016041696,0.05657399818301201,21.011138916015625,0.73065584897995,-0.2798095941543579,0.0,0.0
5681,1420,46.53514862060547,47.978759765625,128.98226928710938,108.97756958007812,112.91455078125,0.0004920344799757004,0.056578129529953,21.011056900024414,0.720646858215332,-0.31592655181884766,0.0,0.0
5682,1420.25,45.77410125732422,47.697200775146484,128.5762176513672,108.96434783935547,112.56294250488281,0.0004804653872270137,0.05658184736967087,21.010984420776367,0.7106378078460693,-0.28924277424812317,0.0,0.0
5683,1420.5,46.355525970458984,47.83195877075195,130.1829071044922,108.97888946533203,111.94417572021484,0.00047005320084281266,0.056592442095279694,21.01091766357422,0.7106378078460693,-0.23898476362228394,0.0,0.0
5684,1420.75,45.9212760925293,47.836814880371094,131.50489807128906,108.97712707519531,112.17084503173828,0.0004606822330970317,0.056601978838443756,21.0108585357666,0.7106378078460693,-0.25713562965393066,0.0,0.0
5685,1421,45.88697814941406,48.00107955932617,128.5357666015625,108.96566772460938,112.35899353027344,0.00045224837958812714,0.05661056190729141,21.010805130004883,0.7006288170814514,-0.272990882396698,0.0,0.0
5686,1421.25,46.13300704956055,48.06454849243164,128.93418884277344,108.97360229492188,112.5688705444336,0.00043822676525451243,0.056618284434080124,21.010757446289062,0.7106378078460693,-0.28895553946495056,0.0,0.0
5687,1421.5,45.94135665893555,48.10721969604492,130.89886474609375,108.96522521972656,112.19207763671875,0.00042560731526464224,0.056625235825777054,21.010713577270508,0.7106378078460693,-0.25979307293891907,0.0,0.0
5688,1421.75,45.93525695800781,47.8996696472168,130.562255859375,108.96831512451172,111.7105941772461,0.000414249807363376,0.05663149431347847,21.01067543029785,0.7006288170814514,-0.22125431895256042,0.0,0.0
5689,1422,45.90450668334961,48.27482223510742,131.20416259765625,108.97052001953125,111.48638916015625,0.0004040280473418534,0.056637126952409744,21.01064109802246,0.7006288170814514,-0.2031899392604828,0.0,0.0
5690,1422.25,46.11326599121094,48.126285552978516,135.3052520751953,108.966552734375,111.59602355957031,0.00039482847205363214,0.05664219334721565,21.010608673095703,0.7006288170814514,-0.2122640162706375,0.0,0.0
5691,1422.5,46.1872673034668,48.03870391845703,128.1716766357422,108.98814392089844,111.78812408447266,0.00038654886884614825,0.05666850507259369,21.01058006286621,0.7006288170814514,-0.22581055760383606,0.0,0.0
5692,1422.75,46.00678634643555,47.66884994506836,127.91521453857422,108.984619140625,111.94417572021484,0.00037652545142918825,0.05669218674302101,21.010555267333984,0.6906198859214783,-0.2385171353816986,0.0,0.0
5693,1423,45.833885192871094,48.11250305175781,133.07037353515625,108.97933197021484,111.19355010986328,0.00036750436993315816,0.05671349912881851,21.01053237915039,0.7006288170814514,-0.1790565401315689,0.0,0.0
5694,1423.25,46.130977630615234,47.92030715942383,130.91030883789062,108.97844696044922,112.18121337890625,0.000359385390765965,0.05673268064856529,21.01051139831543,0.6906198859214783,-0.2578505873680115,0.0,0.0
5695,1423.5,46.15470886230469,47.87431716918945,128.152587890625,108.97228240966797,112.14762878417969,0.0003520783211570233,0.056749943643808365,21.0104923248291,0.7006288170814514,-0.25568899512290955,0.0,0.0
5696,1423.75,45.952693939208984,47.648895263671875,132.02392578125,108.98197937011719,112.38615417480469,0.0003461447777226567,0.056772731244564056,21.010475158691406,0.7106378078460693,-0.2738105356693268,0.0,0.0
5697,1424,46.217613220214844,47.898681640625,128.9486846923828,108.97756958007812,112.11898803710938,0.0003408045740798116,0.05679323896765709,21.010459899902344,0.7006288170814514,-0.25298312306404114,0.0,0.0
5698,1424.25,45.88808822631836,47.97109603881836,130.48211669921875,108.97315979003906,112.31010437011719,0.000335998396622017,0.05681169778108597,21.010446548461914,0.7006288170814514,-0.2685050368309021,0.0,0.0
5699,1424.5,46.12519454956055,47.741180419921875,126.43217468261719,108.96919250488281,113.0429458618164,0.000331672839820385,0.05682830885052681,21.010435104370117,0.7006288170814514,-0.3267272710800171,0.0,0.0
5700,1424.75,46.00661087036133,48.04942321777344,128.76473999023438,109.00577545166016,112.2498550415039,0.0003277798241470009,0.056843262165784836,21.01042366027832,0.6906198859214783,-0.2610638737678528,0.0,0.0
5701,1425,46.4088249206543,47.88076400756836,130.04246520996094,108.97624969482422,111.94367980957031,0.00032427613041363657,0.05685671791434288,21.010414123535156,0.6906198859214783,-0.23916082084178925,0.0,0.0
5702,1425.25,46.17621994018555,47.769920349121094,129.10897827148438,108.98902893066406,111.719482421875,0.0003159801126457751,0.05686882883310318,21.010404586791992,0.7106378078460693,-0.22027088701725006,0.0,0.0
5703,1425.5,46.43566131591797,47.494178771972656,128.5884246826172,108.98285675048828,111.88688659667969,0.0003085136995650828,0.05687972903251648,21.010629653930664,0.73065584897995,-0.23410363495349884,0.0,0.0
5704,1425.75,46.19881057739258,48.27095031738281,128.8097686767578,108.98109436035156,112.97924041748047,0.00030179391615092754,0.05688953772187233,21.010831832885742,0.7406647801399231,-0.32073721289634705,0.0,0.0
5705,1426,46.067543029785156,48.12213134765625,128.69146728515625,108.97712707519531,113.28640747070312,0.0002957461110781878,0.056898366659879684,21.01101303100586,0.7406647801399231,-0.34523075819015503,0.0,0.0
5706,1426.25,45.97575759887695,47.96085739135742,128.74795532226562,108.98638153076172,112.77430725097656,0.0002909457543864846,0.056906312704086304,21.01117706298828,0.7406647801399231,-0.3041428327560425,0.0,0.0
5707,1426.5,46.285430908203125,47.8686408996582,129.2799530029297,108.99211120605469,111.76441955566406,0.0002866254362743348,0.05691346526145935,21.011323928833008,0.73065584897995,-0.22359906136989594,0.0,0.0
5708,1426.75,46.00297546386719,48.00727844238281,130.44700622558594,108.98726654052734,111.99750518798828,0.0002827371354214847,0.05691990256309509,21.011457443237305,0.73065584897995,-0.24254022538661957,0.0,0.0
5709,1427,45.79929733276367,48.260169982910156,131.04006958007812,108.98682403564453,112.07009887695312,0.00027923769084736705,0.0569256953895092,21.011577606201172,0.7406647801399231,-0.24834473431110382,0.0,0.0
5710,1427.25,46.20354080200195,48.229774475097656,130.44776916503906,108.98285675048828,111.76935577392578,0.0002825171686708927,0.05693090707063675,21.01168441772461,0.7406647801399231,-0.22474773228168488,0.0,0.0
5711,1427.5,46.11003494262695,48.00162124633789,128.3365478515625,108.98197937011719,112.55158233642578,0.00028546867542900145,0.05693559721112251,21.011781692504883,0.73065584897995,-0.2869041860103607,0.0,0.0
5712,1427.75,46.13569259643555,48.006492614746094,125.3704605102539,108.99784088134766,112.64739227294922,0.00028812504024244845,0.05693982169032097,21.011869430541992,0.7406647801399231,-0.29318299889564514,0.0,0.0
5713,1428,46.1910285949707,47.72694396972656,129.2082061767578,108.99431610107422,112.53825378417969,0.00029051577439531684,0.05695812404155731,21.011947631835938,0.7106378078460693,-0.2848423719406128,0.0,0.0
5714,1428.25,45.80170822143555,48.69945526123047,129.57992553710938,108.9925537109375,111.97479248046875,0.0003003848250955343,0.05697459727525711,21.01201820373535,0.73065584897995,-0.24030332267284393,0.0,0.0
5715,1428.5,46.29985046386719,48.29780960083008,128.21136474609375,108.98682403564453,111.88738250732422,0.00030926696490496397,0.05698942393064499,21.012081146240234,0.7406647801399231,-0.23381929099559784,0.0,0.0
5716,1428.75,45.989715576171875,47.777740478515625,128.36019897460938,108.99696350097656,111.86663818359375,0.00031726088491268456,0.05700276792049408,21.01213836669922,0.7406647801399231,-0.23134058713912964,0.0,0.0
5717,1429,46.266273498535156,47.83023452758789,129.18072509765625,108.99652099609375,113.23109436035156,0.0003244554391130805,0.057007525116205215,21.012189865112305,0.720646858215332,-0.33929935097694397,0.0,0.0
5718,1429.25,45.633758544921875,47.9023323059082,129.2746124267578,108.99916076660156,112.69133758544922,0.00033093051752075553,0.05701180547475815,21.012235641479492,0.720646858215332,-0.2965473234653473,0.0,0.0
5719,1429.5,46.40517807006836,48.023807525634766,132.14376831054688,109.0176773071289,111.72689056396484,0.0003419051063247025,0.05701565742492676,21.012277603149414,0.720646858215332,-0.2185213714838028,0.0,0.0
5720,1429.75,46.411407470703125,47.36915969848633,132.51165771484375,108.99563598632812,112.1303482055664,0.0003419051063247025,0.057019125670194626,21.012548446655273,0.7106378078460693,-0.2524093985557556,0.0,0.0
5721,1430,46.32341384887695,47.84732437133789,126.91150665283203,108.99916076660156,112.0691146850586,0.00035178224788978696,0.05700049549341202,21.012548446655273,0.7106378078460693,-0.24725903570652008,0.0,0.0
5722,1430.25,45.94575119018555,48.07454299926758,128.83038330078125,109.00004577636719,111.937255859375,0.0003606716636568308,0.05698372796177864,21.012792587280273,0.7006288170814514,-0.23670679330825806,0.0,0.0
5723,1430.5,46.34617614746094,47.532203674316406,132.2987060546875,109.00577545166016,111.51700592041016,0.0003686721611302346,0.05696863681077957,21.013011932373047,0.7106378078460693,-0.20275461673736572,0.0,0.0
5724,1430.75,46.38325500488281,48.309940338134766,128.12359619140625,109.02252197265625,111.46861267089844,0.0003799077239818871,0.05695505440235138,21.013385772705078,0.73065584897995,-0.197523295879364,0.0,0.0
5725,1431,46.00449752807617,47.62357711791992,129.98292541503906,109.00709533691406,112.04886627197266,0.0003799077239818871,0.056942831724882126,21.013385772705078,0.7406647801399231,-0.2450023889541626,0.0,0.0
5726,1431.25,46.08053207397461,47.761714935302734,129.36773681640625,109.00885772705078,112.05528259277344,0.00038469763239845634,0.05693183094263077,21.013545989990234,0.7406647801399231,-0.2453683763742447,0.0,0.0
5727,1431.5,45.87008285522461,47.9471549987793,128.81436157226562,109.00445556640625,112.62269592285156,0.00038900854997336864,0.056921929121017456,21.013689041137695,0.7406647801399231,-0.29069098830223083,0.0,0.0
5728,1431.75,46.16902160644531,48.13748550415039,129.8966827392578,109.0251693725586,113.20442962646484,0.0003928883816115558,0.056913018226623535,21.013818740844727,0.750673770904541,-0.33486315608024597,0.0,0.0
5729,1432,45.851402282714844,48.248443603515625,128.47698974609375,109.00445556640625,112.5214614868164,0.00039509369526058435,0.056926749646663666,21.013935089111328,0.7406647801399231,-0.2826857566833496,0.0,0.0
5730,1432.25,45.618465423583984,48.245460510253906,130.5187530517578,109.00621795654297,113.36048126220703,0.0003970784891862422,0.05693911015987396,21.014039993286133,0.73065584897995,-0.34867388010025024,0.0,0.0
5731,1432.5,46.15022277832031,48.080204010009766,133.61459350585938,109.0176773071289,112.5105972290039,0.00039886479498818517,0.05695023387670517,21.014135360717773,0.73065584897995,-0.2807464599609375,0.0,0.0
5732,1432.75,45.71091842651367,47.98671340942383,133.00778198242188,109.01591491699219,112.09725952148438,0.0004004724614787847,0.05695023387670517,21.01422119140625,0.7406647801399231,-0.24812595546245575,0.0,0.0
5733,1433,45.852359771728516,47.93094253540039,127.10843658447266,109.01679229736328,111.9500961303711,0.0004019193584099412,0.05696024373173714,21.014297485351562,0.73065584897995,-0.23636023700237274,0.0,0.0
5734,1433.25,46.13859939575195,47.68190383911133,132.4727325439453,109.01458740234375,112.52491760253906,0.0004109434667043388,0.05696200206875801,21.014366149902344,0.73065584897995,-0.28213146328926086,0.0,0.0
5735,1433.5,45.78139114379883,48.095523834228516,129.01966857910156,109.02163696289062,112.60294342041016,0.0004190651816315949,0.05696358531713486,21.01419448852539,0.720646858215332,-0.2877267897129059,0.0,0.0
5736,1433.75,46.22305679321289,47.98702621459961,131.54229736328125,109.03133392333984,113.39752197265625,0.0004263747250661254,0.05696628987789154,21.014039993286133,0.720646858215332,-0.3495314121246338,0.0,0.0
5737,1434,46.10503387451172,47.672115325927734,128.26556396484375,109.01414489746094,113.04887390136719,0.00043295329669490457,0.05696628987789154,21.013900756835938,0.73065584897995,-0.3235226571559906,0.0,0.0
5738,1434.25,46.14509963989258,47.88843536376953,129.66998291015625,109.01547241210938,112.26713562011719,0.00045303843216970563,0.056967444717884064,21.013776779174805,0.720646858215332,-0.2616425156593323,0.0,0.0
5739,1434.5,45.88085174560547,48.248191833496094,125.91390991210938,109.0353012084961,112.2325668334961,0.0004711150540970266,0.05697573348879814,21.013896942138672,0.7406647801399231,-0.257282018661499,0.0,0.0
5740,1434.75,45.66302490234375,48.32841873168945,126.55963897705078,109.03485870361328,111.806884765625,0.00048738400801084936,0.05698319524526596,21.014005661010742,0.73065584897995,-0.2234897017478943,0.0,0.0
5741,1435,45.901634216308594,47.731201171875,127.92971801757812,109.02560424804688,111.97725677490234,0.0005020260578021407,0.05698990821838379,21.014102935791016,0.73065584897995,-0.23779992759227753,0.0,0.0
5742,1435.25,45.943267822265625,48.23198699951172,128.7151336669922,109.0273666381836,112.78961181640625,0.0005300235934555531,0.056995950639247894,21.014190673828125,0.7406647801399231,-0.30200403928756714,0.0,0.0
5743,1435.5,46.55776596069336,47.60576248168945,132.12391662597656,109.03618621826172,112.23059844970703,0.0005552213406190276,0.05700138956308365,21.014270782470703,0.73065584897995,-0.2570537328720093,0.0,0.0
5744,1435.75,45.86575698852539,47.84943771362305,129.54022216796875,109.05204772949219,112.54170989990234,0.0005778993363492191,0.05699903145432472,21.014341354370117,0.720646858215332,-0.2804015278816223,0.0,0.0
5745,1436,46.087921142578125,48.149803161621094,129.60662841796875,109.03926849365234,112.03800201416016,0.000598309503402561,0.0569969117641449,21.014406204223633,0.73065584897995,-0.2415124773979187,0.0,0.0
5746,1436.25,46.05930709838867,47.866455078125,128.19534301757812,109.0511703491211,111.980224609375,0.0006332109333015978,0.056995004415512085,21.014514923095703,0.720646858215332,-0.2359488606452942,0.0,0.0
5747,1436.5,45.85165023803711,48.069393157958984,126.02458190917969,109.05072784423828,111.66861724853516,0.0006332109333015978,0.056993287056684494,21.014514923095703,0.720646858215332,-0.21117889881134033,0.0,0.0
5748,1436.75,46.12258529663086,47.77850341796875,131.4308624267578,109.05645751953125,112.78713989257812,0.0006596961175091565,0.05701349303126335,21.014328002929688,0.720646858215332,-0.2994338572025299,0.0,0.0
5749,1437,46.2868766784668,47.85374450683594,129.42649841308594,109.04235076904297,112.08195495605469,0.0006835327367298305,0.05703167989850044,21.01416015625,0.73065584897995,-0.24475204944610596,0.0,0.0
5750,1437.25,46.19449996948242,48.072547912597656,134.29161071777344,109.0511703491211,111.67996978759766,0.0007049856940284371,0.057048048824071884,21.014009475708008,0.720646858215332,-0.21204774081707,0.0,0.0
5751,1437.5,46.136051177978516,48.06602478027344,131.57359313964844,109.05690002441406,111.7086181640625,0.0007242934079840779,0.057062778621912,21.013874053955078,0.720646858215332,-0.21386286616325378,0.0,0.0
5752,1437.75,45.96330261230469,48.27716827392578,128.83114624023438,109.06526947021484,112.05528259277344,0.0007410251419059932,0.05706878751516342,21.013751983642578,0.720646858215332,-0.240762859582901,0.0,0.0
5753,1438,46.12294006347656,48.3595085144043,131.45452880859375,109.06218719482422,111.73824310302734,0.0007560836966149509,0.05707419663667679,21.01387596130371,0.7106378078460693,-0.2157919704914093,0.0,0.0
5754,1438.25,46.01081085205078,48.04465103149414,127.8136978149414,109.0516128540039,112.10713958740234,0.0007696363609284163,0.05707906186580658,21.013986587524414,0.7006288170814514,-0.24599617719650269,0.0,0.0
5755,1438.5,45.927005767822266,48.19954299926758,127.72744750976562,109.06482696533203,111.84442138671875,0.0007818337762728333,0.05708344280719757,21.01408576965332,0.7106378078460693,-0.22403164207935333,0.0,0.0
5756,1438.75,45.80022048950195,48.299564361572266,127.0924072265625,109.06615447998047,112.0039291381836,0.0007812060648575425,0.057087384164333344,21.014175415039062,0.7106378078460693,-0.2366097867488861,0.0,0.0
5757,1439,46.12720489501953,48.030452728271484,129.9203338623047,109.09039306640625,112.63059997558594,0.0007806411013007164,0.05707642808556557,21.01425552368164,0.720646858215332,-0.2843005955219269,0.0,0.0
5758,1439.25,45.946659088134766,48.09173583984375,125.5643310546875,109.07144165039062,112.74763488769531,0.0007801326573826373,0.0570576936006546,21.014328002929688,0.720646858215332,-0.2950926423072815,0.0,0.0
5759,1439.5,46.016998291015625,48.135250091552734,129.3379669189453,109.07628631591797,112.42813110351562,0.0007796750287525356,0.0570576936006546,21.014392852783203,0.720646858215332,-0.26943472027778625,0.0,0.0
5760,1439.75,46.48404312133789,47.89514923095703,129.952392578125,109.09039306640625,111.6671371459961,0.0007657319656573236,0.0570497065782547,21.01445198059082,0.73065584897995,-0.20782332122325897,0.0,0.0
5761,1440,45.81311798095703,48.26205062866211,127.71066284179688,109.08113861083984,112.09281921386719,0.0007531832088716328,0.05704251676797867,21.01450538635254,0.73065584897995,-0.24244914948940277,0.0,0.0
5762,1440.25,45.9787712097168,48.03045654296875,133.36195373535156,109.08907318115234,111.37330627441406,0.0007418893510475755,0.05702879652380943,21.01455307006836,0.720646858215332,-0.1844763457775116,0.0,0.0
5763,1440.5,45.82130813598633,48.28351593017578,129.34864807128906,109.09215545654297,111.83849334716797,0.0007317248382605612,0.05701644718647003,21.014596939086914,0.73065584897995,-0.22132936120033264,0.0,0.0
5764,1440.75,46.12213134765625,47.963294982910156,128.1541290283203,109.08466339111328,112.17182922363281,0.0007142055546864867,0.05700533464550972,21.01463508605957,0.720646858215332,-0.2484336942434311,0.0,0.0
5765,1441,46.17428207397461,47.98423767089844,133.08106994628906,109.1031723022461,112.81035614013672,0.0006984382052905858,0.05699533224105835,21.014436721801758,0.7106378078460693,-0.2974536418914795,0.0,0.0
5766,1441.25,46.073341369628906,47.880489349365234,126.64207458496094,109.09700012207031,112.77430725097656,0.0006842475850135088,0.05697908252477646,21.014257431030273,0.720646858215332,-0.29511240124702454,0.0,0.0
5767,1441.5,45.69282913208008,47.9464225769043,129.66311645507812,109.10096740722656,112.43553161621094,0.0006714760675095022,0.0569644570350647,21.014097213745117,0.720646858215332,-0.2680063247680664,0.0,0.0
5768,1441.75,46.36566925048828,48.02870178222656,130.8622283935547,109.10978698730469,111.7935562133789,0.0006599816842935979,0.05695129185914993,21.013952255249023,0.720646858215332,-0.21631331741809845,0.0,0.0
5769,1442,45.93418884277344,47.99045181274414,132.71392822265625,109.09480285644531,111.93034362792969,0.0006496367277577519,0.056939445436000824,21.013822555541992,0.720646858215332,-0.2284216284751892,0.0,0.0
5770,1442.25,45.93546676635742,47.97391891479492,129.51580810546875,109.08995056152344,112.95504760742188,0.000640326295979321,0.05690703168511391,21.013938903808594,0.73065584897995,-0.30994316935539246,0.0,0.0
5771,1442.5,46.020511627197266,47.732872009277344,130.8683319091797,109.10581970214844,113.21134185791016,0.000631946895737201,0.05687785893678665,21.0140438079834,0.720646858215332,-0.32882416248321533,0.0,0.0
5772,1442.75,45.90241241455078,47.57639694213867,131.72702026367188,109.10758209228516,112.35652160644531,0.0006244054529815912,0.05685160309076309,21.014137268066406,0.720646858215332,-0.26120924949645996,0.0,0.0
5773,1443,46.25745391845703,47.7651252746582,129.67227172851562,109.10140991210938,112.04936218261719,0.0006176181486807764,0.05682797357439995,21.01422119140625,0.7106378078460693,-0.23734326660633087,0.0,0.0
5774,1443.25,46.10704040527344,48.15122985839844,130.4607391357422,109.09700012207031,112.2972640991211,0.0006115095457062125,0.05680670589208603,21.014297485351562,0.720646858215332,-0.257376492023468,0.0,0.0
5775,1443.5,46.434837341308594,47.628177642822266,128.194580078125,109.10493469238281,112.17923736572266,0.0006060118321329355,0.05678756535053253,21.014366149902344,0.720646858215332,-0.24736760556697845,0.0,0.0
5776,1443.75,45.94276428222656,48.281898498535156,129.20057678222656,109.12520599365234,112.1560287475586,0.0005946267046965659,0.056770339608192444,21.014427185058594,0.73065584897995,-0.24387183785438538,0.0,0.0
5777,1444,45.950504302978516,48.0007209777832,129.72799682617188,109.10802459716797,112.5214614868164,0.0005843800609000027,0.056754834949970245,21.014482498168945,0.73065584897995,-0.27423185110092163,0.0,0.0
5778,1444.25,45.98796844482422,47.98340606689453,133.70083618164062,109.10669708251953,111.42762756347656,0.0005751581047661602,0.05674088001251221,21.0145320892334,0.720646858215332,-0.18737877905368805,0.0,0.0
5779,1444.5,45.602210998535156,48.29299545288086,126.255859375,109.11947631835938,111.8735580444336,0.0005668583326041698,0.05675732344388962,21.014577865600586,0.720646858215332,-0.22189076244831085,0.0,0.0
5780,1444.75,46.27126693725586,47.775962829589844,132.08804321289062,109.11639404296875,112.10269165039062,0.0005497366655617952,0.05677212402224541,21.014617919921875,0.7106378078460693,-0.2403562068939209,0.0,0.0
5781,1445,45.980594635009766,47.7552375793457,127.14278411865234,109.11198425292969,111.93775177001953,0.0005343271768651903,0.05678544193506241,21.0146541595459,0.7106378078460693,-0.22760888934135437,0.0,0.0
5782,1445.25,46.25889587402344,47.82582092285156,132.80628967285156,109.10890197753906,111.69873809814453,0.0005204586195759475,0.05679742991924286,21.014686584472656,0.7106378078460693,-0.20883198082447052,0.0,0.0
5783,1445.5,46.14729309082031,47.7691650390625,130.20657348632812,109.12300872802734,112.49430084228516,0.000507976918015629,0.056808218359947205,21.01471710205078,0.7006288170814514,-0.27086007595062256,0.0,0.0
5784,1445.75,45.8778076171875,47.855552673339844,132.3994598388672,109.12696838378906,113.17677307128906,0.0004909545532427728,0.056817926466464996,21.01474380493164,0.7006288170814514,-0.32437995076179504,0.0,0.0
5785,1446,46.257232666015625,47.80491638183594,128.2037353515625,109.11947631835938,111.6997299194336,0.0004756344424095005,0.05682666599750519,21.014768600463867,0.7006288170814514,-0.20804816484451294,0.0,0.0
5786,1446.25,46.38258743286133,47.494503021240234,130.29739379882812,109.1216812133789,111.35404205322266,0.0004618463572114706,0.05683453008532524,21.014789581298828,0.720646858215332,-0.1802758276462555,0.0,0.0
5787,1446.5,46.12047576904297,47.62832260131836,127.75874328613281,109.14195251464844,111.84046936035156,0.0004494370659813285,0.05684160813689232,21.014808654785156,0.73065584897995,-0.21742404997348785,0.0,0.0
5788,1446.75,45.77976608276367,48.30870819091797,127.12599182128906,109.1556167602539,112.39800262451172,0.0004382687038742006,0.05684797838330269,21.01482582092285,0.7106378078460693,-0.2605765163898468,0.0,0.0
5789,1447,46.01259994506836,47.887996673583984,128.13656616210938,109.12873077392578,112.27207946777344,0.0004282171721570194,0.05685371160507202,21.014841079711914,0.7106378078460693,-0.2527909576892853,0.0,0.0
5790,1447.25,45.65330123901367,47.91593933105469,128.8059539794922,109.14239501953125,112.03009796142578,0.00042495960951782763,0.0568661242723465,21.014856338500977,0.7106378078460693,-0.23246900737285614,0.0,0.0
5791,1447.5,45.95246505737305,48.076759338378906,128.6708526611328,109.15385437011719,111.56441497802734,0.0004220278060529381,0.056877292692661285,21.014869689941406,0.720646858215332,-0.19445379078388214,0.0,0.0
5792,1447.75,46.053855895996094,48.28471755981445,127.71142578125,109.13666534423828,112.30615234375,0.0004193891945760697,0.056887347251176834,21.014881134033203,0.720646858215332,-0.2548448443412781,0.0,0.0
5793,1448,46.131290435791016,47.61681365966797,128.1777801513672,109.15253448486328,113.19998931884766,0.00041701443842612207,0.0568963959813118,21.014957427978516,0.7106378078460693,-0.32412078976631165,0.0,0.0
5794,1448.25,45.739837646484375,47.911865234375,132.1880340576172,109.1463623046875,112.7278823852539,0.00042324172682128847,0.05691904202103615,21.015026092529297,0.7106378078460693,-0.2874198853969574,0.0,0.0
5795,1448.5,45.77092361450195,48.31332015991211,128.4090576171875,109.15737915039062,112.91504669189453,0.00042884628055617213,0.05693942308425903,21.015087127685547,0.7006288170814514,-0.3012894093990326,0.0,0.0
5796,1448.75,46.3316764831543,48.00222396850586,129.25094604492188,109.15209197998047,111.65972900390625,0.0004338903818279505,0.05695776641368866,21.0151424407959,0.7106378078460693,-0.2021992951631546,0.0,0.0
5797,1449,46.14710998535156,47.413333892822266,129.02655029296875,109.1529769897461,112.15701293945312,0.00043843008461408317,0.05697427690029144,21.01519203186035,0.7106378078460693,-0.24168476462364197,0.0,0.0
5798,1449.25,46.10641860961914,47.97279739379883,130.0500946044922,109.16002655029297,111.92047119140625,0.00044702127343043685,0.056996386498212814,21.015235900878906,0.720646858215332,-0.22231563925743103,0.0,0.0
5799,1449.5,46.14659881591797,47.529876708984375,133.09632873535156,109.15253448486328,111.35404205322266,0.0004547533462755382,0.0570162832736969,21.015275955200195,0.720646858215332,-0.17775893211364746,0.0,0.0
5800,1449.75,45.97991180419922,48.039058685302734,130.44241333007812,109.1710433959961,112.49825286865234,0.00046171218855306506,0.057034190744161606,21.01531219482422,0.73065584897995,-0.2672550082206726,0.0,0.0
5801,1450,46.041465759277344,48.01910400390625,131.36903381347656,109.15870666503906,112.45380401611328,0.0004679751582443714,0.05705030634999275,21.015111923217773,0.7406647801399231,-0.2647429406642914,0.0,0.0
5802,1450.25,46.142433166503906,48.03547668457031,128.28387451171875,109.16090393066406,112.23701477050781,0.0004736118426080793,0.05706481263041496,21.014930725097656,0.7406647801399231,-0.2473861426115036,0.0,0.0
5803,1450.5,46.43738555908203,47.593711853027344,128.4311981201172,109.17280578613281,112.63306427001953,0.0004786848439835012,0.05707786604762077,21.014768600463867,0.7406647801399231,-0.2777729630470276,0.0,0.0
5804,1450.75,46.20359802246094,47.98693084716797,127.7930908203125,109.16266632080078,112.61578369140625,0.00048260658513754606,0.05703160911798477,21.01462173461914,0.720646858215332,-0.277233749628067,0.0,0.0
5805,1451,45.638057708740234,48.23403549194336,129.2303466796875,109.16575622558594,112.25726318359375,0.00048613615217618644,0.05698997899889946,21.014490127563477,0.7106378078460693,-0.24859628081321716,0.0,0.0
5806,1451.25,46.26200485229492,47.76374053955078,132.18955993652344,109.17765045166016,112.51553344726562,0.0004893127479590476,0.05695251002907753,21.014371871948242,0.73065584897995,-0.2680834233760834,0.0,0.0
5807,1451.5,45.867958068847656,48.17463684082031,128.37623596191406,109.18426513671875,113.0533218383789,0.0004921716754324734,0.05691878870129585,21.014265060424805,0.7106378078460693,-0.30999210476875305,0.0,0.0
5808,1451.75,46.33376693725586,48.02943420410156,132.6169891357422,109.16399383544922,111.95207214355469,0.0004928140551783144,0.05688843876123428,21.014169692993164,0.6906198859214783,-0.22450505197048187,0.0,0.0
5809,1452,46.32740783691406,47.71942138671875,125.60783386230469,109.17015838623047,111.87899017333984,0.0004933922318741679,0.05686112493276596,21.014083862304688,0.7006288170814514,-0.21818965673446655,0.0,0.0
5810,1452.25,46.063621520996094,48.045631408691406,133.8527374267578,109.17501068115234,112.24935913085938,0.0004939125501550734,0.05683654174208641,21.014005661010742,0.7106378078460693,-0.24721483886241913,0.0,0.0
5811,1452.5,45.97795867919922,47.914154052734375,133.95120239257812,109.1895523071289,112.41429901123047,0.0004943808889947832,0.056814417243003845,21.013935089111328,0.7106378078460693,-0.2591003477573395,0.0,0.0
5812,1452.75,45.94655990600586,47.807090759277344,128.85862731933594,109.18206024169922,112.39306640625,0.0004948023706674576,0.056794505566358566,21.013872146606445,0.7106378078460693,-0.2580296993255615,0.0,0.0
5813,1453,46.60053253173828,47.58038330078125,129.78448486328125,109.17809295654297,112.41726684570312,0.0004913202137686312,0.05680558457970619,21.01381492614746,0.720646858215332,-0.2602694630622864,0.0,0.0
5814,1453.25,45.9946403503418,47.85227966308594,131.6300811767578,109.18734741210938,112.45182800292969,0.0004881862842012197,0.056815557181835175,21.013763427734375,0.7406647801399231,-0.26225125789642334,0.0,0.0
5815,1453.5,46.40043640136719,47.82942199707031,128.1777801513672,109.19219970703125,111.5263900756836,0.00048536574468016624,0.05682453140616417,21.013717651367188,0.73065584897995,-0.18829245865345,0.0,0.0
5816,1453.75,45.72285079956055,47.90826416015625,131.0263214111328,109.19396209716797,112.22565460205078,0.0004828272794838995,0.056832607835531235,21.013675689697266,0.73065584897995,-0.24378949403762817,0.0,0.0
5817,1454,46.355960845947266,47.49903869628906,127.19010925292969,109.18294525146484,112.52294158935547,0.00048054265789687634,0.05683987960219383,21.013639450073242,0.7406647801399231,-0.2682381570339203,0.0,0.0
5818,1454.25,46.267005920410156,47.59246826171875,130.73780822753906,109.20012664794922,111.79849243164062,0.0004675501259043813,0.05683192238211632,21.013607025146484,0.73065584897995,-0.20933879911899567,0.0,0.0
5819,1454.5,46.486934661865234,47.561737060546875,129.66387939453125,109.19792938232422,111.77824401855469,0.0004558568471111357,0.056824762374162674,21.01357650756836,0.720646858215332,-0.20790532231330872,0.0,0.0
5820,1454.75,46.11875534057617,47.78665542602539,128.97463989257812,109.19219970703125,111.91947937011719,0.00044533287291415036,0.056818317621946335,21.0135498046875,0.720646858215332,-0.21961334347724915,0.0,0.0
5821,1455,46.77765655517578,47.72330856323242,129.47076416015625,109.20145416259766,112.30713653564453,0.00043586132233031094,0.05681251734495163,21.013525009155273,0.720646858215332,-0.2496395707130432,0.0,0.0
5822,1455.25,46.40752029418945,47.993526458740234,132.80247497558594,109.1970443725586,112.8908462524414,0.00041062262607738376,0.05680004507303238,21.013504028320312,0.720646858215332,-0.2961468994617462,0.0,0.0
5823,1455.5,46.039310455322266,47.82579803466797,129.0051727294922,109.1983642578125,112.42170715332031,0.0003879078140016645,0.05678882077336311,21.013484954833984,0.720646858215332,-0.258968710899353,0.0,0.0
5824,1455.75,46.49883270263672,47.6817741394043,129.51504516601562,109.20938873291016,113.01480102539062,0.000367464468581602,0.056778717786073685,21.013700485229492,0.73065584897995,-0.304909884929657,0.0,0.0
5825,1456,45.96492004394531,47.83299255371094,130.634765625,109.2049789428711,112.22664642333984,0.0003490654635243118,0.05676962807774544,21.01389503479004,0.720646858215332,-0.24296990036964417,0.0,0.0
5826,1456.25,45.89748764038086,48.3596305847168,129.01966857910156,109.22745513916016,112.24639892578125,0.00032222786103375256,0.056761447340250015,21.014068603515625,0.7106378078460693,-0.24270488321781158,0.0,0.0
5827,1456.5,46.04182434082031,48.352699279785156,130.6095733642578,109.20762634277344,113.09085083007812,0.0002980740100611001,0.05674683302640915,21.014225006103516,0.720646858215332,-0.31104207038879395,0.0,0.0
5828,1456.75,46.487281799316406,47.60652160644531,133.78404235839844,109.20894622802734,112.29084014892578,0.00027633554418571293,0.05673367902636528,21.014366149902344,0.720646858215332,-0.24773694574832916,0.0,0.0
5829,1457,46.45550537109375,47.59254455566406,127.08019256591797,109.21026611328125,112.71306610107422,0.00025677093071863055,0.05672184005379677,21.014493942260742,0.720646858215332,-0.2810394763946533,0.0,0.0
5830,1457.25,46.26177215576172,47.83760070800781,129.2776641845703,109.21775817871094,112.35751342773438,0.0002391627785982564,0.05671118572354317,21.01460838317871,0.7106378078460693,-0.25230294466018677,0.0,0.0
5831,1457.5,46.44423294067383,48.154640197753906,132.2796173095703,109.2142333984375,111.6305923461914,0.0002233154373243451,0.056701596826314926,21.014711380004883,0.7106378078460693,-0.19480955600738525,0.0,0.0
5832,1457.75,46.19745635986328,48.08447265625,129.23110961914062,109.21247100830078,112.42713928222656,0.00021740366355516016,0.05668571963906288,21.01480484008789,0.7106378078460693,-0.25824877619743347,0.0,0.0
5833,1458,46.20591735839844,47.99663162231445,128.37623596191406,109.22128295898438,112.71504211425781,0.00021208307589404285,0.05667142942547798,21.014888763427734,0.720646858215332,-0.2802974581718445,0.0,0.0
5834,1458.25,46.39268112182617,47.96242141723633,130.3859405517578,109.21379089355469,112.69479370117188,0.0002072945499094203,0.05665856599807739,21.014963150024414,0.720646858215332,-0.27930861711502075,0.0,0.0
5835,1458.5,46.11867141723633,47.879852294921875,129.13417053222656,109.21158599853516,112.17084503173828,0.0002029848692473024,0.056661490350961685,21.015029907226562,0.7106378078460693,-0.23800428211688995,0.0,0.0
5836,1458.75,46.09162521362305,47.82767868041992,133.4298858642578,109.22480773925781,112.0562744140625,0.0002145325270248577,0.0566641204059124,21.015090942382812,0.7106378078460693,-0.22782935202121735,0.0,0.0
5837,1459,46.2075309753418,47.80562973022461,127.89155578613281,109.22216796875,111.9782485961914,0.00022492541756946594,0.05666648969054222,21.015146255493164,0.720646858215332,-0.22184397280216217,0.0,0.0
5838,1459.25,45.95256423950195,48.31829833984375,129.5608367919922,109.22701263427734,112.33924102783203,0.0002342790103284642,0.05666862055659294,21.015195846557617,0.73065584897995,-0.250100702047348,0.0,0.0
5839,1459.5,45.8779411315918,48.22018814086914,130.49508666992188,109.2301025390625,113.03060150146484,0.00024269724963232875,0.05667053908109665,21.015239715576172,0.7406647801399231,-0.30446621775627136,0.0,0.0
5840,1459.75,46.642913818359375,48.20940017700195,129.05555725097656,109.23053741455078,113.25677490234375,0.00026442561647854745,0.05667226389050484,21.01527976989746,0.7406647801399231,-0.3222258388996124,0.0,0.0
5841,1460,45.84564208984375,48.527095794677734,130.16000366210938,109.22966003417969,112.22467041015625,0.00028398114955052733,0.056652069091796875,21.015316009521484,0.720646858215332,-0.2408015877008438,0.0,0.0
5842,1460.25,46.28696060180664,48.0923957824707,127.26261901855469,109.23362731933594,111.87997436523438,0.00030158113804645836,0.05663389340043068,21.015348434448242,0.7106378078460693,-0.2130938470363617,0.0,0.0
5843,1460.5,46.68552017211914,47.86974334716797,129.73638916015625,109.24067687988281,112.74911499023438,0.00031742113060317934,0.05661753565073013,21.015377044677734,0.7006288170814514,-0.2814074754714966,0.0,0.0
5844,1460.75,46.109046936035156,47.74877166748047,129.438720703125,109.23847198486328,112.21183013916016,0.00034519529435783625,0.05660281330347061,21.015403747558594,0.7006288170814514,-0.23906487226486206,0.0,0.0
5845,1461,46.15831756591797,47.5831298828125,128.84182739257812,109.24199676513672,112.07948303222656,0.00037019202136434615,0.056582313030958176,21.015426635742188,0.7006288170814514,-0.22827191650867462,0.0,0.0
5846,1461.25,46.046913146972656,48.242252349853516,131.7201385498047,109.25037384033203,112.81726837158203,0.0003926890785805881,0.056563861668109894,21.01544761657715,0.7106378078460693,-0.28599682450294495,0.0,0.0
5847,1461.5,46.15861129760742,47.896053314208984,130.230224609375,109.2569808959961,112.98220825195312,0.000412936438806355,0.05654725804924965,21.015466690063477,0.7006288170814514,-0.29846370220184326,0.0,0.0
5848,1461.75,46.432884216308594,47.845558166503906,127.7381362915039,109.25081634521484,112.63455200195312,0.000442109361756593,0.05653231218457222,21.015483856201172,0.7006288170814514,-0.27153128385543823,0.0,0.0
5849,1462,45.736297607421875,48.49940872192383,127.61830139160156,109.25389862060547,112.86318969726562,0.00046836500405333936,0.05651886388659477,21.015499114990234,0.73065584897995,-0.2893321216106415,0.0,0.0
5850,1462.25,46.36166000366211,48.168453216552734,128.81283569335938,109.25345611572266,113.0577621459961,0.000491995073389262,0.056492261588573456,21.015512466430664,0.73065584897995,-0.3047018051147461,0.0,0.0
5851,1462.5,46.565406799316406,47.47859573364258,131.7430419921875,109.25434112548828,112.71949005126953,0.000513262115418911,0.05646831914782524,21.015525817871094,0.73065584897995,-0.27795469760894775,0.0,0.0
5852,1462.75,46.31430435180664,48.15818405151367,132.0330810546875,109.25169372558594,112.12738800048828,0.0005324024823494256,0.05644677206873894,21.01553726196289,0.7406647801399231,-0.23128613829612732,0.0,0.0
5853,1463,46.25740432739258,47.87174606323242,130.62026977539062,109.26007080078125,112.61726379394531,0.0005502733984030783,0.056427378207445145,21.015546798706055,0.7406647801399231,-0.26941120624542236,0.0,0.0
5854,1463.25,46.20560836791992,47.824440002441406,127.44580078125,109.26756286621094,112.72195434570312,0.0005663572228513658,0.05643167346715927,21.01555633544922,0.73065584897995,-0.2770722806453705,0.0,0.0
5855,1463.5,46.39219665527344,47.89231491088867,131.02479553222656,109.26094818115234,112.69430541992188,0.0005808326532132924,0.056435536593198776,21.01556396484375,0.720646858215332,-0.27542757987976074,0.0,0.0
5856,1463.75,46.213016510009766,48.39030075073242,129.59442138671875,109.25566101074219,112.34713745117188,0.0005938605172559619,0.05643901601433754,21.01557159423828,0.7406647801399231,-0.2483922243118286,0.0,0.0
5857,1464,45.896141052246094,47.91840362548828,126.55811309814453,109.2728500366211,112.55355834960938,0.0006055856356397271,0.05644214525818825,21.015579223632812,0.73065584897995,-0.2633327841758728,0.0,0.0
5858,1464.25,46.40375900268555,47.87422180175781,126.10320281982422,109.27637481689453,112.6666488647461,0.0006161382189020514,0.05643771216273308,21.01558494567871,0.720646858215332,-0.27198532223701477,0.0,0.0
5859,1464.5,45.808929443359375,48.14387130737305,133.6413116455078,109.2662353515625,112.50418090820312,0.0006133968126960099,0.056433722376823425,21.01559066772461,0.720646858215332,-0.25996512174606323,0.0,0.0
5860,1464.75,46.10666275024414,48.11227035522461,131.83004760742188,109.2662353515625,112.29479217529297,0.0006109295645728707,0.05643013119697571,21.015596389770508,0.720646858215332,-0.2433815896511078,0.0,0.0
5861,1465,46.23194122314453,47.83443832397461,130.0981903076172,109.28166198730469,112.49825286865234,0.0006087090587243438,0.05642689764499664,21.015600204467773,0.73065584897995,-0.2582394778728485,0.0,0.0
5862,1465.25,45.984352111816406,47.981258392333984,130.2470245361328,109.2807846069336,112.75060272216797,0.0006067106151022017,0.05643123760819435,21.01560401916504,0.73065584897995,-0.2782573997974396,0.0,0.0
5863,1465.5,46.3354377746582,47.634090423583984,127.57937622070312,109.27593231201172,112.33824920654297,0.0006023364840075374,0.05643514543771744,21.015607833862305,0.7106378078460693,-0.24603600800037384,0.0,0.0
5864,1465.75,46.623714447021484,47.4864616394043,128.1785430908203,109.27593231201172,113.50912475585938,0.0005983997834846377,0.056438662111759186,21.01561164855957,0.7006288170814514,-0.33833974599838257,0.0,0.0
5865,1466,45.88517379760742,47.83778762817383,127.7900390625,109.2992935180664,112.70911407470703,0.0005948567413724959,0.05644182860851288,21.015613555908203,0.7006288170814514,-0.27347344160079956,0.0,0.0
5866,1466.25,45.99190139770508,48.36207580566406,129.34864807128906,109.28386688232422,111.85577392578125,0.0005916680092923343,0.0564446784555912,21.015615463256836,0.7006288170814514,-0.20707492530345917,0.0,0.0
5867,1466.5,46.23731994628906,47.82349395751953,126.81381225585938,109.28430938720703,112.54071807861328,0.0005926616722717881,0.056468989700078964,21.01561737060547,0.7006288170814514,-0.2613835334777832,0.0,0.0
5868,1466.75,45.541107177734375,48.34457778930664,126.98631286621094,109.28694915771484,113.07010650634766,0.0005935559747740626,0.05649087205529213,21.0156192779541,0.720646858215332,-0.30294546484947205,0.0,0.0
5869,1467,45.848541259765625,48.313697814941406,126.82755279541016,109.28121948242188,113.52937316894531,0.0005943608703091741,0.0565105639398098,21.015621185302734,0.720646858215332,-0.3394967019557953,0.0,0.0
5870,1467.25,46.409210205078125,47.99515914916992,129.87225341796875,109.29708862304688,112.75504302978516,0.0005950852646492422,0.05652828887104988,21.015623092651367,0.7106378078460693,-0.27727973461151123,0.0,0.0
5871,1467.5,46.14396286010742,47.86802291870117,129.0181427001953,109.29488372802734,112.36540985107422,0.0006041104206815362,0.056544240564107895,21.015625,0.720646858215332,-0.2466447800397873,0.0,0.0
5872,1467.75,45.73987579345703,48.22447204589844,131.24996948242188,109.28959655761719,112.49528503417969,0.0006122330669313669,0.05655859783291817,21.015626907348633,0.720646858215332,-0.25735846161842346,0.0,0.0
5873,1468,45.84122085571289,47.90943908691406,130.34091186523438,109.28386688232422,113.18270111083984,0.0006195434252731502,0.056586019694805145,21.015628814697266,0.7106378078460693,-0.31205642223358154,0.0,0.0
5874,1468.25,45.98793411254883,47.7833251953125,129.06394958496094,109.30326080322266,113.32097625732422,0.0006261227536015213,0.056610699743032455,21.0156307220459,0.720646858215332,-0.32134559750556946,0.0,0.0
5875,1468.5,46.464237213134766,47.90053176879883,127.8678970336914,109.29753112792969,112.90072631835938,0.0006320441607385874,0.056632913649082184,21.0156307220459,0.7106378078460693,-0.288737952709198,0.0,0.0
5876,1468.75,45.804443359375,48.254859924316406,128.97998046875,109.28607177734375,112.1412124633789,0.0006451061926782131,0.05665290355682373,21.0156307220459,0.7006288170814514,-0.22958289086818695,0.0,0.0
5877,1469,46.24105453491211,48.17978286743164,129.8234100341797,109.29047393798828,112.55504608154297,0.0006568619864992797,0.05664914473891258,21.0156307220459,0.7106378078460693,-0.2620146572589874,0.0,0.0
5878,1469.25,46.04277038574219,47.84550094604492,128.1151885986328,109.30237579345703,112.69824981689453,0.000667442218400538,0.05664576217532158,21.0156307220459,0.720646858215332,-0.27236446738243103,0.0,0.0
5879,1469.5,45.70382308959961,47.75298309326172,132.45364379882812,109.30590057373047,112.32738494873047,0.0006769644096493721,0.05664271488785744,21.0156307220459,0.73065584897995,-0.24273434281349182,0.0,0.0
5880,1469.75,46.20470428466797,47.590877532958984,129.17767333984375,109.30766296386719,112.04689025878906,0.0006855343817733228,0.05663997307419777,21.015398025512695,0.720646858215332,-0.22033345699310303,0.0,0.0
5881,1470,46.34668731689453,47.83644485473633,129.9905548095703,109.30810546875,112.35404968261719,0.0006932473625056446,0.056623008102178574,21.015188217163086,0.73065584897995,-0.24466753005981445,0.0,0.0
5882,1470.25,46.08832550048828,47.76803207397461,132.1689453125,109.31251525878906,112.57677459716797,0.0007143733673729002,0.05660773813724518,21.014999389648438,0.7406647801399231,-0.2619381546974182,0.0,0.0
5883,1470.5,45.816734313964844,48.114593505859375,129.58450317382812,109.30810546875,112.34467315673828,0.0007333867833949625,0.05659399554133415,21.014829635620117,0.73065584897995,-0.24392475187778473,0.0,0.0
5884,1470.75,45.57024383544922,48.15732955932617,129.2013397216797,109.30590057373047,113.04739379882812,0.0007504988461732864,0.05658162757754326,21.014677047729492,0.720646858215332,-0.2996132969856262,0.0,0.0
5885,1471,46.10021209716797,48.26579666137695,127.33741760253906,109.30986785888672,113.04442596435547,0.0007658997201360762,0.05658499523997307,21.014371871948242,0.73065584897995,-0.2990562915802002,0.0,0.0
5886,1471.25,46.111812591552734,47.91886520385742,130.36685180664062,109.31251525878906,112.50763702392578,0.0007797604775987566,0.056588027626276016,21.014097213745117,0.7606827616691589,-0.25646933913230896,0.0,0.0
5887,1471.5,46.03681945800781,48.012847900390625,129.08531188964844,109.30237579345703,113.23307037353516,0.0007928804261609912,0.05659075453877449,21.013851165771484,0.750673770904541,-0.31450989842414856,0.0,0.0
5888,1471.75,46.33503723144531,47.56700897216797,127.25727081298828,109.29840850830078,113.23899841308594,0.0008046883740462363,0.05659320950508118,21.013629913330078,0.750673770904541,-0.3152987062931061,0.0,0.0
5889,1472,45.76774978637695,48.17674255371094,131.0828094482422,109.31824493408203,113.0794906616211,0.0008153155795298517,0.05658816918730736,21.013429641723633,0.7406647801399231,-0.3011351525783539,0.0,0.0
5890,1472.25,46.04292678833008,48.04265594482422,129.6051025390625,109.31427764892578,112.79949188232422,0.000824880029540509,0.05658363178372383,21.01325035095215,0.73065584897995,-0.27938851714134216,0.0,0.0
5891,1472.5,46.114139556884766,47.79229736328125,131.7682342529297,109.31031036376953,112.68738555908203,0.0008334880694746971,0.05657954886555672,21.01308822631836,0.7406647801399231,-0.2708595395088196,0.0,0.0
5892,1472.75,45.67660140991211,48.49747848510742,131.3514862060547,109.31118774414062,113.7204818725586,0.0008283393690362573,0.056575875729322433,21.012943267822266,0.7606827616691589,-0.3520283102989197,0.0,0.0
5893,1473,45.949893951416016,47.908294677734375,127.40306091308594,109.3173599243164,112.98121643066406,0.000823705573566258,0.0565725676715374,21.0128116607666,0.750673770904541,-0.29346761107444763,0.0,0.0
5894,1473.25,46.15852355957031,48.15655517578125,131.05227661132812,109.32837677001953,112.56739044189453,0.0008195351110771298,0.05656959116458893,21.012693405151367,0.7406647801399231,-0.25990450382232666,0.0,0.0
5895,1473.5,46.12504577636719,47.835811614990234,131.61175537109375,109.31383514404297,112.76393127441406,0.0008157817064784467,0.056566912680864334,21.01258659362793,0.720646858215332,-0.2766174077987671,0.0,0.0
5896,1473.75,45.54336166381836,48.12608337402344,130.45921325683594,109.30502319335938,113.09776306152344,0.0008124036248773336,0.056550003588199615,21.01249122619629,0.73065584897995,-0.3036503493785858,0.0,0.0
5897,1474,46.1076774597168,47.78733444213867,128.5952911376953,109.32044219970703,112.23849487304688,0.0007842410705052316,0.0565347857773304,21.012405395507812,0.73065584897995,-0.2345024049282074,0.0,0.0
5898,1474.25,46.2324333190918,47.83638000488281,129.83485412597656,109.32661437988281,112.79603576660156,0.0007588947773911059,0.056521087884902954,21.0123291015625,0.720646858215332,-0.2781112790107727,0.0,0.0
5899,1474.5,46.25923538208008,47.629051208496094,137.38670349121094,109.32221221923828,113.26665496826172,0.0007360830786637962,0.056508760899305344,21.01226043701172,0.720646858215332,-0.3155340254306793,0.0,0.0
5900,1474.75,45.81243133544922,47.7265625,130.14169311523438,109.32308959960938,113.73628997802734,0.0007155525963753462,0.056497666984796524,21.012197494506836,0.7106378078460693,-0.3522965908050537,0.0,0.0
5901,1475,45.94730758666992,47.707176208496094,130.4011993408203,109.32705688476562,112.33627319335938,0.0006758435047231615,0.056487683206796646,21.01214027404785,0.7106378078460693,-0.24171583354473114,0.0,0.0
5902,1475.25,46.01460647583008,47.818870544433594,129.59518432617188,109.32926177978516,112.81381225585938,0.0006401052814908326,0.056478697806596756,21.0123233795166,0.720646858215332,-0.27929818630218506,0.0,0.0
5903,1475.5,46.01589584350586,48.09720230102539,130.68360900878906,109.32308959960938,112.2538070678711,0.0006079408922232687,0.056470610201358795,21.012487411499023,0.7106378078460693,-0.23550155758857727,0.0,0.0
5904,1475.75,46.61551284790039,47.41010665893555,127.16567993164062,109.32221221923828,113.3486328125,0.0005789929418824613,0.0564633309841156,21.012636184692383,0.6906198859214783,-0.3219749629497528,0.0,0.0
5905,1476,45.85520553588867,47.87593460083008,127.1099624633789,109.34248352050781,112.97480010986328,0.0005420114612206817,0.056456778198480606,21.01276969909668,0.6906198859214783,-0.2909163534641266,0.0,0.0
5906,1476.25,46.38082504272461,47.60976791381836,131.13088989257812,109.32705688476562,113.36986541748047,0.0005087281460873783,0.05645088106393814,21.012889862060547,0.7106378078460693,-0.3232475519180298,0.0,0.0
5907,1476.5,45.88209533691406,47.86576843261719,128.8693084716797,109.323974609375,114.04838562011719,0.0004787731741089374,0.05644557252526283,21.012996673583984,0.7006288170814514,-0.37661877274513245,0.0,0.0
5908,1476.75,45.850547790527344,48.33195495605469,130.8927459716797,109.323974609375,112.65331268310547,0.00045181368477642536,0.056440796703100204,21.013093948364258,0.720646858215332,-0.2670549154281616,0.0,0.0
5909,1477,45.9175910949707,47.61674499511719,128.44569396972656,109.33631134033203,112.80838012695312,0.0004275501414667815,0.05643649771809578,21.013181686401367,0.7106378078460693,-0.27829575538635254,0.0,0.0
5910,1477.25,45.98176956176758,47.73863983154297,126.87715911865234,109.32661437988281,112.97183227539062,0.00040571295539848506,0.056432630866765976,21.013259887695312,0.7106378078460693,-0.2919744849205017,0.0,0.0
5911,1477.5,45.990943908691406,48.08407974243164,127.63127899169922,109.33102416992188,112.47702026367188,0.0003860594879370183,0.056429147720336914,21.013330459594727,0.720646858215332,-0.25253933668136597,0.0,0.0
5912,1477.75,45.533084869384766,48.51724624633789,130.76376342773438,109.3327865600586,112.50763702392578,0.00036837137304246426,0.056455012410879135,21.01339340209961,0.7106378078460693,-0.2548186182975769,0.0,0.0
5913,1478,45.98455047607422,48.05258560180664,130.018798828125,109.36275482177734,112.34269714355469,0.0003524520725477487,0.056478291749954224,21.013450622558594,0.73065584897995,-0.2393183410167694,0.0,0.0
5914,1478.25,45.919456481933594,47.719417572021484,130.3279266357422,109.32926177978516,113.30665588378906,0.00033812469337135553,0.05649924278259277,21.01350212097168,0.73065584897995,-0.3181033432483673,0.0,0.0
5915,1478.5,45.96845245361328,47.85873794555664,129.60739135742188,109.32705688476562,112.59010314941406,0.0003335865039844066,0.056525349617004395,21.013547897338867,0.7606827616691589,-0.26180756092071533,0.0,0.0
5916,1478.75,45.71439743041992,47.618377685546875,130.34014892578125,109.32837677001953,112.15998077392578,0.0003295021306257695,0.056548845022916794,21.01358985900879,0.7406647801399231,-0.22762738168239594,0.0,0.0
5917,1479,45.83698654174805,47.963016510009766,128.6357421875,109.33454895019531,113.00048065185547,0.0003258262004237622,0.05656999349594116,21.013628005981445,0.7106378078460693,-0.29358550906181335,0.0,0.0
5918,1479.25,45.67362594604492,48.12874221801758,127.26567077636719,109.33190155029297,112.43207550048828,0.00032251785160042346,0.056589026004076004,21.013662338256836,0.7106378078460693,-0.24891002476215363,0.0,0.0
5919,1479.5,45.99504470825195,48.1622200012207,130.9499969482422,109.32353210449219,111.91899108886719,0.00032532779732719064,0.05660615488886833,21.01369285583496,0.7106378078460693,-0.20887380838394165,0.0,0.0
5920,1479.75,46.25880432128906,47.381141662597656,132.62538146972656,109.33058166503906,112.43602752685547,0.00032785674557089806,0.05662882328033447,21.01371955871582,0.720646858215332,-0.24933017790317535,0.0,0.0
5921,1480,46.04795837402344,48.173641204833984,129.11203002929688,109.33543395996094,111.87158203125,0.00033013278152793646,0.05664922297000885,21.013744354248047,0.73065584897995,-0.20413294434547424,0.0,0.0
5922,1480.25,46.163936614990234,48.207889556884766,129.10592651367188,109.35218048095703,112.30565643310547,0.0003321812255308032,0.05666758120059967,21.01376724243164,0.73065584897995,-0.23724353313446045,0.0,0.0
5923,1480.5,45.57819366455078,48.020198822021484,129.7760772705078,109.33013916015625,111.81824493408203,0.00033402483677491546,0.05668410658836365,21.01378631591797,0.7406647801399231,-0.20031927525997162,0.0,0.0
5924,1480.75,46.35680389404297,47.44499206542969,131.28126525878906,109.32970428466797,112.42269897460938,0.0003466204507276416,0.05669897794723511,21.013803482055664,0.7406647801399231,-0.24834638833999634,0.0,0.0
5925,1481,45.65738296508789,47.923038482666016,130.99578857421875,109.33939361572266,111.91256713867188,0.0003579565091058612,0.056705109775066376,21.01382064819336,0.720646858215332,-0.20707164704799652,0.0,0.0
5926,1481.25,46.46009826660156,47.66236114501953,128.58460998535156,109.33454895019531,112.75997924804688,0.00036815894418396056,0.056710630655288696,21.013835906982422,0.7106378078460693,-0.2746187150478363,0.0,0.0
5927,1481.5,46.335506439208984,47.7898063659668,128.4556121826172,109.33102416992188,113.0424575805664,0.0003773411444853991,0.056715600192546844,21.01384925842285,0.720646858215332,-0.2971787452697754,0.0,0.0
5928,1481.75,46.39371871948242,47.4107666015625,128.2922821044922,109.33146667480469,112.64590454101562,0.00039526025648228824,0.056720070540905,21.01386070251465,0.7406647801399231,-0.26585978269577026,0.0,0.0
5929,1482,45.4904670715332,47.61847686767578,129.44863891601562,109.3587875366211,112.9688720703125,0.00041138744563795626,0.05672409385442734,21.01363754272461,0.7406647801399231,-0.2891216278076172,0.0,0.0
5930,1482.25,45.60551452636719,48.24745178222656,126.71000671386719,109.35570526123047,112.84689331054688,0.00042590193334035575,0.05672771483659744,21.013437271118164,0.7406647801399231,-0.2797553837299347,0.0,0.0
5931,1482.5,45.64650344848633,48.1846923828125,130.38975524902344,109.33807373046875,112.60244750976562,0.00045522896107286215,0.0567309744656086,21.013093948364258,0.73065584897995,-0.2618868052959442,0.0,0.0
5932,1482.75,45.98488998413086,47.63507080078125,126.9595947265625,109.34027862548828,112.94072723388672,0.00045522896107286215,0.056733909994363785,21.013093948364258,0.73065584897995,-0.2884107530117035,0.0,0.0
5933,1483,45.726783752441406,48.00242614746094,133.37110900878906,109.3671646118164,112.06565856933594,0.0004698665579780936,0.056736551225185394,21.01294708251953,0.7406647801399231,-0.21697984635829926,0.0,0.0
5934,1483.25,46.11222839355469,47.82453918457031,128.2266387939453,109.33719635009766,112.86418151855469,0.0004830403777305037,0.05674617737531662,21.012815475463867,0.7406647801399231,-0.28262606263160706,0.0,0.0
5935,1483.5,45.919158935546875,47.77088928222656,130.28823852539062,109.33895874023438,112.8839340209961,0.0004948968417011201,0.05675484240055084,21.012697219848633,0.750673770904541,-0.2840403914451599,0.0,0.0
5936,1483.75,46.338966369628906,47.462764739990234,129.5646514892578,109.3407211303711,113.7199935913086,0.0005055676447227597,0.05676263943314552,21.012590408325195,0.750673770904541,-0.34958547353744507,0.0,0.0
5937,1484,45.81175231933594,48.13322448730469,131.69036865234375,109.34468841552734,113.26665496826172,0.0005113078514114022,0.056769657880067825,21.012495040893555,0.73065584897995,-0.31370407342910767,0.0,0.0
5938,1484.25,46.05690002441406,47.82113265991211,135.09535217285156,109.34468841552734,113.45134735107422,0.0005164740141481161,0.056797727942466736,21.012409210205078,0.73065584897995,-0.3282081186771393,0.0,0.0
5939,1484.5,45.85586166381836,47.8900032043457,129.35093688964844,109.3407211303711,112.37924194335938,0.000521123583894223,0.056822989135980606,21.012331008911133,0.73065584897995,-0.2440076321363449,0.0,0.0
5940,1484.75,45.532875061035156,48.47115707397461,129.90354919433594,109.35746765136719,112.89381408691406,0.0005253081908449531,0.05684572458267212,21.01226043701172,0.73065584897995,-0.28331291675567627,0.0,0.0
5941,1485,45.708065032958984,47.930599212646484,130.28518676757812,109.3499755859375,112.0128173828125,0.0005290743429213762,0.05686618760228157,21.012197494506836,0.73065584897995,-0.2141808122396469,0.0,0.0
5942,1485.25,46.242340087890625,47.666988372802734,128.39454650878906,109.3332290649414,112.85529327392578,0.0005324638332240283,0.056906357407569885,21.01214027404785,0.73065584897995,-0.2822481393814087,0.0,0.0
5943,1485.5,45.867431640625,47.97861099243164,132.27198791503906,109.34468841552734,112.57183074951172,0.0005355143803171813,0.056975048035383224,21.012088775634766,0.7406647801399231,-0.2589271664619446,0.0,0.0
5944,1485.75,46.07814407348633,48.19204330444336,133.01084899902344,109.34600830078125,112.49775695800781,0.0005279610631987453,0.056975048035383224,21.012042999267578,0.7406647801399231,-0.2529601752758026,0.0,0.0
5945,1486,46.13218307495117,47.98383331298828,130.29739379882812,109.35570526123047,113.28492736816406,0.0005211630486883223,0.057004332542419434,21.011770248413086,0.73065584897995,-0.3142433166503906,0.0,0.0
5946,1486.25,46.39971923828125,47.78284454345703,130.76910400390625,109.34159851074219,112.08541107177734,0.0005150448414497077,0.05703068897128105,21.011524200439453,0.720646858215332,-0.22063042223453522,0.0,0.0
5947,1486.5,46.1536750793457,47.849761962890625,129.74937438964844,109.34953308105469,112.85282135009766,0.0005095384549349546,0.057039905339479446,21.011302947998047,0.7106378078460693,-0.2807256877422333,0.0,0.0
5948,1486.75,45.6337890625,47.380821228027344,131.9895782470703,109.35394287109375,113.20442962646484,0.0005000787787139416,0.05704820156097412,21.0111026763916,0.720646858215332,-0.3080589473247528,0.0,0.0
5949,1487,45.918907165527344,48.11892318725586,130.9988555908203,109.35218048095703,112.77281951904297,0.0004915650351904333,0.05705566704273224,21.010923385620117,0.720646858215332,-0.27419736981391907,0.0,0.0
5950,1487.25,46.054107666015625,48.09092330932617,132.29107666015625,109.35305786132812,111.81429290771484,0.00048390269512310624,0.057062387466430664,21.010761260986328,0.720646858215332,-0.1981385052204132,0.0,0.0
5951,1487.5,46.023223876953125,48.13133239746094,133.62680053710938,109.34688568115234,112.93331909179688,0.00047700657160021365,0.05706843361258507,21.010616302490234,0.7106378078460693,-0.2872889041900635,0.0,0.0
5952,1487.75,45.962486267089844,48.39802169799805,130.49508666992188,109.3508529663086,113.11998748779297,0.0004669402842409909,0.05707387626171112,21.01048469543457,0.73065584897995,-0.30166754126548767,0.0,0.0
5953,1488,46.19532012939453,48.03802490234375,129.07691955566406,109.35791015625,112.99998474121094,0.00045788061106577516,0.0570787750184536,21.01059913635254,0.7406647801399231,-0.2916443943977356,0.0,0.0
5954,1488.25,46.14347457885742,48.25436782836914,127.75492858886719,109.34645080566406,113.23208618164062,0.0004497269110288471,0.05708318203687668,21.01070213317871,0.7406647801399231,-0.3108431398868561,0.0,0.0
5955,1488.5,46.40694808959961,47.4981689453125,129.21583557128906,109.34556579589844,113.23899841308594,0.0004423885839059949,0.05708714947104454,21.01079559326172,0.73065584897995,-0.31145909428596497,0.0,0.0
5956,1488.75,45.58466720581055,48.21778869628906,128.32432556152344,109.37024688720703,112.65628051757812,0.00043256807839497924,0.057090722024440765,21.010879516601562,0.7406647801399231,-0.2635224461555481,0.0,0.0
5957,1489,45.877891540527344,47.8394660949707,129.80050659179688,109.36451721191406,112.44245147705078,0.00042372962343506515,0.05709393694996834,21.010723114013672,0.73065584897995,-0.24707628786563873,0.0,0.0
5958,1489.25,46.13374328613281,48.102272033691406,128.49148559570312,109.35218048095703,112.13232421875,0.0004157750227022916,0.05708957836031914,21.010581970214844,0.720646858215332,-0.2234940528869629,0.0,0.0
5959,1489.5,46.08058166503906,48.1248664855957,130.01422119140625,109.34688568115234,113.47406005859375,0.00040861585875973105,0.05708565562963486,21.010454177856445,0.73065584897995,-0.3298113942146301,0.0,0.0
5960,1489.75,46.07475662231445,48.03604507446289,128.51133728027344,109.35394287109375,112.79899597167969,0.0003950997779611498,0.057082124054431915,21.010339736938477,0.7106378078460693,-0.2761198878288269,0.0,0.0
5961,1490,46.23660659790039,48.156192779541016,129.1639404296875,109.35570526123047,112.95257568359375,0.00038293530815280974,0.05707894638180733,21.010469436645508,0.7006288170814514,-0.28808847069740295,0.0,0.0
5962,1490.25,46.242156982421875,48.33955001831055,128.79298400878906,109.34953308105469,112.66022491455078,0.00037198729114606977,0.05705433338880539,21.01058578491211,0.720646858215332,-0.265520304441452,0.0,0.0
5963,1490.5,46.03514862060547,48.18326187133789,131.73541259765625,109.3693618774414,113.8271484375,0.00036213407292962074,0.057032182812690735,21.010690689086914,0.7106378078460693,-0.3556380569934845,0.0,0.0
5964,1490.75,46.156707763671875,48.076412200927734,129.90431213378906,109.37641906738281,113.5318374633789,0.00034683849662542343,0.05701224505901337,21.010784149169922,0.7106378078460693,-0.3319387137889862,0.0,0.0
5965,1491,46.03263854980469,47.83099365234375,128.82275390625,109.3587875366211,112.61627960205078,0.00033307247213087976,0.056994304060935974,21.0108699798584,0.7106378078460693,-0.2612939178943634,0.0,0.0
5966,1491.25,45.77949523925781,48.08781814575195,133.0337371826172,109.35437774658203,113.08146667480469,0.0003206830588169396,0.056992657482624054,21.01094627380371,0.720646858215332,-0.2983490228652954,0.0,0.0
5967,1491.5,46.062740325927734,47.769283294677734,132.1407012939453,109.35614013671875,112.52985382080078,0.0003095325955655426,0.056991174817085266,21.011014938354492,0.720646858215332,-0.2546750009059906,0.0,0.0
5968,1491.75,46.35243225097656,48.10896682739258,128.3548583984375,109.36583709716797,111.93331146240234,0.00029949715826660395,0.05698984116315842,21.011075973510742,0.7406647801399231,-0.20656876266002655,0.0,0.0
5969,1492,45.99764633178711,47.933860778808594,129.9974365234375,109.36407470703125,112.979736328125,0.0002904652792494744,0.056988637894392014,21.011131286621094,0.720646858215332,-0.28954753279685974,0.0,0.0
5970,1492.25,46.07960510253906,47.78904724121094,130.90115356445312,109.35437774658203,112.65430450439453,0.0002791237202472985,0.056994806975126266,21.011180877685547,0.720646858215332,-0.26465824246406555,0.0,0.0
5971,1492.5,46.07392501831055,47.97308349609375,128.9013671875,109.3592300415039,112.09676361083984,0.00026891633751802146,0.05700036138296127,21.011226654052734,0.73065584897995,-0.22009630501270294,0.0,0.0
5972,1492.75,46.03890609741211,48.10403060913086,131.2186737060547,109.36980438232422,112.37084197998047,0.000259729684330523,0.05700536072254181,21.011266708374023,0.73065584897995,-0.24097493290901184,0.0,0.0
5973,1493,46.1106071472168,48.21859359741211,131.93003845214844,109.36583709716797,113.3362808227539,0.00025146169355139136,0.05700985714793205,21.011070251464844,0.73065584897995,-0.3174528479576111,0.0,0.0
5974,1493.25,46.2192268371582,48.11671447753906,129.50205993652344,109.35967254638672,112.37479400634766,0.00024402051349170506,0.05701390653848648,21.010894775390625,0.720646858215332,-0.2421122044324875,0.0,0.0
5975,1493.5,45.955230712890625,48.03089904785156,127.36260223388672,109.36231231689453,112.98912048339844,0.0002373234456172213,0.057017549872398376,21.0107364654541,0.720646858215332,-0.29043006896972656,0.0,0.0
5976,1493.75,45.66380310058594,48.03762435913086,129.2112579345703,109.37289428710938,114.05036163330078,0.0002319385384907946,0.05702082812786102,21.01059341430664,0.720646858215332,-0.37279021739959717,0.0,0.0
5977,1494,46.406795501708984,48.072906494140625,128.05413818359375,109.36186981201172,113.23011016845703,0.00022709212498739362,0.057023778557777405,21.010698318481445,0.7406647801399231,-0.3094328045845032,0.0,0.0
5978,1494.25,46.33647918701172,48.066410064697266,131.8537139892578,109.36231231689453,112.97875213623047,0.00022273034846875817,0.05702643468976021,21.010791778564453,0.73065584897995,-0.2896133065223694,0.0,0.0
5979,1494.5,45.91253662109375,47.76303482055664,130.19435119628906,109.37113189697266,112.93727111816406,0.00021880475105717778,0.056999821215867996,21.010875701904297,0.73065584897995,-0.2856264114379883,0.0,0.0
5980,1494.75,46.283058166503906,47.44554138183594,129.15248107910156,109.37245178222656,112.62812805175781,0.00021527170611079782,0.056975871324539185,21.01095199584961,0.73065584897995,-0.26111799478530884,0.0,0.0
5981,1495,46.211063385009766,47.988563537597656,127.18399810791016,109.3667221069336,112.56936645507812,0.00021466237376444042,0.056954316794872284,21.01102066040039,0.7406647801399231,-0.25693902373313904,0.0,0.0
5982,1495.25,46.2495002746582,47.93364334106445,129.09371948242188,109.37950134277344,112.76788330078125,0.00021411397028714418,0.056934915482997894,21.011314392089844,0.73065584897995,-0.27158379554748535,0.0,0.0
5983,1495.5,45.88531494140625,47.96996307373047,129.77149963378906,109.36848449707031,112.50022888183594,0.00021362041297834367,0.056917455047369,21.011579513549805,0.73065584897995,-0.25132647156715393,0.0,0.0
5984,1495.75,46.01609802246094,47.878334045410156,130.07681274414062,109.38126373291016,112.62368774414062,0.00021317620121408254,0.05690174177289009,21.011817932128906,0.720646858215332,-0.26004981994628906,0.0,0.0
5985,1496,46.14202880859375,48.12556457519531,127.34275817871094,109.37905883789062,112.83504486083984,0.00021984687191434205,0.05688760057091713,21.01203155517578,0.720646858215332,-0.2769201397895813,0.0,0.0
5986,1496.25,45.63331985473633,48.01616668701172,127.93429565429688,109.38875579833984,113.1515884399414,0.00022585048282053322,0.056874871253967285,21.01245880126953,0.720646858215332,-0.3010692894458771,0.0,0.0
5987,1496.5,46.21097183227539,48.07582092285156,128.75177001953125,109.37377166748047,113.07653045654297,0.00023125372536014766,0.056863415986299515,21.012842178344727,0.73065584897995,-0.2963816523551941,0.0,0.0
5988,1496.75,46.18844985961914,48.072635650634766,134.76637268066406,109.38126373291016,112.54664611816406,0.0002361166407354176,0.05685310438275337,21.013187408447266,0.720646858215332,-0.25395816564559937,0.0,0.0
5989,1497,45.8828239440918,47.84143829345703,129.4768829345703,109.37994384765625,112.41577911376953,0.0002494962536729872,0.056843824684619904,21.013498306274414,0.73065584897995,-0.2437087893486023,0.0,0.0
5990,1497.25,46.12205123901367,48.15741729736328,130.03025817871094,109.36980438232422,112.90467834472656,0.0002615379053167999,0.05683547258377075,21.013778686523438,0.7406647801399231,-0.2831650376319885,0.0,0.0
5991,1497.5,45.80268096923828,48.357032775878906,128.6517791748047,109.38434600830078,112.77084350585938,0.0002723753859754652,0.056827954947948456,21.01403045654297,0.7106378078460693,-0.27142295241355896,0.0,0.0
5992,1497.75,45.950836181640625,47.97758102416992,130.3737335205078,109.38919830322266,112.66516876220703,0.00028212909819558263,0.05682118982076645,21.014257431030273,0.720646858215332,-0.2626824378967285,0.0,0.0
5993,1498,46.649559020996094,47.82505416870117,128.40982055664062,109.37818145751953,111.82515716552734,0.0002954103401862085,0.05681510269641876,21.014461517333984,0.7106378078460693,-0.19695855677127838,0.0,0.0
5994,1498.25,46.32647705078125,47.620731353759766,129.66616821289062,109.3759765625,113.20936584472656,0.0002954103401862085,0.056809622794389725,21.014461517333984,0.7106378078460693,-0.3066534399986267,0.0,0.0
5995,1498.5,45.955223083496094,47.854400634765625,126.3978271484375,109.3772964477539,112.97529602050781,0.00030736345797777176,0.056797441095113754,21.014644622802734,0.720646858215332,-0.28812137246131897,0.0,0.0
5996,1498.75,46.01119613647461,48.19471740722656,130.3943328857422,109.3931655883789,113.33480072021484,0.0003181212523486465,0.05678647756576538,21.01481056213379,0.73065584897995,-0.3151123821735382,0.0,0.0
5997,1499,45.780845642089844,47.763397216796875,132.2987060546875,109.38214874267578,113.60196685791016,0.00032780328183434904,0.056776609271764755,21.01495933532715,0.73065584897995,-0.33696913719177246,0.0,0.0
5998,1499.25,46.28789138793945,47.84309387207031,131.6537322998047,109.38126373291016,112.00047302246094,0.0003365171141922474,0.05676772817969322,21.015092849731445,0.7406647801399231,-0.21065296232700348,0.0,0.0
5999,1499.5,45.84563446044922,48.331809997558594,131.08128356933594,109.3746566772461,112.41034698486328,0.0003450028016231954,0.05676698684692383,21.015213012695312,0.73065584897995,-0.2437087893486023,0.0,0.0
6000,1499.75,45.91497802734375,48.180419921875,129.5806884765625,109.39537048339844,113.35504913330078,0.0003526399377733469,0.0567663200199604,21.015087127685547,0.720646858215332,-0.31652361154556274,0.0,0.0
6001,1500,45.879547119140625,48.612972259521484,132.45135498046875,109.38126373291016,113.40591430664062,0.00035951336030848324,0.05676572024822235,21.01497459411621,0.720646858215332,-0.3216652274131775,0.0,0.0
6002,1500.25,46.15202331542969,47.76221466064453,130.8370361328125,109.39404296875,112.89035034179688,0.0003656994376797229,0.056765180081129074,21.014873504638672,0.73065584897995,-0.28006255626678467,0.0,0.0
6003,1500.5,45.95270919799805,48.19285583496094,131.51100158691406,109.37641906738281,112.96343994140625,0.0003706236311700195,0.05675019323825836,21.014781951904297,0.73065584897995,-0.28725874423980713,0.0,0.0
6004,1500.75,45.954586029052734,47.9280891418457,128.0144500732422,109.40286254882812,113.13529205322266,0.00037505541695281863,0.05673670396208763,21.014699935913086,0.7406647801399231,-0.29863929748535156,0.0,0.0
6005,1501,46.21476745605469,47.9819221496582,128.9425811767578,109.39492797851562,112.29183197021484,0.00037904403870925307,0.056724563241004944,21.014625549316406,0.720646858215332,-0.2326689064502716,0.0,0.0
6006,1501.25,46.612648010253906,47.44734573364258,129.21202087402344,109.38214874267578,112.37183380126953,0.000382633792469278,0.056724563241004944,21.014558792114258,0.720646858215332,-0.24004875123500824,0.0,0.0
6007,1501.5,45.904884338378906,47.87989044189453,131.68350219726562,109.39977264404297,112.17133331298828,0.0003807182365562767,0.056713636964559555,21.01449966430664,0.7106378078460693,-0.2227165848016739,0.0,0.0
6008,1501.75,46.13835906982422,48.05821990966797,128.81053161621094,109.39140319824219,112.6449203491211,0.0003789942420553416,0.056703802198171616,21.014446258544922,0.720646858215332,-0.2609027028083801,0.0,0.0
6009,1502,46.189048767089844,48.03772735595703,127.47251892089844,109.38787841796875,112.35553741455078,0.00037744262954220176,0.05668770149350166,21.0143985748291,0.73065584897995,-0.2382909655570984,0.0,0.0
6010,1502.25,45.995513916015625,47.99546813964844,125.77880859375,109.38699340820312,112.48146057128906,0.0003760461986530572,0.056673213839530945,21.014354705810547,0.73065584897995,-0.2483343780040741,0.0,0.0
6011,1502.5,46.175418853759766,47.76776885986328,130.0157470703125,109.4032974243164,112.60491943359375,0.0003683586837723851,0.05666017532348633,21.014314651489258,0.73065584897995,-0.25677353143692017,0.0,0.0
6012,1502.75,45.933555603027344,47.72626495361328,126.77259063720703,109.4019775390625,112.32244873046875,0.00036143994657322764,0.05664844065904617,21.014280319213867,0.7106378078460693,-0.2345220148563385,0.0,0.0
6013,1503,45.999916076660156,47.942169189453125,131.59039306640625,109.3931655883789,112.41577911376953,0.00035521306563168764,0.05666687712073326,21.01424789428711,0.73065584897995,-0.2426329255104065,0.0,0.0
6014,1503.25,46.33748245239258,47.59622573852539,132.60630798339844,109.39096069335938,112.77381134033203,0.0003496088902465999,0.05668347328901291,21.014219284057617,0.720646858215332,-0.27111881971359253,0.0,0.0
6015,1503.5,45.952301025390625,47.968685150146484,129.80661010742188,109.39624786376953,112.21627044677734,0.0003407080366741866,0.05669840797781944,21.01419448852539,0.7106378078460693,-0.2265692502260208,0.0,0.0
6016,1503.75,45.846805572509766,48.20116424560547,130.1676483154297,109.4032974243164,112.41825103759766,0.00033269726554863155,0.05671184882521629,21.014171600341797,0.720646858215332,-0.2420036941766739,0.0,0.0
6017,1504,46.028438568115234,48.35878372192383,130.69583129882812,109.39404296875,112.8039321899414,0.0003254875773563981,0.0567239448428154,21.014150619506836,0.720646858215332,-0.27324530482292175,0.0,0.0
6018,1504.25,46.19489288330078,47.87168884277344,128.4029541015625,109.39713287353516,112.66022491455078,0.00031899884925223887,0.05674933269619942,21.014131546020508,0.720646858215332,-0.2616458237171173,0.0,0.0
6019,1504.5,45.9189453125,47.84209060668945,129.95620727539062,109.39669036865234,112.28886413574219,0.0003150872653350234,0.05677218362689018,21.014114379882812,0.720646858215332,-0.23228983581066132,0.0,0.0
6020,1504.75,45.96436309814453,47.96296310424805,132.50936889648438,109.41167449951172,112.62664794921875,0.00031156683689914644,0.05679274722933769,21.01409912109375,0.73065584897995,-0.257809042930603,0.0,0.0
6021,1505,46.155181884765625,47.80388641357422,129.33872985839844,109.4019775390625,113.09430694580078,0.0003083984483964741,0.05681125447154045,21.01408576965332,0.7406647801399231,-0.29548534750938416,0.0,0.0
6022,1505.25,45.52669143676758,48.20310974121094,127.19087219238281,109.39933776855469,113.48344421386719,0.0003055468841921538,0.05682066082954407,21.014074325561523,0.7406647801399231,-0.32627812027931213,0.0,0.0
6023,1505.5,46.536678314208984,47.749332427978516,130.16688537597656,109.39801025390625,113.14171600341797,0.0003029804793186486,0.05682912468910217,21.014062881469727,0.7406647801399231,-0.299539178609848,0.0,0.0
6024,1505.75,45.951377868652344,48.21376419067383,126.89777374267578,109.42930603027344,112.77874755859375,0.0003006707120221108,0.05683674290776253,21.014053344726562,0.7406647801399231,-0.2683885395526886,0.0,0.0
6025,1506,46.08372116088867,48.16960906982422,130.14016723632812,109.4107894897461,113.74122619628906,0.00030947831692174077,0.056843601167201996,21.0140438079834,0.7406647801399231,-0.34554463624954224,0.0,0.0
6026,1506.25,46.1232795715332,47.99724578857422,127.67631530761719,109.40594482421875,112.59503936767578,0.00031740518170408905,0.05684977397322655,21.014036178588867,0.7606827616691589,-0.25577691197395325,0.0,0.0
6027,1506.5,45.55959701538086,47.78113555908203,126.7542724609375,109.4178466796875,112.90763854980469,0.00032453934545628726,0.056855328381061554,21.014028549194336,0.7706916928291321,-0.2794892489910126,0.0,0.0
6028,1506.75,46.20676040649414,48.08058166503906,130.63400268554688,109.4112319946289,112.63306427001953,0.00033096008701249957,0.05686032772064209,21.014022827148438,0.7706916928291321,-0.2583525478839874,0.0,0.0
6029,1507,45.75023651123047,47.768436431884766,129.92950439453125,109.40814971923828,112.23701477050781,0.0003367387689650059,0.05686482787132263,21.01401710510254,0.750673770904541,-0.22724582254886627,0.0,0.0
6030,1507.25,46.176109313964844,47.500213623046875,128.5227813720703,109.41299438476562,112.35997772216797,0.00034579960629343987,0.05685437470674515,21.01401138305664,0.7406647801399231,-0.23659944534301758,0.0,0.0
6031,1507.5,46.068119049072266,47.76430892944336,129.18759155273438,109.41035461425781,112.59307098388672,0.0003539543831720948,0.05684496834874153,21.01409339904785,0.7106378078460693,-0.2552625238895416,0.0,0.0
6032,1507.75,46.37355422973633,47.89311218261719,125.9726791381836,109.41696166992188,112.51701354980469,0.0003612936707213521,0.056836504489183426,21.01416778564453,0.7006288170814514,-0.24870921671390533,0.0,0.0
6033,1508,45.73869323730469,48.1555061340332,131.1614227294922,109.41035461425781,112.80738830566406,0.00036789901787415147,0.05682888627052307,21.01423454284668,0.720646858215332,-0.27219104766845703,0.0,0.0
6034,1508.25,46.29169464111328,47.6542854309082,129.51962280273438,109.39933776855469,112.68047332763672,0.00037255731876939535,0.0568220280110836,21.014293670654297,0.7406647801399231,-0.2630666196346283,0.0,0.0
6035,1508.5,46.34251403808594,47.98060607910156,129.82875061035156,109.42224884033203,113.40048217773438,0.00037674978375434875,0.05681626871228218,21.014347076416016,0.73065584897995,-0.3179037570953369,0.0,0.0
6036,1508.75,46.07277297973633,48.11125946044922,128.9326629638672,109.41387939453125,113.00393676757812,0.0003805230080615729,0.05681108683347702,21.014394760131836,0.73065584897995,-0.2874012291431427,0.0,0.0
6037,1509,45.9451789855957,47.70823669433594,131.77967834472656,109.40594482421875,113.45233154296875,0.0003839189012069255,0.056806422770023346,21.01443862915039,0.720646858215332,-0.3232998251914978,0.0,0.0
6038,1509.25,46.101104736328125,47.97507858276367,129.47840881347656,109.4085922241211,112.83059692382812,0.00038375856820493937,0.05680222436785698,21.014476776123047,0.73065584897995,-0.27416566014289856,0.0,0.0
6039,1509.5,46.23772430419922,47.97229766845703,131.86134338378906,109.42930603027344,112.52442169189453,0.0003836142714135349,0.05679844692349434,21.014511108398438,0.720646858215332,-0.2482912689447403,0.0,0.0
6040,1509.75,46.38763427734375,47.935298919677734,127.7289810180664,109.42577362060547,112.85677337646484,0.0003834843810182065,0.05675879865884781,21.014543533325195,0.7106378078460693,-0.27483269572257996,0.0,0.0
6041,1510,46.14777374267578,47.940189361572266,126.99851989746094,109.41564178466797,113.55899810791016,0.00038336750003509223,0.05672311410307884,21.014572143554688,0.720646858215332,-0.33087635040283203,0.0,0.0
6042,1510.25,46.15199661254883,47.58877182006836,128.5098114013672,109.41740417480469,113.24739074707031,0.00038197572575882077,0.0566909983754158,21.014596939086914,0.720646858215332,-0.3062717616558075,0.0,0.0
6043,1510.5,46.16975021362305,47.905879974365234,129.25094604492188,109.42313385009766,112.73233032226562,0.0003807231259997934,0.056662093847990036,21.014619827270508,0.7106378078460693,-0.26522618532180786,0.0,0.0
6044,1510.75,46.21397399902344,48.028564453125,128.16709899902344,109.42974090576172,112.59850311279297,0.00037959578912705183,0.056636080145835876,21.01464080810547,0.720646858215332,-0.2541148364543915,0.0,0.0
6045,1511,45.5639762878418,47.98548126220703,130.3981475830078,109.41519927978516,112.34170532226562,0.0003785811713896692,0.05664166435599327,21.014659881591797,0.73065584897995,-0.2349720001220703,0.0,0.0
6046,1511.25,46.15196228027344,48.025875091552734,127.81980895996094,109.42137145996094,112.18219757080078,0.0003776680096052587,0.056646693497896194,21.014677047729492,0.73065584897995,-0.22182166576385498,0.0,0.0
6047,1511.5,45.86455154418945,47.93147659301758,129.99362182617188,109.42137145996094,112.48245239257812,0.0003781327686738223,0.056651219725608826,21.014692306518555,0.720646858215332,-0.24561600387096405,0.0,0.0
6048,1511.75,45.83498764038086,48.026405334472656,132.2552032470703,109.44957733154297,112.81381225585938,0.00037855104892514646,0.056655291467905045,21.014705657958984,0.73065584897995,-0.26950690150260925,0.0,0.0
6049,1512,46.12898254394531,48.05626678466797,127.7442398071289,109.43326568603516,112.57479858398438,0.0003789275069721043,0.05666620656847954,21.01471710205078,0.73065584897995,-0.2519536018371582,0.0,0.0
6050,1512.25,46.14453125,47.98884201049805,128.6678009033203,109.42269134521484,111.98960876464844,0.00037926630466245115,0.05667603015899658,21.014728546142578,0.73065584897995,-0.20641835033893585,0.0,0.0
6051,1512.5,46.21847152709961,48.018123626708984,133.81533813476562,109.43899536132812,112.99998474121094,0.00037957122549414635,0.05668487027287483,21.014738082885742,0.73065584897995,-0.2850467562675476,0.0,0.0
6052,1512.75,45.952022552490234,48.12548828125,133.25509643554688,109.4447250366211,112.60739135742188,0.0003824187151622027,0.05669282749295235,21.014747619628906,0.750673770904541,-0.2535983622074127,0.0,0.0
6053,1513,46.216346740722656,48.03096389770508,132.48265075683594,109.43150329589844,112.65776062011719,0.0003849814529530704,0.05668548867106438,21.014755249023438,0.750673770904541,-0.2586551606655121,0.0,0.0
6054,1513.25,46.31401062011719,47.901790618896484,130.03102111816406,109.43106842041016,112.56985473632812,0.00038728793151676655,0.056678883731365204,21.01476287841797,0.750673770904541,-0.25174129009246826,0.0,0.0
6055,1513.5,46.391048431396484,47.71500015258789,127.99993896484375,109.44120025634766,112.89973449707031,0.0003893637622240931,0.05667293816804886,21.014768600463867,0.73065584897995,-0.2769660949707031,0.0,0.0
6056,1513.75,45.79930114746094,47.60851287841797,126.92829895019531,109.43767547607422,112.55504608154297,0.0003931621031370014,0.05666758865118027,21.014774322509766,0.73065584897995,-0.25003305077552795,0.0,0.0
6057,1514,46.25893783569336,48.35492706298828,128.0365753173828,109.43194580078125,112.28195190429688,0.0003965806099586189,0.05663377419114113,21.014780044555664,0.73065584897995,-0.22887349128723145,0.0,0.0
6058,1514.25,46.152259826660156,47.9965705871582,130.66758728027344,109.43194580078125,111.83651733398438,0.00039965726318769157,0.05660334229469299,21.014785766601562,0.720646858215332,-0.1934879571199417,0.0,0.0
6059,1514.5,45.93352508544922,48.41964340209961,131.26446533203125,109.44164276123047,112.61380767822266,0.00040242625982500613,0.0565759539604187,21.014789581298828,0.7106378078460693,-0.25435614585876465,0.0,0.0
6060,1514.75,45.814903259277344,47.96190643310547,127.9434585571289,109.43547058105469,112.68689727783203,0.0004049183626193553,0.05655130371451378,21.014793395996094,0.73065584897995,-0.2606344521045685,0.0,0.0
6061,1515,45.888126373291016,47.96691131591797,124.4384994506836,109.43194580078125,112.89183807373047,0.0004071612493135035,0.05652911961078644,21.01479721069336,0.720646858215332,-0.27709636092185974,0.0,0.0
6062,1515.25,46.18052673339844,47.747684478759766,127.862548828125,109.44692993164062,113.02467346191406,0.0004091798618901521,0.05650915205478668,21.014801025390625,0.7006288170814514,-0.28634586930274963,0.0,0.0
6063,1515.5,45.9955940246582,48.17050552368164,133.4535369873047,109.44032287597656,112.5323257446289,0.0004109966102987528,0.0564911812543869,21.014802932739258,0.7106378078460693,-0.24802011251449585,0.0,0.0
6064,1515.75,45.905662536621094,47.95623779296875,126.15968322753906,109.44737243652344,112.66565704345703,0.0004126316634938121,0.05647500976920128,21.01480484008789,0.7106378078460693,-0.25798821449279785,0.0,0.0
6065,1516,45.7458381652832,48.22034454345703,129.9714813232422,109.4531021118164,112.50516510009766,0.00041410321136936545,0.05646045506000519,21.014806747436523,0.7106378078460693,-0.24483224749565125,0.0,0.0
6066,1516.25,46.00757598876953,48.01805114746094,133.32913208007812,109.44340515136719,112.697265625,0.0004154276102781296,0.0564473532140255,21.014808654785156,0.7006288170814514,-0.2608076333999634,0.0,0.0
6067,1516.5,46.44339370727539,48.14212417602539,127.89079284667969,109.44075775146484,113.06615447998047,0.00042503149597905576,0.05645730718970299,21.01481056213379,0.7106378078460693,-0.29011431336402893,0.0,0.0
6068,1516.75,45.889522552490234,48.1297607421875,128.74871826171875,109.44869232177734,113.05924224853516,0.0004336749843787402,0.05646626651287079,21.014659881591797,0.7006288170814514,-0.28892484307289124,0.0,0.0
6069,1517,45.8817253112793,48.219757080078125,131.5224609375,109.43547058105469,113.27652740478516,0.00044145414722152054,0.05647433176636696,21.014524459838867,0.7006288170814514,-0.30709224939346313,0.0,0.0
6070,1517.25,46.62618637084961,47.46979904174805,128.36708068847656,109.44648742675781,113.70024108886719,0.00044845539378002286,0.05648158863186836,21.014402389526367,0.7006288170814514,-0.3394322395324707,0.0,0.0
6071,1517.5,46.19660568237305,47.93411636352539,128.47088623046875,109.4539794921875,113.32393646240234,0.0004663459840230644,0.056509874761104584,21.014293670654297,0.7106378078460693,-0.30931198596954346,0.0,0.0
6072,1517.75,46.00892639160156,48.09492492675781,127.81446838378906,109.46235656738281,112.79109191894531,0.00048244750360026956,0.05653533339500427,21.01419448852539,0.7106378078460693,-0.2666749358177185,0.0,0.0
6073,1518,46.375240325927734,47.68882751464844,128.40219116210938,109.45001983642578,112.11454772949219,0.0004969388828612864,0.05655824393033981,21.014019012451172,0.720646858215332,-0.2141210287809372,0.0,0.0
6074,1518.25,46.34412384033203,47.61477279663086,129.75013732910156,109.46500396728516,112.85874938964844,0.0005099811241962016,0.0565788634121418,21.01386070251465,0.720646858215332,-0.27179768681526184,0.0,0.0
6075,1518.5,46.0184440612793,47.97700500488281,131.81402587890625,109.47602081298828,112.11750793457031,0.0005217191646806896,0.05659742280840874,21.01371955871582,0.73065584897995,-0.2122417390346527,0.0,0.0
6076,1518.75,46.01572799682617,48.116458892822266,130.21878051757812,109.44208526611328,112.0567626953125,0.0005445245769806206,0.05661412701010704,21.013591766357422,0.720646858215332,-0.21017703413963318,0.0,0.0
6077,1519,45.91276931762695,48.22404861450195,130.9507598876953,109.45354461669922,112.99553680419922,0.000565049413125962,0.05663640797138214,21.013477325439453,0.750673770904541,-0.2835128605365753,0.0,0.0
6078,1519.25,45.96373748779297,48.36381149291992,130.6118621826172,109.44737243652344,113.05480194091797,0.0005835217889398336,0.05665646120905876,21.01337432861328,0.750673770904541,-0.28868260979652405,0.0,0.0
6079,1519.5,46.44606018066406,47.70175552368164,128.91664123535156,109.47205352783203,112.67603302001953,0.0006001468864269555,0.05667451024055481,21.013280868530273,0.720646858215332,-0.2568008601665497,0.0,0.0
6080,1519.75,46.201698303222656,47.579193115234375,131.25225830078125,109.46324157714844,112.35652160644531,0.0006151095149107277,0.056690752506256104,21.01319694519043,0.73065584897995,-0.23223809897899628,0.0,0.0
6081,1520,46.31559753417969,47.90190887451172,134.00233459472656,109.45574188232422,112.71454620361328,0.0006285758572630584,0.05670537054538727,21.013120651245117,0.73065584897995,-0.26116934418678284,0.0,0.0
6082,1520.25,46.277896881103516,47.90869903564453,128.99525451660156,109.47734069824219,112.40491485595703,0.0006285758572630584,0.056718114763498306,21.013120651245117,0.720646858215332,-0.23492513597011566,0.0,0.0
6083,1520.5,46.40770721435547,48.00133514404297,132.9871826171875,109.46720123291016,112.81084442138672,0.0006606844253838062,0.05672958493232727,21.013051986694336,0.7106378078460693,-0.26783955097198486,0.0,0.0
6084,1520.75,46.14717102050781,48.11003875732422,129.58831787109375,109.45927429199219,112.43504333496094,0.0006895821425132453,0.05673990771174431,21.012990951538086,0.7006288170814514,-0.23877982795238495,0.0,0.0
6085,1521,46.26042938232422,47.71046829223633,130.68360900878906,109.45221710205078,112.65282440185547,0.0007155900821089745,0.05674919858574867,21.012935638427734,0.7006288170814514,-0.2565802335739136,0.0,0.0
6086,1521.25,46.12721633911133,47.85747528076172,129.44329833984375,109.45530700683594,112.43504333496094,0.0007389972452074289,0.056764811277389526,21.01288604736328,0.7006288170814514,-0.23910249769687653,0.0,0.0
6087,1521.5,46.054466247558594,48.16703414916992,130.7042236328125,109.45838928222656,113.20146942138672,0.0007684523588977754,0.056778863072395325,21.012842178344727,0.7106378078460693,-0.2993279695510864,0.0,0.0
6088,1521.75,45.77318572998047,48.135135650634766,129.8936309814453,109.4539794921875,112.87454986572266,0.0007949619903229177,0.056791506707668304,21.012802124023438,0.73065584897995,-0.2739407420158386,0.0,0.0
6089,1522,46.20426559448242,47.83071517944336,128.47317504882812,109.4610366821289,113.28690338134766,0.0008188206702470779,0.056802887469530106,21.012765884399414,0.73065584897995,-0.3058280348777771,0.0,0.0
6090,1522.25,46.29216766357422,47.75257110595703,129.5806884765625,109.46808624267578,112.23405456542969,0.0008402934763580561,0.05681312829256058,21.012733459472656,0.720646858215332,-0.22213611006736755,0.0,0.0
6091,1522.5,46.2489013671875,48.42343521118164,130.0348358154297,109.47689819335938,112.7822036743164,0.0008589736535213888,0.05682234838604927,21.012704849243164,0.720646858215332,-0.26479053497314453,0.0,0.0
6092,1522.75,46.12069320678711,48.359031677246094,132.10711669921875,109.46411895751953,112.9451675415039,0.0008757858304306865,0.056830644607543945,21.012678146362305,0.720646858215332,-0.2786833643913269,0.0,0.0
6093,1523,46.20546340942383,47.695465087890625,130.71795654296875,109.46279907226562,114.4222183227539,0.0008909167954698205,0.05683811008930206,21.01265525817871,0.7106378078460693,-0.39445313811302185,0.0,0.0
6094,1523.25,46.0255241394043,48.22261047363281,129.57916259765625,109.4685287475586,112.89331817626953,0.0009045346523635089,0.05683811008930206,21.01263427734375,0.720646858215332,-0.27423733472824097,0.0,0.0
6095,1523.5,46.24131393432617,47.68979263305664,128.68765258789062,109.4786605834961,113.49430847167969,0.0009084027260541916,0.05684483051300049,21.012615203857422,0.7106378078460693,-0.32067781686782837,0.0,0.0
6096,1523.75,46.36136245727539,47.963932037353516,130.47218322753906,109.45221710205078,113.81974792480469,0.0009118839516304433,0.05685088038444519,21.012598037719727,0.7106378078460693,-0.3483179807662964,0.0,0.0
6097,1524,46.16423797607422,47.92264175415039,132.17581176757812,109.46015167236328,112.50862121582031,0.0009150170953944325,0.05682732164859772,21.012582778930664,0.720646858215332,-0.2445322573184967,0.0,0.0
6098,1524.25,45.84639358520508,47.82894515991211,129.81195068359375,109.46720123291016,112.97480010986328,0.0009094521519728005,0.05680612102150917,21.012569427490234,0.7106378078460693,-0.28076839447021484,0.0,0.0
6099,1524.5,46.378353118896484,48.315696716308594,129.2486572265625,109.50070190429688,112.86368560791016,0.0009044436737895012,0.05678704008460045,21.012556076049805,0.7106378078460693,-0.26928433775901794,0.0,0.0
6100,1524.75,46.2331657409668,48.1010627746582,129.45321655273438,109.46235656738281,111.79256439208984,0.0008999360725283623,0.05676986649632454,21.012544631958008,0.720646858215332,-0.18751533329486847,0.0,0.0
6101,1525,46.2480354309082,48.14262008666992,132.52845764160156,109.46324157714844,112.89134216308594,0.0008958792313933372,0.05678341165184975,21.012535095214844,0.7106378078460693,-0.274511456489563,0.0,0.0
6102,1525.25,46.07422637939453,48.003135681152344,131.5178680419922,109.4711685180664,113.03751373291016,0.0008819133508950472,0.056795600801706314,21.01252555847168,0.7106378078460693,-0.2853858768939972,0.0,0.0
6103,1525.5,46.14885330200195,48.240604400634766,129.2425537109375,109.46764373779297,113.2928237915039,0.000869344046805054,0.056806571781635284,21.01251792907715,0.7106378078460693,-0.3057560920715332,0.0,0.0
6104,1525.75,46.330108642578125,47.920860290527344,130.28671264648438,109.46764373779297,112.92047882080078,0.0008580316789448261,0.05681644752621651,21.012510299682617,0.720646858215332,-0.276451051235199,0.0,0.0
6105,1526,46.00376892089844,47.932796478271484,130.8721466064453,109.46632385253906,112.82220458984375,0.0008478505769744515,0.05682533234357834,21.012502670288086,0.720646858215332,-0.26880744099617004,0.0,0.0
6106,1526.25,46.107845306396484,48.13153839111328,128.9235076904297,109.46940612792969,112.76146697998047,0.0008386875852011144,0.056833330541849136,21.012496948242188,0.7106378078460693,-0.2637629210948944,0.0,0.0
6107,1526.5,46.30610656738281,48.01840591430664,128.12969970703125,109.46940612792969,112.2281265258789,0.0008304408984258771,0.056840527802705765,21.01249122619629,0.73065584897995,-0.22155839204788208,0.0,0.0
6108,1526.75,46.155757904052734,47.93191146850586,129.89210510253906,109.477783203125,112.62862396240234,0.0008230188395828009,0.05684700608253479,21.01248550415039,0.7406647801399231,-0.2525884509086609,0.0,0.0
6109,1527,46.27373123168945,47.775665283203125,129.99514770507812,109.49673461914062,113.51751708984375,0.0008027635049074888,0.05683833733201027,21.012481689453125,0.73065584897995,-0.32102876901626587,0.0,0.0
6110,1527.25,46.00815963745117,48.390472412109375,125.45136260986328,109.47425842285156,113.39752197265625,0.0007845336804166436,0.05683053657412529,21.01247787475586,0.7106378078460693,-0.31344136595726013,0.0,0.0
6111,1527.5,46.24006652832031,47.66943359375,131.3491973876953,109.4685287475586,113.12887573242188,0.0007681268616579473,0.05682351440191269,21.012474060058594,0.7106378078460693,-0.29279255867004395,0.0,0.0
6112,1527.75,46.454349517822266,47.87458801269531,131.04388427734375,109.47425842285156,112.74170684814453,0.0007533607422374189,0.0568171925842762,21.012470245361328,0.720646858215332,-0.2618086338043213,0.0,0.0
6113,1528,46.100582122802734,47.942047119140625,131.48658752441406,109.46720123291016,112.5560302734375,0.0007400712347589433,0.05681150406599045,21.012466430664062,0.73065584897995,-0.24770914018154144,0.0,0.0
6114,1528.25,46.135841369628906,47.8216667175293,127.06797790527344,109.477783203125,113.78961944580078,0.0007242467254400253,0.05680638551712036,21.01246452331543,0.7106378078460693,-0.3438822627067566,0.0,0.0
6115,1528.5,46.37876892089844,47.751678466796875,129.89744567871094,109.50070190429688,112.85084533691406,0.0007100047077983618,0.056801777333021164,21.012548446655273,0.7106378078460693,-0.2682715356349945,0.0,0.0
6116,1528.75,46.29119110107422,47.89980697631836,130.57522583007812,109.4698486328125,112.93134307861328,0.000697186856996268,0.056797631084918976,21.012624740600586,0.7106378078460693,-0.277128130197525,0.0,0.0
6117,1529,46.26063919067383,47.95966720581055,129.71348571777344,109.47205352783203,113.42023468017578,0.0006856507970951498,0.05679389834403992,21.012693405151367,0.6906198859214783,-0.31540316343307495,0.0,0.0
6118,1529.25,46.32167434692383,47.71539306640625,128.14495849609375,109.47249603271484,112.98812866210938,0.0006707612192258239,0.05681954324245453,21.012754440307617,0.7006288170814514,-0.28138771653175354,0.0,0.0
6119,1529.5,46.07614517211914,48.027278900146484,129.0837860107422,109.48527526855469,113.4592514038086,0.0006573605933226645,0.0568426214158535,21.01280975341797,0.7106378078460693,-0.3173901438713074,0.0,0.0
6120,1529.75,46.187896728515625,48.38771057128906,133.53140258789062,109.47469329833984,112.87702178955078,0.000645300024189055,0.056863393634557724,21.012859344482422,0.7106378078460693,-0.27245089411735535,0.0,0.0
6121,1530,45.889686584472656,48.146339416503906,130.64163208007812,109.47337341308594,113.13628387451172,0.0006344455177895725,0.056882087141275406,21.012903213500977,0.7106378078460693,-0.2929817736148834,0.0,0.0
6122,1530.25,45.53578567504883,48.57221984863281,130.302734375,109.48175048828125,112.71306610107422,0.000618239922914654,0.05689891427755356,21.012943267822266,0.720646858215332,-0.2589375674724579,0.0,0.0
6123,1530.5,46.41676712036133,47.9970588684082,129.3616180419922,109.48835754394531,112.34022521972656,0.0006036548875272274,0.056914057582616806,21.01297950744629,0.720646858215332,-0.22890451550483704,0.0,0.0
6124,1530.75,46.086952209472656,48.1713981628418,131.250732421875,109.47602081298828,112.55751037597656,0.0005905283614993095,0.0569135956466198,21.013011932373047,0.720646858215332,-0.24710901081562042,0.0,0.0
6125,1531,46.11929702758789,47.7207145690918,127.49617767333984,109.48307037353516,113.28541564941406,0.0005787144764326513,0.05691318213939667,21.01304054260254,0.720646858215332,-0.30391937494277954,0.0,0.0
6126,1531.25,46.595645904541016,47.80089569091797,130.1745147705078,109.48924255371094,113.14319610595703,0.0005635777488350868,0.05691280961036682,21.0130672454834,0.720646858215332,-0.29223495721817017,0.0,0.0
6127,1531.5,46.406368255615234,47.87257766723633,129.99972534179688,109.49011993408203,113.20442962646484,0.0005499547114595771,0.05691247433423996,21.013092041015625,0.720646858215332,-0.2969801723957062,0.0,0.0
6128,1531.75,46.109954833984375,47.87433624267578,129.70127868652344,109.48394775390625,112.69776153564453,0.0005376939661800861,0.05690491944551468,21.013113021850586,0.7006288170814514,-0.2575501799583435,0.0,0.0
6129,1532,46.13492202758789,48.09782791137695,129.37155151367188,109.47689819335938,112.93578338623047,0.0005266593070700765,0.056898120790719986,21.013132095336914,0.7006288170814514,-0.27690479159355164,0.0,0.0
6130,1532.25,46.37897872924805,47.78594207763672,127.23208618164062,109.50070190429688,112.97282409667969,0.0005135112442076206,0.05689200386404991,21.01314926147461,0.7106378078460693,-0.2778884470462799,0.0,0.0
6131,1532.5,46.13325119018555,48.24578094482422,126.29402160644531,109.4879150390625,112.05479431152344,0.0005016779759898782,0.056886497884988785,21.013164520263672,0.7006288170814514,-0.206293985247612,0.0,0.0
6132,1532.75,46.19093322753906,48.033756256103516,130.47830200195312,109.47954559326172,113.1402359008789,0.0004910280113108456,0.056874293833971024,21.0131778717041,0.7006288170814514,-0.29279038310050964,0.0,0.0
6133,1533,46.0787239074707,48.052101135253906,128.285400390625,109.4698486328125,112.70121765136719,0.00048144307220354676,0.05686330795288086,21.01319122314453,0.720646858215332,-0.258969247341156,0.0,0.0
6134,1533.25,46.26583480834961,47.62702178955078,130.55386352539062,109.5046615600586,112.75997924804688,0.0004728166095446795,0.05685342103242874,21.013202667236328,0.73065584897995,-0.2607792317867279,0.0,0.0
6135,1533.5,46.4266471862793,47.96840286254883,127.20155334472656,109.48880004882812,113.01578521728516,0.0004650528135243803,0.056844525039196014,21.013212203979492,0.7106378078460693,-0.28224101662635803,0.0,0.0
6136,1533.75,45.76694107055664,48.28305435180664,127.63509368896484,109.48262786865234,113.03060150146484,0.00045227695954963565,0.05685826763510704,21.013221740722656,0.720646858215332,-0.28390946984291077,0.0,0.0
6137,1534,46.17097091674805,47.95450973510742,129.01356506347656,109.48042297363281,113.2424545288086,0.0004407786764204502,0.056870635598897934,21.013229370117188,0.720646858215332,-0.30075809359550476,0.0,0.0
6138,1534.25,46.145816802978516,48.08946990966797,128.6639862060547,109.4945297241211,112.90418243408203,0.0004304302274249494,0.05688176676630974,21.013004302978516,0.7106378078460693,-0.2729799449443817,0.0,0.0
6139,1534.5,46.366905212402344,48.12652587890625,128.1121368408203,109.49056243896484,113.31752014160156,0.0004211166233289987,0.056906286627054214,21.012802124023438,0.720646858215332,-0.30583298206329346,0.0,0.0
6140,1534.75,45.563270568847656,47.8974609375,128.8487091064453,109.477783203125,112.59800720214844,0.0004108048160560429,0.0569283552467823,21.012619018554688,0.73065584897995,-0.2501683831214905,0.0,0.0
6141,1535,45.97737121582031,47.79086685180664,129.72265625,109.48175048828125,112.64689636230469,0.00040152418659999967,0.0569482184946537,21.012454986572266,0.73065584897995,-0.25370973348617554,0.0,0.0
6142,1535.25,46.19657516479492,48.41267395019531,129.98902893066406,109.48880004882812,113.05677795410156,0.00039317162008956075,0.05696609243750572,21.012540817260742,0.73065584897995,-0.2854691743850708,0.0,0.0
6143,1535.5,45.940860748291016,47.97663497924805,126.15510559082031,109.48527526855469,113.48246002197266,0.00038565430440939963,0.05698218196630478,21.012617111206055,0.720646858215332,-0.3192109167575836,0.0,0.0
6144,1535.75,46.22043991088867,48.067665100097656,129.28529357910156,109.49364471435547,113.13924407958984,0.0003795320226345211,0.0569966621696949,21.012685775756836,0.720646858215332,-0.29156598448753357,0.0,0.0
6145,1536,46.18369674682617,47.836814880371094,128.774658203125,109.47513580322266,113.35356903076172,0.0003740219690371305,0.05700969323515892,21.01274871826172,0.73065584897995,-0.30991846323013306,0.0,0.0
6146,1536.25,46.021366119384766,48.305850982666016,129.26927185058594,109.49364471435547,112.88640594482422,0.0003690629091579467,0.05702142044901848,21.01280403137207,0.73065584897995,-0.27164995670318604,0.0,0.0
6147,1536.5,46.1675910949707,47.93486785888672,128.973876953125,109.48615264892578,112.63306427001953,0.0003645997494459152,0.05703197419643402,21.012853622436523,0.7106378078460693,-0.2522587478160858,0.0,0.0
6148,1536.75,46.50096130371094,47.95970153808594,131.2766876220703,109.48880004882812,112.50714111328125,0.0003631552099250257,0.0570414736866951,21.01289939880371,0.720646858215332,-0.2420855015516281,0.0,0.0
6149,1537,46.13520812988281,48.176597595214844,128.351806640625,109.47425842285156,112.47702026367188,0.00036185511271469295,0.057057276368141174,21.012939453125,0.720646858215332,-0.2408844381570816,0.0,0.0
6150,1537.25,46.37607955932617,48.00230407714844,128.1060333251953,109.4949722290039,112.14417266845703,0.00036068502231501043,0.0570714995265007,21.012975692749023,0.720646858215332,-0.21281775832176208,0.0,0.0
6151,1537.5,46.14554977416992,47.75428771972656,126.85578918457031,109.49011993408203,112.41726684570312,0.00035963195841759443,0.05708429962396622,21.01300811767578,0.720646858215332,-0.23486413061618805,0.0,0.0
6152,1537.75,45.99965286254883,47.74195861816406,132.5963897705078,109.47954559326172,112.24639892578125,0.0003586841921787709,0.05709582194685936,21.013038635253906,0.720646858215332,-0.22218289971351624,0.0,0.0
6153,1538,46.23400115966797,47.9597053527832,133.40164184570312,109.4870376586914,112.26911163330078,0.000358474237145856,0.057113442569971085,21.013065338134766,0.750673770904541,-0.22337490320205688,0.0,0.0
6154,1538.25,46.462303161621094,47.586158752441406,133.7046661376953,109.48351287841797,112.20146179199219,0.00035828526597470045,0.05712930113077164,21.013090133666992,0.750673770904541,-0.21829569339752197,0.0,0.0
6155,1538.5,45.957584381103516,47.91181945800781,131.1560821533203,109.48748016357422,112.12590026855469,0.00035811521229334176,0.057143572717905045,21.013111114501953,0.7606827616691589,-0.211976557970047,0.0,0.0
6156,1538.75,45.83229446411133,48.26384735107422,130.15390014648438,109.48967742919922,112.48343658447266,0.0003579621552489698,0.05715641751885414,21.01313018798828,0.7606827616691589,-0.24013814330101013,0.0,0.0
6157,1539,45.96843719482422,48.287086486816406,127.58090209960938,109.48967742919922,113.25233459472656,0.00035782440681941807,0.05716798081994057,21.013147354125977,0.750673770904541,-0.30078279972076416,0.0,0.0
6158,1539.25,46.31172180175781,47.450523376464844,129.18911743164062,109.49276733398438,111.85577392578125,0.0003577004245016724,0.05716387927532196,21.01316261291504,0.7406647801399231,-0.19007454812526703,0.0,0.0
6159,1539.5,46.23928451538086,48.00791549682617,129.70204162597656,109.48175048828125,113.86221313476562,0.00035758884041570127,0.057160187512636185,21.0129451751709,0.7406647801399231,-0.3492372930049896,0.0,0.0
6160,1539.75,46.119083404541016,48.00050735473633,129.97300720214844,109.49364471435547,113.03751373291016,0.0003452726232353598,0.05715686455368996,21.01274871826172,0.7406647801399231,-0.28355833888053894,0.0,0.0
6161,1540,46.15066146850586,48.22608947753906,128.12664794921875,109.50730895996094,112.56294250488281,0.00033418802195228636,0.05715387687087059,21.012571334838867,0.750673770904541,-0.24499477446079254,0.0,0.0
6162,1540.25,45.98349380493164,47.98361587524414,130.58056640625,109.50025939941406,112.25281524658203,0.00032421189825981855,0.0571511872112751,21.012413024902344,0.7406647801399231,-0.22100789844989777,0.0,0.0
6163,1540.5,45.79802322387695,48.152530670166016,128.5800323486328,109.49320983886719,112.80640411376953,0.0003152333665639162,0.05716327205300331,21.012269973754883,0.7406647801399231,-0.2653743326663971,0.0,0.0
6164,1540.75,46.39960479736328,47.89104461669922,133.48712158203125,109.49188232421875,112.13874053955078,0.0003071526880376041,0.05717414990067482,21.012271881103516,0.73065584897995,-0.21263787150382996,0.0,0.0
6165,1541,45.807247161865234,48.07585906982422,130.00430297851562,109.50422668457031,111.94466400146484,0.0002998800773639232,0.05718393996357918,21.01227378845215,0.73065584897995,-0.19621431827545166,0.0,0.0
6166,1541.25,46.25596618652344,47.85424041748047,130.6118621826172,109.50554656982422,112.31405639648438,0.00028626559651456773,0.05719275027513504,21.01227569580078,0.73065584897995,-0.22543340921401978,0.0,0.0
6167,1541.5,45.677555084228516,48.47376251220703,131.9422607421875,109.49188232421875,112.29183197021484,0.0002740125637501478,0.05720067769289017,21.012277603149414,0.7406647801399231,-0.2247825711965561,0.0,0.0
6168,1541.75,46.0640754699707,47.8137321472168,131.43467712402344,109.49320983886719,112.25083923339844,0.00026298483135178685,0.05719330906867981,21.012279510498047,0.7406647801399231,-0.22142401337623596,0.0,0.0
6169,1542,46.6456184387207,48.27454376220703,130.51951599121094,109.49849700927734,112.66417694091797,0.000253059872193262,0.05718667432665825,21.01228141784668,0.750673770904541,-0.25371354818344116,0.0,0.0
6170,1542.25,45.71132278442383,48.123836517333984,128.89373779296875,109.51480102539062,112.36096954345703,0.0002537676482461393,0.057180702686309814,21.012283325195312,0.750673770904541,-0.22839877009391785,0.0,0.0
6171,1542.5,46.45794677734375,48.20267868041992,131.72930908203125,109.48748016357422,112.82516479492188,0.0002544046437833458,0.05717533081769943,21.012283325195312,0.7606827616691589,-0.2673206329345703,0.0,0.0
6172,1542.75,46.05381774902344,48.23164749145508,126.80388641357422,109.49056243896484,113.0686264038086,0.00025497793103568256,0.05717049539089203,21.012283325195312,0.7606827616691589,-0.286258727312088,0.0,0.0
6173,1543,46.37382125854492,48.103782653808594,133.2451629638672,109.4971694946289,112.59207916259766,0.00025549388374201953,0.057166144251823425,21.012283325195312,0.7406647801399231,-0.24812322854995728,0.0,0.0
6174,1543.25,46.16082763671875,48.06001281738281,131.3644561767578,109.50113677978516,112.52985382080078,0.0002559582353569567,0.05716222897171974,21.012283325195312,0.73065584897995,-0.24287937581539154,0.0,0.0
6175,1543.5,46.197811126708984,47.96805191040039,129.8707275390625,109.4949722290039,113.05924224853516,0.00027181062614545226,0.05717321112751961,21.012516021728516,0.750673770904541,-0.28516125679016113,0.0,0.0
6176,1543.75,46.10091781616211,47.99574279785156,127.99765014648438,109.48835754394531,112.66220092773438,0.0002860777603928,0.05718309432268143,21.012725830078125,0.7406647801399231,-0.25438183546066284,0.0,0.0
6177,1544,46.55308532714844,47.72874069213867,131.82928466796875,109.50289916992188,112.12244415283203,0.00029891819576732814,0.057191986590623856,21.012914657592773,0.7406647801399231,-0.21044814586639404,0.0,0.0
6178,1544.25,46.154029846191406,48.2473030090332,135.17396545410156,109.50598907470703,113.06171417236328,0.0003104745701421052,0.05719999223947525,21.013084411621094,0.7406647801399231,-0.28446054458618164,0.0,0.0
6179,1544.5,46.24238204956055,48.10588455200195,128.4090576171875,109.49364471435547,113.58122253417969,0.00033439029357396066,0.057207196950912476,21.01323699951172,0.7406647801399231,-0.3262742757797241,0.0,0.0
6180,1544.75,46.369850158691406,48.02134704589844,127.50839233398438,109.49232482910156,112.60787963867188,0.00035591443884186447,0.0572136789560318,21.01337432861328,0.7406647801399231,-0.24976617097854614,0.0,0.0
6181,1545,45.915924072265625,48.240638732910156,129.94171142578125,109.49673461914062,113.10862731933594,0.0003752861812245101,0.05722676217556,21.013498306274414,0.7406647801399231,-0.28890568017959595,0.0,0.0
6182,1545.25,46.1054573059082,48.05803680419922,128.42660522460938,109.5037841796875,112.44590759277344,0.00039272074354812503,0.057238537818193436,21.01361083984375,0.73065584897995,-0.2360207885503769,0.0,0.0
6183,1545.5,46.145545959472656,48.1336555480957,126.52452850341797,109.49761199951172,112.44886779785156,0.00041613951907493174,0.05724913626909256,21.01371192932129,0.7106378078460693,-0.23675693571567535,0.0,0.0
6184,1545.75,46.20772933959961,47.98090744018555,130.4073028564453,109.49540710449219,113.09085083007812,0.0004372164257802069,0.05725867301225662,21.013803482055664,0.6906198859214783,-0.2876144349575043,0.0,0.0
6185,1546,46.0152702331543,48.2761116027832,131.1499786376953,109.5130386352539,112.79010772705078,0.00045618563308380544,0.05726725608110428,21.013885498046875,0.7106378078460693,-0.2624764144420624,0.0,0.0
6186,1546.25,45.797760009765625,48.057491302490234,133.1612091064453,109.50202178955078,112.41133880615234,0.00047325794002972543,0.05727498233318329,21.013957977294922,0.720646858215332,-0.23342709243297577,0.0,0.0
6187,1546.5,46.52073669433594,48.21498489379883,128.3083038330078,109.50113677978516,112.86072540283203,0.0004892669967375696,0.05728193745017052,21.01402473449707,0.7406647801399231,-0.2690158188343048,0.0,0.0
6188,1546.75,45.872215270996094,48.04884719848633,127.48243713378906,109.4949722290039,113.60344696044922,0.0005036751390434802,0.05728819593787193,21.014083862304688,0.720646858215332,-0.32790806889533997,0.0,0.0
6189,1547,46.274593353271484,48.3276481628418,124.65373992919922,109.5046615600586,113.62764739990234,0.0005166424671187997,0.05726482346653938,21.014137268066406,0.73065584897995,-0.3290162980556488,0.0,0.0
6190,1547.25,46.03732681274414,47.976646423339844,129.0563201904297,109.49143981933594,113.85678100585938,0.000528313044924289,0.05724379047751427,21.014184951782227,0.720646858215332,-0.3480244278907776,0.0,0.0
6191,1547.5,46.06198501586914,47.598262786865234,129.03036499023438,109.51127624511719,113.25727081298828,0.0005388165591284633,0.057224858552217484,21.01422882080078,0.720646858215332,-0.29941463470458984,0.0,0.0
6192,1547.75,46.175025939941406,48.100894927978516,132.63531494140625,109.4971694946289,112.96986389160156,0.000548269716091454,0.05720781907439232,21.014266967773438,0.720646858215332,-0.2779426574707031,0.0,0.0
6193,1548,46.256263732910156,47.715293884277344,129.7096710205078,109.5046615600586,113.51751708984375,0.0005561788566410542,0.05719248577952385,21.014301300048828,0.720646858215332,-0.32038411498069763,0.0,0.0
6194,1548.25,46.39009094238281,47.921592712402344,128.16709899902344,109.50113677978516,112.38813018798828,0.0005632970714941621,0.05717868357896805,21.014333724975586,0.7406647801399231,-0.23166081309318542,0.0,0.0
6195,1548.5,46.136234283447266,48.21623611450195,129.4791717529297,109.4945297241211,112.4019546508789,0.0005697034648619592,0.057166263461112976,21.014362335205078,0.73065584897995,-0.23329311609268188,0.0,0.0
6196,1548.75,46.23954772949219,48.18461608886719,131.2888946533203,109.48835754394531,112.49430084228516,0.0005754692247137427,0.05715508386492729,21.014387130737305,0.720646858215332,-0.24110522866249084,0.0,0.0
6197,1549,46.30236053466797,47.73464584350586,129.7699737548828,109.50070190429688,113.41282653808594,0.0005806584376841784,0.057130519300699234,21.0144100189209,0.7106378078460693,-0.3124927878379822,0.0,0.0
6198,1549.25,46.69570541381836,47.97345733642578,130.03330993652344,109.5024642944336,112.4473876953125,0.0005879054660908878,0.05710841342806816,21.01443099975586,0.720646858215332,-0.2362452745437622,0.0,0.0
6199,1549.5,46.035335540771484,47.921382904052734,128.58689880371094,109.5024642944336,112.78813171386719,0.0005944277509115636,0.057088516652584076,21.014362335205078,0.720646858215332,-0.2631797790527344,0.0,0.0
6200,1549.75,46.288856506347656,48.05449676513672,128.83572387695312,109.49629211425781,112.2651596069336,0.0006002978188917041,0.05707060918211937,21.014301300048828,0.7106378078460693,-0.22230909764766693,0.0,0.0
6201,1550,46.144317626953125,47.782737731933594,127.63890838623047,109.51348114013672,112.54269409179688,0.0006055808626115322,0.05705449357628822,21.014245986938477,0.7006288170814514,-0.24289193749427795,0.0,0.0
6202,1550.25,46.2083854675293,47.92381286621094,132.38954162597656,109.50862884521484,112.73133850097656,0.0006103356136009097,0.057032737880945206,21.014196395874023,0.720646858215332,-0.25819525122642517,0.0,0.0
6203,1550.5,45.82770538330078,48.46961975097656,131.24462890625,109.49761199951172,112.72492218017578,0.000614614924415946,0.05701315775513649,21.01415252685547,0.73065584897995,-0.2585841417312622,0.0,0.0
6204,1550.75,45.92349624633789,47.91044616699219,128.01290893554688,109.4971694946289,112.18565368652344,0.0006184662925079465,0.056995537132024765,21.01411247253418,0.720646858215332,-0.21593113243579865,0.0,0.0
6205,1551,46.634422302246094,47.79964065551758,130.7515411376953,109.50686645507812,111.9496078491211,0.0006219325005076826,0.05697967857122421,21.014076232910156,0.720646858215332,-0.19639278948307037,0.0,0.0
6206,1551.25,46.476776123046875,47.88072967529297,129.4829864501953,109.51215362548828,112.82516479492188,0.0006192555301822722,0.05696540325880051,21.0140438079834,0.720646858215332,-0.2653147578239441,0.0,0.0
6207,1551.5,46.059471130371094,47.960304260253906,131.06295776367188,109.50157928466797,112.62023162841797,0.0006168462568894029,0.05695255473256111,21.014015197753906,0.7106378078460693,-0.24999046325683594,0.0,0.0
6208,1551.75,46.139583587646484,47.83287048339844,128.49148559570312,109.50289916992188,113.13578796386719,0.0006146779051050544,0.05694783106446266,21.013988494873047,0.720646858215332,-0.2905419170856476,0.0,0.0
6209,1552,45.93183898925781,48.22991180419922,127.75492858886719,109.5024642944336,113.31900024414062,0.0006127263768576086,0.05694358050823212,21.013965606689453,0.720646858215332,-0.3049818277359009,0.0,0.0
6210,1552.25,46.42377853393555,48.22934341430664,132.21932983398438,109.50643157958984,112.60096740722656,0.0005980952410027385,0.056939754635095596,21.013944625854492,0.720646858215332,-0.2480730265378952,0.0,0.0
6211,1552.5,46.45978546142578,48.2193717956543,133.22227478027344,109.5024642944336,112.17034912109375,0.0005849272129125893,0.05693630874156952,21.013925552368164,0.720646858215332,-0.21428626775741577,0.0,0.0
6212,1552.75,46.504615783691406,48.16933822631836,130.00582885742188,109.49937438964844,112.43701934814453,0.0005730760167352855,0.05691145732998848,21.01390838623047,0.720646858215332,-0.23567591607570648,0.0,0.0
6213,1553,46.24971008300781,48.348793029785156,129.81118774414062,109.51039123535156,113.76443481445312,0.0005624099285341799,0.056889090687036514,21.013893127441406,0.7006288170814514,-0.3392607569694519,0.0,0.0
6214,1553.25,46.25434875488281,48.03789138793945,133.57948303222656,109.50070190429688,112.4039306640625,0.0005354431923478842,0.056868962943553925,21.013879776000977,0.7006288170814514,-0.23294776678085327,0.0,0.0
6215,1553.5,46.50965118408203,48.066158294677734,131.4934539794922,109.50113677978516,112.51207733154297,0.0005111731588840485,0.056850846856832504,21.013866424560547,0.7106378078460693,-0.2414732128381729,0.0,0.0
6216,1553.75,46.23996353149414,47.86347579956055,127.09622192382812,109.5130386352539,112.4928207397461,0.0004893300938419998,0.056834541261196136,21.01385498046875,0.7406647801399231,-0.23898203670978546,0.0,0.0
6217,1554,46.17121505737305,48.17409896850586,128.31288146972656,109.51083374023438,113.13677215576172,0.0004696713585872203,0.05680536851286888,21.013845443725586,0.720646858215332,-0.28997454047203064,0.0,0.0
6218,1554.25,46.26071548461914,47.8752326965332,132.45899963378906,109.5051040649414,113.46961975097656,0.00045197849976830184,0.05677911266684532,21.013835906982422,0.7106378078460693,-0.3165912330150604,0.0,0.0
6219,1554.5,46.15378952026367,47.7803840637207,128.15029907226562,109.50334167480469,112.96936798095703,0.00043605492101050913,0.05675548315048218,21.01382827758789,0.720646858215332,-0.27740180492401123,0.0,0.0
6220,1554.75,45.80765914916992,47.99779510498047,131.54153442382812,109.50157928466797,112.33972930908203,0.0004101544036529958,0.05673421546816826,21.01382064819336,0.720646858215332,-0.22779014706611633,0.0,0.0
6221,1555,45.84160232543945,48.61672592163086,128.55484008789062,109.50643157958984,112.45380401611328,0.0003868439525831491,0.056707825511693954,21.014047622680664,0.7406647801399231,-0.2364310622215271,0.0,0.0
6222,1555.25,46.42229461669922,48.34187316894531,132.84597778320312,109.50202178955078,112.3298568725586,0.00036586454370990396,0.05668407306075096,21.014251708984375,0.7406647801399231,-0.22697202861309052,0.0,0.0
6223,1555.5,45.87286376953125,48.11771011352539,130.77825927734375,109.50643157958984,112.06466674804688,0.0003469830844551325,0.05666269734501839,21.014434814453125,0.720646858215332,-0.20557284355163574,0.0,0.0
6224,1555.75,46.42193603515625,47.94003677368164,130.03025817871094,109.4949722290039,112.13232421875,0.0003396302927285433,0.05664345994591713,21.01460075378418,0.720646858215332,-0.21187710762023926,0.0,0.0
6225,1556,46.129459381103516,48.07909393310547,129.99209594726562,109.50157928466797,112.79405975341797,0.000333012780174613,0.056633394211530685,21.01474952697754,0.720646858215332,-0.263719767332077,0.0,0.0
6226,1556.25,46.175296783447266,48.215240478515625,127.02371215820312,109.4971694946289,112.9668960571289,0.00032705703051760793,0.056624334305524826,21.014883041381836,0.73065584897995,-0.27770888805389404,0.0,0.0
6227,1556.5,46.18871307373047,47.809288024902344,129.09982299804688,109.50025939941406,112.84245300292969,0.000321696832543239,0.05661618337035179,21.015003204345703,0.750673770904541,-0.2676454484462738,0.0,0.0
6228,1556.75,46.42374038696289,47.946327209472656,126.9802017211914,109.50289916992188,113.65036010742188,0.0003271615132689476,0.05660884454846382,21.015111923217773,0.73065584897995,-0.3309391438961029,0.0,0.0
6229,1557,46.23258590698242,47.94207000732422,131.29576110839844,109.50951385498047,113.19109344482422,0.0003320797404740006,0.05659499019384384,21.015209197998047,0.720646858215332,-0.29435494542121887,0.0,0.0
6230,1557.25,46.29544448852539,47.6803092956543,130.94236755371094,109.50686645507812,112.63504028320312,0.0003365061420481652,0.05658252164721489,21.015296936035156,0.73065584897995,-0.2507310211658478,0.0,0.0
6231,1557.5,45.82228088378906,47.90272903442383,132.68873596191406,109.50202178955078,112.49627685546875,0.00034048990346491337,0.05657130107283592,21.0153751373291,0.73065584897995,-0.24015067517757416,0.0,0.0
6232,1557.75,45.86822509765625,47.67890930175781,128.47088623046875,109.4971694946289,111.81133270263672,0.00034986488753929734,0.05656120181083679,21.015445709228516,0.73065584897995,-0.18617910146713257,0.0,0.0
6233,1558,46.03456497192383,47.90431594848633,129.36773681640625,109.52626037597656,113.60245513916016,0.000358302379027009,0.056552112102508545,21.01551055908203,0.73065584897995,-0.3252868950366974,0.0,0.0
6234,1558.25,45.91169738769531,47.65711975097656,128.7212371826172,109.5024642944336,112.69430541992188,0.0003658961213659495,0.05654393136501312,21.015335083007812,0.720646858215332,-0.2557714581489563,0.0,0.0
6235,1558.5,46.28523254394531,48.00352096557617,129.25628662109375,109.49893951416016,113.15455627441406,0.0003727304865606129,0.05653657019138336,21.01517677307129,0.720646858215332,-0.2923407554626465,0.0,0.0
6236,1558.75,46.20662307739258,47.86724853515625,132.9406280517578,109.50730895996094,112.79652404785156,0.00037888140650466084,0.0565299428999424,21.015033721923828,0.720646858215332,-0.26344868540763855,0.0,0.0
6237,1559,46.17197799682617,47.86672592163086,131.53314208984375,109.51215362548828,112.34664916992188,0.0003850609064102173,0.05652397871017456,21.01490592956543,0.720646858215332,-0.22747933864593506,0.0,0.0
6238,1559.25,46.33900833129883,47.74311447143555,127.24811553955078,109.5046615600586,113.57183837890625,0.00039062247378751636,0.05651861056685448,21.01479148864746,0.720646858215332,-0.32464298605918884,0.0,0.0
6239,1559.5,46.012054443359375,47.91446304321289,129.32269287109375,109.50025939941406,112.71208190917969,0.00039562786696478724,0.056528281420469284,21.01468849182129,0.720646858215332,-0.25735464692115784,0.0,0.0
6240,1559.75,46.31757354736328,47.99725341796875,129.0028839111328,109.5037841796875,112.93282318115234,0.00040013273246586323,0.05653698369860649,21.01459503173828,0.720646858215332,-0.27448520064353943,0.0,0.0
6241,1560,46.4484748840332,47.79023742675781,135.1808319091797,109.50775146484375,113.43653106689453,0.00039968363125808537,0.05654481425881386,21.014511108398438,0.7406647801399231,-0.31377992033958435,0.0,0.0
6242,1560.25,46.373680114746094,47.86960983276367,134.10614013671875,109.49629211425781,112.92393493652344,0.00039927943726070225,0.05655186250805855,21.014434814453125,0.750673770904541,-0.27439382672309875,0.0,0.0
6243,1560.5,46.09091567993164,47.908721923828125,134.24124145507812,109.5205307006836,113.93974304199219,0.00039891566848382354,0.05655820667743683,21.014366149902344,0.73065584897995,-0.35214367508888245,0.0,0.0
6244,1560.75,46.08449935913086,47.696319580078125,132.8665771484375,109.50113677978516,113.4557876586914,0.0003985882503911853,0.05656391754746437,21.014305114746094,0.720646858215332,-0.31582868099212646,0.0,0.0
6245,1561,46.33768081665039,47.88106918334961,125.79407501220703,109.51215362548828,113.29776763916016,0.00039829357410781085,0.05656905472278595,21.014249801635742,0.720646858215332,-0.3025255501270294,0.0,0.0
6246,1561.25,46.61829376220703,48.17619705200195,129.71884155273438,109.51656341552734,113.35406494140625,0.0003980283800046891,0.05657367780804634,21.01420021057129,0.7106378078460693,-0.3065897524356842,0.0,0.0
6247,1561.5,46.13765335083008,48.060646057128906,131.68502807617188,109.50025939941406,113.36344146728516,0.00038749980740249157,0.056570589542388916,21.014156341552734,0.7106378078460693,-0.3086510896682739,0.0,0.0
6248,1561.75,46.20610427856445,48.12309646606445,130.98587036132812,109.49761199951172,112.79800415039062,0.00037802409497089684,0.05656781047582626,21.014116287231445,0.720646858215332,-0.26435375213623047,0.0,0.0
6249,1562,46.38694381713867,47.6739616394043,129.07386779785156,109.51171875,113.23504638671875,0.0003694959741551429,0.056565310806035995,21.014080047607422,0.720646858215332,-0.2976313829421997,0.0,0.0
6250,1562.25,46.34748840332031,48.095375061035156,129.81959533691406,109.4971694946289,112.2646713256836,0.0003618206537794322,0.056563060730695724,21.014047622680664,0.7106378078460693,-0.2221992164850235,0.0,0.0
6251,1562.5,45.782928466796875,47.94502639770508,131.81326293945312,109.5037841796875,112.13282012939453,0.00035491285962052643,0.05656103417277336,21.014019012451172,0.7106378078460693,-0.2112000733613968,0.0,0.0
6252,1562.75,46.34592056274414,48.11158752441406,128.4556121826172,109.50951385498047,112.44393157958984,0.00034869584487751126,0.05655921250581741,21.013992309570312,0.7106378078460693,-0.23539859056472778,0.0,0.0
6253,1563,45.98548889160156,47.69377899169922,129.4287872314453,109.5209732055664,113.32097625732422,0.0003289609157945961,0.05655757337808609,21.013967514038086,0.720646858215332,-0.3036322593688965,0.0,0.0
6254,1563.25,46.09177017211914,47.80143356323242,130.46226501464844,109.49761199951172,113.09874725341797,0.00031119948835112154,0.0565560981631279,21.0140323638916,0.7106378078460693,-0.28805673122406006,0.0,0.0
6255,1563.5,46.16227340698242,47.9222297668457,128.94944763183594,109.50334167480469,112.51207733154297,0.0002952141803689301,0.05655476823449135,21.01409149169922,0.7006288170814514,-0.24129384756088257,0.0,0.0
6256,1563.75,46.589263916015625,48.0316162109375,131.4591064453125,109.50422668457031,112.2735595703125,0.0002808274293784052,0.05655357241630554,21.014144897460938,0.7106378078460693,-0.22233031690120697,0.0,0.0
6257,1564,45.942840576171875,48.15058898925781,130.36685180664062,109.51392364501953,113.19603729248047,0.00026145612355321646,0.056552495807409286,21.014192581176758,0.720646858215332,-0.2943851053714752,0.0,0.0
6258,1564.25,46.17424392700195,47.926753997802734,130.1546630859375,109.50070190429688,112.46318817138672,0.00024402193957939744,0.056551527231931686,21.014236450195312,0.720646858215332,-0.23763972520828247,0.0,0.0
6259,1564.5,45.978973388671875,48.108116149902344,126.8870849609375,109.495849609375,112.67701721191406,0.00022833117691334337,0.056550655514001846,21.01427459716797,0.73065584897995,-0.2549436390399933,0.0,0.0
6260,1564.75,46.10737991333008,48.06005096435547,130.7515411376953,109.49893951416016,112.75208282470703,0.00021420948905870318,0.05654986947774887,21.01430892944336,0.73065584897995,-0.26062077283859253,0.0,0.0
6261,1565,46.02833938598633,47.920352935791016,132.58340454101562,109.51656341552734,112.11652374267578,0.0001995729107875377,0.05654916539788246,21.014339447021484,0.750673770904541,-0.20886728167533875,0.0,0.0
6262,1565.25,46.42727279663086,48.03575134277344,131.92393493652344,109.50907135009766,111.719482421875,0.0001863999932538718,0.056548528373241425,21.014368057250977,0.7606827616691589,-0.17789535224437714,0.0,0.0
6263,1565.5,45.94602584838867,48.08115005493164,125.86048126220703,109.49805450439453,111.94120788574219,0.00017454437329433858,0.056562457233667374,21.014392852783203,0.7406647801399231,-0.19644105434417725,0.0,0.0
6264,1565.75,46.27598571777344,48.12322235107422,129.01966857910156,109.51788330078125,112.39405059814453,0.00017454437329433858,0.0565749928355217,21.014392852783203,0.7406647801399231,-0.23076826333999634,0.0,0.0
6265,1566,46.29938888549805,48.04438018798828,131.117919921875,109.51083374023438,112.42516326904297,0.00016387431242037565,0.05658627301454544,21.014415740966797,0.7406647801399231,-0.23380565643310547,0.0,0.0
6266,1566.25,46.36612319946289,47.58201217651367,128.81436157226562,109.49937438964844,112.61282348632812,0.0001568404695717618,0.05659642443060875,21.014436721801758,0.7406647801399231,-0.2495839148759842,0.0,0.0
6267,1566.5,46.14778137207031,48.1196403503418,129.16165161132812,109.50730895996094,113.20690155029297,0.00015051000809762627,0.056605562567710876,21.014455795288086,0.750673770904541,-0.2957771420478821,0.0,0.0
6268,1566.75,46.24684524536133,47.950401306152344,130.86756896972656,109.51524353027344,112.65479278564453,0.00014481258403975517,0.05661378800868988,21.01447296142578,0.73065584897995,-0.2516108453273773,0.0,0.0
6269,1567,45.95084762573242,48.0711669921875,132.43304443359375,109.51568603515625,112.69874572753906,0.0001396849111188203,0.056621190160512924,21.014488220214844,0.73065584897995,-0.25504738092422485,0.0,0.0
6270,1567.25,46.17134475708008,48.015708923339844,127.5549545288086,109.50907135009766,112.32738494873047,0.00014342140639200807,0.056627850979566574,21.014501571655273,0.720646858215332,-0.22620294988155365,0.0,0.0
6271,1567.5,46.101715087890625,47.811317443847656,127.64425659179688,109.49981689453125,112.41923522949219,0.00014678425213787705,0.0566338449716568,21.01451301574707,0.7106378078460693,-0.23423165082931519,0.0,0.0
6272,1567.75,46.007667541503906,47.72926712036133,131.2766876220703,109.50113677978516,112.92591094970703,0.00014981080312281847,0.05663923919200897,21.014524459838867,0.7106378078460693,-0.27415579557418823,0.0,0.0
6273,1568,46.163169860839844,48.014984130859375,135.62506103515625,109.50157928466797,112.83356475830078,0.00015253470337484032,0.056644096970558167,21.01453399658203,0.720646858215332,-0.26683729887008667,0.0,0.0
6274,1568.25,46.163631439208984,47.62866973876953,128.91893005371094,109.5024642944336,112.6301040649414,0.0001549862208776176,0.05664846673607826,21.014543533325195,0.73065584897995,-0.25069883465766907,0.0,0.0
6275,1568.5,45.975189208984375,48.05249786376953,129.00364685058594,109.49540710449219,112.70220184326172,0.00015719258226454258,0.05665240064263344,21.014551162719727,0.73065584897995,-0.25696906447410583,0.0,0.0
6276,1568.75,45.968868255615234,48.00765609741211,128.87464904785156,109.50686645507812,112.32343292236328,0.00017396276234649122,0.05665240064263344,21.014558792114258,0.7406647801399231,-0.22606907784938812,0.0,0.0
6277,1569,46.12147521972656,48.13488006591797,126.23983001708984,109.51964569091797,112.91207885742188,0.00018905592150986195,0.05664869025349617,21.014564514160156,0.73065584897995,-0.27156081795692444,0.0,0.0
6278,1569.25,46.59510040283203,47.867061614990234,130.97442626953125,109.50862884521484,112.75060272216797,0.00020263975602574646,0.05664535239338875,21.014570236206055,0.720646858215332,-0.25971660017967224,0.0,0.0
6279,1569.5,46.22032928466797,47.56527328491211,130.08139038085938,109.49849700927734,113.47307586669922,0.00021486521291080862,0.05664234608411789,21.014575958251953,0.7406647801399231,-0.3173994719982147,0.0,0.0
6280,1569.75,45.738929748535156,48.372161865234375,130.35617065429688,109.50862884521484,113.35060119628906,0.00022586811974179,0.056639641523361206,21.01457977294922,0.7406647801399231,-0.30696263909339905,0.0,0.0
6281,1570,46.01493835449219,48.43291091918945,127.9984130859375,109.49981689453125,113.71110534667969,0.0002505662268958986,0.05663720890879631,21.014583587646484,0.720646858215332,-0.33594638109207153,0.0,0.0
6282,1570.25,46.26017761230469,48.008155822753906,128.21365356445312,109.50907135009766,113.4009780883789,0.00027279453934170306,0.056635018438100815,21.01458740234375,0.7106378078460693,-0.3108821511268616,0.0,0.0
6283,1570.5,45.95199966430664,47.924102783203125,129.57534790039062,109.5037841796875,112.78813171386719,0.00029280001763254404,0.05663304775953293,21.014591217041016,0.7106378078460693,-0.2630726397037506,0.0,0.0
6284,1570.75,46.02278137207031,47.92216491699219,129.35093688964844,109.51788330078125,113.11801147460938,0.0003108049277216196,0.05663127452135086,21.01459503173828,0.720646858215332,-0.2879251539707184,0.0,0.0
6285,1571,46.41221618652344,47.91254425048828,128.48614501953125,109.50554656982422,113.22122192382812,0.00033151466050185263,0.056622426956892014,21.014596939086914,0.720646858215332,-0.2970465421676636,0.0,0.0
6286,1571.25,45.72355270385742,47.44256591796875,129.13951110839844,109.51039123535156,113.240478515625,0.0003501534229144454,0.0566144660115242,21.014598846435547,0.7106378078460693,-0.29816633462905884,0.0,0.0
6287,1571.5,46.146549224853516,47.85758590698242,126.84587097167969,109.5024642944336,112.86467742919922,0.00036692831781692803,0.05660730227828026,21.01460075378418,0.720646858215332,-0.2692192494869232,0.0,0.0
6288,1571.75,46.43720626831055,48.3197135925293,129.71043395996094,109.5130386352539,113.0755386352539,0.00038202572613954544,0.05660085380077362,21.014602661132812,0.7106378078460693,-0.284975528717041,0.0,0.0
6289,1572,46.03611755371094,48.0717658996582,130.68820190429688,109.52494049072266,113.239990234375,0.00039175187703222036,0.05659504979848862,21.014604568481445,0.720646858215332,-0.29694560170173645,0.0,0.0
6290,1572.25,45.880340576171875,48.12509536743164,131.5064239501953,109.50422668457031,113.12146759033203,0.00040050543611869216,0.05658982694149017,21.014606475830078,0.720646858215332,-0.2893068790435791,0.0,0.0
6291,1572.5,46.30228805541992,47.74343490600586,125.11857604980469,109.50951385498047,112.97134399414062,0.0004083836392965168,0.05659962445497513,21.01460838317871,0.73065584897995,-0.27705585956573486,0.0,0.0
6292,1572.75,46.060569763183594,47.95840835571289,129.52877807617188,109.51392364501953,113.14665222167969,0.0004154740017838776,0.05660844221711159,21.014610290527344,0.720646858215332,-0.29050078988075256,0.0,0.0
6293,1573,46.28758239746094,48.26508331298828,134.2000274658203,109.52802276611328,112.66862487792969,0.00041477716877125204,0.05661637708544731,21.014612197875977,0.7006288170814514,-0.2516654133796692,0.0,0.0
6294,1573.25,45.57393264770508,47.56734085083008,129.04257202148438,109.5024642944336,112.56639862060547,0.0004141500103287399,0.05662351846694946,21.01461410522461,0.7106378078460693,-0.24566182494163513,0.0,0.0
6295,1573.5,45.77580261230469,48.20301818847656,129.31582641601562,109.49937438964844,112.92689514160156,0.000413585570640862,0.05664444714784622,21.01461410522461,0.7006288170814514,-0.27437683939933777,0.0,0.0
6296,1573.75,46.22367477416992,48.063514709472656,130.13253784179688,109.51744842529297,113.02368927001953,0.0004130775632802397,0.056663285940885544,21.01461410522461,0.7106378078460693,-0.280534565448761,0.0,0.0
6297,1574,46.40559387207031,47.729576110839844,130.94847106933594,109.5024642944336,113.01480102539062,0.00040361593710258603,0.056680239737033844,21.01461410522461,0.73065584897995,-0.2810525894165039,0.0,0.0
6298,1574.25,46.22881317138672,47.587039947509766,131.38735961914062,109.51171875,111.89676666259766,0.0003951004764530808,0.056695498526096344,21.01461410522461,0.7406647801399231,-0.1917957216501236,0.0,0.0
6299,1574.5,46.668025970458984,47.55754089355469,130.61415100097656,109.50730895996094,112.22713470458984,0.0003874365647789091,0.056709229946136475,21.01461410522461,0.7406647801399231,-0.21839790046215057,0.0,0.0
6300,1574.75,45.99956130981445,47.57884979248047,132.71469116210938,109.50995635986328,112.37034606933594,0.00038053904427215457,0.05672159045934677,21.01461410522461,0.73065584897995,-0.22953498363494873,0.0,0.0
6301,1575,46.01845932006836,47.98896026611328,130.54087829589844,109.51700592041016,111.78910827636719,0.00037433128454722464,0.05673271417617798,21.01461410522461,0.73065584897995,-0.1827966570854187,0.0,0.0
6302,1575.25,46.22998046875,47.7852783203125,129.08302307128906,109.50643157958984,112.11355590820312,0.00036874430952593684,0.056742724031209946,21.01461410522461,0.73065584897995,-0.20945559442043304,0.0,0.0
6303,1575.5,45.82732009887695,48.23814392089844,130.3821258544922,109.50070190429688,112.86566162109375,0.0003560014592949301,0.05676623433828354,21.01461410522461,0.73065584897995,-0.2694402039051056,0.0,0.0
6304,1575.75,46.17075729370117,47.677284240722656,129.22958374023438,109.51744842529297,113.0794906616211,0.000344532891176641,0.0567873939871788,21.01461410522461,0.73065584897995,-0.28492841124534607,0.0,0.0
6305,1576,46.00490188598633,48.10285568237305,130.56454467773438,109.50598907470703,112.7752914428711,0.0003342111886013299,0.05680643767118454,21.01461410522461,0.720646858215332,-0.2618802487850189,0.0,0.0
6306,1576.25,46.08556365966797,47.79076385498047,129.56312561035156,109.50157928466797,113.3056640625,0.0003249216533731669,0.05682357773184776,21.01461410522461,0.7406647801399231,-0.30400559306144714,0.0,0.0
6307,1576.5,45.91086196899414,48.22074890136719,130.83627319335938,109.50157928466797,112.88442993164062,0.0003120622714050114,0.056839004158973694,21.01461410522461,0.73065584897995,-0.27084916830062866,0.0,0.0
6308,1576.75,46.07212829589844,47.63800811767578,129.608154296875,109.50951385498047,113.04837799072266,0.00030048881308175623,0.05685288459062576,21.01461410522461,0.73065584897995,-0.2831239402294159,0.0,0.0
6309,1577,46.209007263183594,47.767330169677734,128.538818359375,109.51744842529297,112.11157989501953,0.0002900726976804435,0.056865379214286804,21.01461410522461,0.720646858215332,-0.2084028720855713,0.0,0.0
6310,1577.25,46.110660552978516,47.60538101196289,129.16851806640625,109.50643157958984,112.56985473632812,0.0002806982083711773,0.05687662214040756,21.01461410522461,0.73065584897995,-0.2456127405166626,0.0,0.0
6311,1577.5,46.41473388671875,47.7564811706543,126.44744110107422,109.50554656982422,112.96640014648438,0.0002722611534409225,0.05688674375414848,21.01461410522461,0.720646858215332,-0.27698853611946106,0.0,0.0
6312,1577.75,45.82051086425781,48.004661560058594,129.82493591308594,109.51524353027344,112.98269653320312,0.0002691666304599494,0.05688135325908661,21.01461410522461,0.7406647801399231,-0.2774844467639923,0.0,0.0
6313,1578,45.922706604003906,48.18519592285156,130.59278869628906,109.51392364501953,113.4123306274414,0.00026638153940439224,0.05687649920582771,21.01461410522461,0.750673770904541,-0.3113788962364197,0.0,0.0
6314,1578.25,46.47529983520508,47.55617904663086,130.63400268554688,109.50643157958984,113.58863067626953,0.00026387497200630605,0.056872133165597916,21.01461410522461,0.750673770904541,-0.32581523060798645,0.0,0.0
6315,1578.5,45.937339782714844,47.780517578125,134.30307006835938,109.50775146484375,113.41134643554688,0.0002731922431848943,0.05686820298433304,21.01461410522461,0.7406647801399231,-0.31180310249328613,0.0,0.0
6316,1578.75,45.97563934326172,47.86765670776367,128.86473083496094,109.51392364501953,112.37429809570312,0.0002815777843352407,0.0568646639585495,21.01461410522461,0.720646858215332,-0.22952573001384735,0.0,0.0
6317,1579,45.82304382324219,48.22937774658203,130.75918579101562,109.50951385498047,113.27751922607422,0.00028912475681863725,0.056861478835344315,21.01461410522461,0.73065584897995,-0.3011494278907776,0.0,0.0
6318,1579.25,45.828128814697266,48.347076416015625,128.2380828857422,109.5046615600586,112.80492401123047,0.0002959170378744602,0.05685136094689369,21.01461410522461,0.73065584897995,-0.26432645320892334,0.0,0.0
6319,1579.5,45.6783332824707,48.19904708862305,132.57196044921875,109.51612091064453,113.47307586669922,0.00030203009373508394,0.05684225633740425,21.01461410522461,0.720646858215332,-0.3159672021865845,0.0,0.0
6320,1579.75,46.247406005859375,47.534488677978516,128.1144256591797,109.5284652709961,113.15208435058594,0.000324215303407982,0.056834060698747635,21.01461410522461,0.720646858215332,-0.289745956659317,0.0,0.0
6321,1580,46.140968322753906,47.85496520996094,130.3477783203125,109.50775146484375,113.67060852050781,0.00034418198629282415,0.05682668462395668,21.01461410522461,0.73065584897995,-0.3321303725242615,0.0,0.0
6322,1580.25,45.50700759887695,48.46356201171875,131.7201385498047,109.5037841796875,112.38565826416016,0.0003621520008891821,0.05683454871177673,21.01461410522461,0.73065584897995,-0.23124966025352478,0.0,0.0
6323,1580.5,45.83479690551758,47.84109115600586,130.7423858642578,109.51171875,112.34713745117188,0.00037832502857781947,0.05684162676334381,21.01461410522461,0.73065584897995,-0.2275533825159073,0.0,0.0
6324,1580.75,46.19218063354492,47.636390686035156,132.94139099121094,109.52361297607422,113.07158660888672,0.00039288075640797615,0.05684799700975418,21.01461410522461,0.7106378078460693,-0.28380483388900757,0.0,0.0
6325,1581,46.434635162353516,47.98234558105469,130.66835021972656,109.50819396972656,112.84343719482422,0.0004169275052845478,0.056853730231523514,21.01461410522461,0.7106378078460693,-0.2670784294605255,0.0,0.0
6326,1581.25,46.07453918457031,48.16203308105469,129.04104614257812,109.51921081542969,112.48639678955078,0.0004385695792734623,0.05686613917350769,21.01470184326172,0.7106378078460693,-0.23797158896923065,0.0,0.0
6327,1581.5,45.760108947753906,48.32216262817383,129.55702209472656,109.50862884521484,113.11553955078125,0.00045804743422195315,0.05687730759382248,21.014780044555664,0.73065584897995,-0.28848254680633545,0.0,0.0
6328,1581.75,46.262393951416016,47.916996002197266,130.0760498046875,109.51083374023438,112.97578430175781,0.0004755775153171271,0.05688735842704773,21.014850616455078,0.7406647801399231,-0.27729836106300354,0.0,0.0
6329,1582,45.98664093017578,47.8267936706543,134.4717559814453,109.50643157958984,112.14022064208984,0.0004913546144962311,0.05688915401697159,21.01491355895996,0.750673770904541,-0.21157227456569672,0.0,0.0
6330,1582.25,45.65880584716797,48.03285598754883,126.87715911865234,109.50598907470703,112.57528686523438,0.0005055539659224451,0.05689077079296112,21.014970779418945,0.7406647801399231,-0.24607856571674347,0.0,0.0
6331,1582.5,45.92906188964844,48.11744689941406,128.09840393066406,109.51480102539062,112.73084259033203,0.0005189773510210216,0.05689222365617752,21.01502227783203,0.7406647801399231,-0.25765448808670044,0.0,0.0
6332,1582.75,46.01884841918945,47.681087493896484,132.09490966796875,109.52670288085938,112.75454711914062,0.0005310584092512727,0.05689353123307228,21.01506805419922,0.750673770904541,-0.2585584819316864,0.0,0.0
6333,1583,46.14154815673828,48.0111083984375,130.7355194091797,109.50202178955078,112.93084716796875,0.0005419313674792647,0.056894708424806595,21.01511001586914,0.750673770904541,-0.2744731605052948,0.0,0.0
6334,1583.25,45.83544158935547,48.055110931396484,130.75306701660156,109.50113677978516,112.62960815429688,0.0005517170648090541,0.056895770132541656,21.015148162841797,0.7406647801399231,-0.2507675886154175,0.0,0.0
6335,1583.5,45.93951416015625,47.99607467651367,132.64141845703125,109.5037841796875,112.6103515625,0.0005560159916058183,0.05687538534402847,21.015182495117188,0.750673770904541,-0.24903005361557007,0.0,0.0
6336,1583.75,45.78215026855469,48.29078674316406,129.6875457763672,109.51568603515625,112.57923889160156,0.0005598850548267365,0.056857042014598846,21.015213012695312,0.750673770904541,-0.24560290575027466,0.0,0.0
6337,1584,46.47035598754883,48.08765411376953,134.02371215820312,109.5037841796875,112.99356842041016,0.0005633672117255628,0.05684053152799606,21.015239715576172,0.750673770904541,-0.2792724668979645,0.0,0.0
6338,1584.25,46.051513671875,48.02936935424805,127.58090209960938,109.51039123535156,112.09330749511719,0.0005665011121891439,0.0568256713449955,21.0152645111084,0.73065584897995,-0.20752568542957306,0.0,0.0
6339,1584.5,46.31813049316406,47.991878509521484,127.51602172851562,109.50995635986328,112.89134216308594,0.0005661023315042257,0.05681229755282402,21.015287399291992,0.7106378078460693,-0.2707135081291199,0.0,0.0
6340,1584.75,45.86975860595703,47.80044937133789,126.41767120361328,109.50995635986328,112.8819580078125,0.0005657434230670333,0.056814759969711304,21.01530647277832,0.73065584897995,-0.26997342705726624,0.0,0.0
6341,1585,45.9405517578125,47.5717887878418,128.94334411621094,109.5125961303711,112.37281799316406,0.0005654204287566245,0.05681697651743889,21.015323638916016,0.73065584897995,-0.22951646149158478,0.0,0.0
6342,1585.25,46.1913948059082,47.79716491699219,131.7079315185547,109.4971694946289,112.5866470336914,0.0005651297396980226,0.056818973273038864,21.01534080505371,0.720646858215332,-0.24769385159015656,0.0,0.0
6343,1585.5,46.27992248535156,48.168479919433594,133.61001586914062,109.51832580566406,112.9817123413086,0.0005648680962622166,0.05682076886296272,21.015356063842773,0.720646858215332,-0.2771560251712799,0.0,0.0
6344,1585.75,45.594818115234375,47.764461517333984,130.35540771484375,109.51568603515625,112.28985595703125,0.0005646326462738216,0.056822385638952255,21.015369415283203,0.7406647801399231,-0.22269046306610107,0.0,0.0
6345,1586,46.13359451293945,47.89948272705078,131.88043212890625,109.49143981933594,113.39603424072266,0.0005644207121804357,0.05683109164237976,21.015380859375,0.73065584897995,-0.31192728877067566,0.0,0.0
6346,1586.25,46.19933319091797,47.80059051513672,128.08084106445312,109.50598907470703,112.4819564819336,0.0005532873910851777,0.056838925927877426,21.015392303466797,0.7406647801399231,-0.23869535326957703,0.0,0.0
6347,1586.5,46.09847640991211,48.162193298339844,127.80606842041016,109.52361297607422,113.2054214477539,0.0005432674079202116,0.056845977902412415,21.01531410217285,0.720646858215332,-0.2943357527256012,0.0,0.0
6348,1586.75,46.32735061645508,47.84696960449219,132.56585693359375,109.51083374023438,113.01282501220703,0.0005342494114302099,0.056852325797080994,21.01524543762207,0.720646858215332,-0.28021642565727234,0.0,0.0
6349,1587,45.98415756225586,48.231788635253906,131.32781982421875,109.51083374023438,113.07899475097656,0.0005261332262307405,0.056858036667108536,21.015182495117188,0.7106378078460693,-0.2854269742965698,0.0,0.0
6350,1587.25,45.75582504272461,47.84086608886719,128.0419158935547,109.50643157958984,113.587646484375,0.0005156113766133785,0.056855928152799606,21.015125274658203,0.7006288170814514,-0.32573819160461426,0.0,0.0
6351,1587.5,46.06617736816406,47.98923110961914,130.91641235351562,109.50730895996094,113.02764129638672,0.0005061416886746883,0.05685402825474739,21.015073776245117,0.720646858215332,-0.2816697955131531,0.0,0.0
6352,1587.75,46.2206916809082,47.956790924072266,130.51951599121094,109.50730895996094,112.71454620361328,0.0004976189811713994,0.0568523183465004,21.01502799987793,0.7106378078460693,-0.2569761574268341,0.0,0.0
6353,1588,45.779380798339844,47.96803665161133,131.68197631835938,109.50598907470703,113.10961151123047,0.0004899485502392054,0.05685077980160713,21.01498794555664,0.7006288170814514,-0.2882309854030609,0.0,0.0
6354,1588.25,46.06366729736328,47.84443283081055,130.57675170898438,109.5024642944336,112.90813446044922,0.0004830451507586986,0.056849393993616104,21.014951705932617,0.6906198859214783,-0.2726462185382843,0.0,0.0
6355,1588.5,46.285526275634766,47.62888717651367,129.72341918945312,109.5125961303711,111.893310546875,0.00048069277545437217,0.05684814974665642,21.01491928100586,0.7006288170814514,-0.19144928455352783,0.0,0.0
6356,1588.75,45.91181564331055,48.25434875488281,130.51722717285156,109.50951385498047,111.65084075927734,0.00047857564641162753,0.056818027049303055,21.014888763427734,0.7106378078460693,-0.17238867282867432,0.0,0.0
6357,1589,46.302738189697266,48.33353042602539,128.677734375,109.50862884521484,112.90072631835938,0.0004766702186316252,0.05679091438651085,21.014862060546875,0.7106378078460693,-0.2715613543987274,0.0,0.0
6358,1589.25,46.1021842956543,48.01923370361328,130.77902221679688,109.50907135009766,112.52047729492188,0.00047495533362962306,0.05676651373505592,21.01483726501465,0.7106378078460693,-0.2414928376674652,0.0,0.0
6359,1589.5,45.55070114135742,47.81386184692383,132.79330444335938,109.52008819580078,112.73233032226562,0.000473411928396672,0.05674455314874649,21.014816284179688,0.720646858215332,-0.25734207034111023,0.0,0.0
6360,1589.75,45.926910400390625,47.933082580566406,126.2474594116211,109.50862884521484,113.5140609741211,0.0004791029205080122,0.05673203989863396,21.01479721069336,0.720646858215332,-0.31979063153266907,0.0,0.0
6361,1590,45.71104049682617,48.067222595214844,129.99285888671875,109.50951385498047,113.06764221191406,0.00048422481631860137,0.05672077834606171,21.014780044555664,0.720646858215332,-0.2846407890319824,0.0,0.0
6362,1590.25,46.10578918457031,47.8479118347168,129.040283203125,109.50951385498047,113.29183959960938,0.0004888345138169825,0.05671064555644989,21.0147647857666,0.73065584897995,-0.3022746741771698,0.0,0.0
6363,1590.5,46.25724792480469,47.93852233886719,126.68634033203125,109.51083374023438,112.92146301269531,0.0004888345138169825,0.056701526045799255,21.0147647857666,0.720646858215332,-0.27301713824272156,0.0,0.0
6364,1590.75,46.368431091308594,48.255455017089844,131.3484344482422,109.50819396972656,112.79454803466797,0.0004929832648485899,0.056693315505981445,21.01474952697754,0.7106378078460693,-0.26322075724601746,0.0,0.0
6365,1591,46.29330062866211,48.34193420410156,126.54666137695312,109.51171875,112.9817123413086,0.0004967171116732061,0.0566931776702404,21.01473617553711,0.720646858215332,-0.27769356966018677,0.0,0.0
6366,1591.25,45.95345687866211,48.021907806396484,131.8529510498047,109.50334167480469,112.76393127441406,0.0005033423658460379,0.05669305473566055,21.014724731445312,0.7106378078460693,-0.2611982822418213,0.0,0.0
6367,1591.5,46.22193145751953,47.501670837402344,131.13470458984375,109.51744842529297,113.08837890625,0.0005093051004223526,0.0566929429769516,21.014713287353516,0.73065584897995,-0.2856280505657196,0.0,0.0
6368,1591.75,46.2894287109375,47.76766586303711,133.4886474609375,109.51127624511719,112.44491577148438,0.0005146715557202697,0.05669284239411354,21.01470375061035,0.73065584897995,-0.23533320426940918,0.0,0.0
6369,1592,46.103572845458984,47.894676208496094,130.28594970703125,109.51127624511719,113.41727447509766,0.0005195013363845646,0.056700002402067184,21.01469612121582,0.73065584897995,-0.31198224425315857,0.0,0.0
6370,1592.25,45.94409942626953,48.05990982055664,129.90126037597656,109.51083374023438,112.73430633544922,0.0005289994878694415,0.056706447154283524,21.01468849182129,0.73065584897995,-0.2582504153251648,0.0,0.0
6371,1592.5,46.15393829345703,47.6767692565918,128.45179748535156,109.52229309082031,113.5767822265625,0.0005375478067435324,0.05671224743127823,21.01459503173828,0.73065584897995,-0.3235974907875061,0.0,0.0
6372,1592.75,45.99787139892578,48.01879119873047,129.66769409179688,109.51788330078125,113.02368927001953,0.0005452412879094481,0.056717466562986374,21.014511108398438,0.73065584897995,-0.2804989814758301,0.0,0.0
6373,1593,46.26361846923828,47.79521942138672,129.41810607910156,109.50907135009766,112.91948699951172,0.0005521654384210706,0.056722164154052734,21.014434814453125,0.73065584897995,-0.27300456166267395,0.0,0.0
6374,1593.25,46.01503372192383,48.24181365966797,130.97442626953125,109.50598907470703,112.8365249633789,0.0005654825363308191,0.05672639235854149,21.014366149902344,0.73065584897995,-0.26671209931373596,0.0,0.0
6375,1593.5,46.34735107421875,48.3099250793457,129.31124877929688,109.53243255615234,113.18665313720703,0.0005774679593741894,0.05672639235854149,21.014305114746094,0.720646858215332,-0.2921428084373474,0.0,0.0
6376,1593.75,46.45710372924805,47.554283142089844,130.77291870117188,109.51524353027344,112.96393585205078,0.0005882548284716904,0.056744284927845,21.014249801635742,0.73065584897995,-0.2760060429573059,0.0,0.0
6377,1594,46.302181243896484,47.60550308227539,131.0041961669922,109.5046615600586,112.65232849121094,0.0005979629931971431,0.05676038935780525,21.01420021057129,0.7406647801399231,-0.252276211977005,0.0,0.0
6378,1594.25,46.28970718383789,47.87016677856445,130.71871948242188,109.51612091064453,112.70417785644531,0.0006079890881665051,0.05677488073706627,21.014156341552734,0.73065584897995,-0.2554410696029663,0.0,0.0
6379,1594.5,45.965492248535156,47.63227844238281,128.89144897460938,109.51921081542969,112.6409683227539,0.0006170125561766326,0.056787922978401184,21.014116287231445,0.720646858215332,-0.2501961886882782,0.0,0.0
6380,1594.75,45.77751922607422,48.40028762817383,131.4392547607422,109.5209732055664,112.87602996826172,0.0006251336890272796,0.05679241195321083,21.014080047607422,0.7406647801399231,-0.26861056685447693,0.0,0.0
6381,1595,46.06945037841797,47.682796478271484,127.18933868408203,109.51435852050781,111.9999771118164,0.0006324427085928619,0.05679645389318466,21.014047622680664,0.750673770904541,-0.19978800415992737,0.0,0.0
6382,1595.25,46.01948928833008,47.70698928833008,129.71807861328125,109.50951385498047,112.09330749511719,0.0006325789145193994,0.05680008977651596,21.014019012451172,0.750673770904541,-0.2075968235731125,0.0,0.0
6383,1595.5,46.28504180908203,47.90105056762695,131.26065063476562,109.52317810058594,113.76591491699219,0.0006327014998532832,0.05680336430668831,21.013992309570312,0.750673770904541,-0.3383369743824005,0.0,0.0
6384,1595.75,46.25092315673828,47.81960678100586,130.86451721191406,109.51039123535156,112.60985565185547,0.0006328118033707142,0.05679905787110329,21.013967514038086,0.750673770904541,-0.24845385551452637,0.0,0.0
6385,1596,46.462554931640625,47.50343322753906,126.85197448730469,109.50862884521484,112.3841781616211,0.0006329111056402326,0.056795183569192886,21.013946533203125,0.7606827616691589,-0.23073887825012207,0.0,0.0
6386,1596.25,45.592994689941406,48.352386474609375,128.87083435058594,109.51083374023438,112.2212142944336,0.0006330004543997347,0.056791696697473526,21.013927459716797,0.750673770904541,-0.21764156222343445,0.0,0.0
6387,1596.5,46.11894226074219,47.43135070800781,131.80029296875,109.51435852050781,112.74517059326172,0.0006330808391794562,0.05678856000304222,21.0139102935791,0.7406647801399231,-0.2588217556476593,0.0,0.0
6388,1596.75,45.91484451293945,47.88848114013672,129.2234649658203,109.50113677978516,113.5896224975586,0.0006196323083713651,0.05678573623299599,21.01389503479004,0.7406647801399231,-0.3263232409954071,0.0,0.0
6389,1597,46.005245208740234,48.09280014038086,126.35355377197266,109.52626037597656,113.37430572509766,0.0006075286655686796,0.056783195585012436,21.01388168334961,0.73065584897995,-0.30739104747772217,0.0,0.0
6390,1597.25,46.24092483520508,47.910369873046875,132.5643310546875,109.51612091064453,113.25825500488281,0.0005966353928670287,0.05678090825676918,21.01386833190918,0.73065584897995,-0.29909804463386536,0.0,0.0
6391,1597.5,45.89835739135742,48.421607971191406,129.74859619140625,109.51788330078125,112.89578247070312,0.0005868314183317125,0.05677884817123413,21.013856887817383,0.720646858215332,-0.2704192101955414,0.0,0.0
6392,1597.75,46.41427993774414,47.85675811767578,131.1675262451172,109.51127624511719,112.11701202392578,0.0005702856578864157,0.05676249414682388,21.01384735107422,0.7106378078460693,-0.2093360722064972,0.0,0.0
6393,1598,45.98979568481445,48.07294845581055,134.8304901123047,109.52361297607422,112.5125732421875,0.0005553945084102452,0.05674777552485466,21.013837814331055,0.73065584897995,-0.23968517780303955,0.0,0.0
6394,1598.25,45.75893020629883,48.37283706665039,129.63563537597656,109.51788330078125,112.71800994873047,0.0005419924855232239,0.05673452839255333,21.013830184936523,0.750673770904541,-0.25639015436172485,0.0,0.0
6395,1598.5,46.05188751220703,47.948280334472656,131.06983947753906,109.5218505859375,113.12640380859375,0.0005299306358210742,0.05672260746359825,21.013822555541992,0.750673770904541,-0.2882627546787262,0.0,0.0
6396,1598.75,46.1574592590332,47.689170837402344,127.52747344970703,109.50775146484375,113.5461654663086,0.0005119993002153933,0.05671187862753868,21.01381492614746,0.750673770904541,-0.32237932085990906,0.0,0.0
6397,1599,46.008445739746094,47.67662048339844,130.96755981445312,109.51083374023438,113.3254165649414,0.0004958611098118126,0.05669497326016426,21.013809204101562,0.7606827616691589,-0.3048050105571747,0.0,0.0
6398,1599.25,46.30826950073242,48.522705078125,131.4942169189453,109.51039123535156,112.5688705444336,0.00048133672680705786,0.056679755449295044,21.013803482055664,0.7706916928291321,-0.24521292746067047,0.0,0.0
6399,1599.5,45.943119049072266,47.924095153808594,128.74871826171875,109.50907135009766,112.70319366455078,0.00046826477046124637,0.0566660612821579,21.013797760009766,0.750673770904541,-0.2559363842010498,0.0,0.0
6400,1599.75,45.8658561706543,47.87955093383789,129.52267456054688,109.50686645507812,112.26565551757812,0.0004519986396189779,0.056653738021850586,21.0137939453125,0.750673770904541,-0.22148875892162323,0.0,0.0
6401,1600,46.14250946044922,47.828372955322266,130.42562866210938,109.51435852050781,113.77875518798828,0.0004373591218609363,0.056642644107341766,21.013790130615234,0.750673770904541,-0.34005844593048096,0.0,0.0
6402,1600.25,46.22987747192383,48.21636962890625,128.9303741455078,109.51700592041016,113.48246002197266,0.0004241835558786988,0.05663266032934189,21.01378631591797,0.7606827616691589,-0.31663140654563904,0.0,0.0
6403,1600.5,46.75497055053711,47.7022590637207,123.85230255126953,109.5205307006836,113.28492736816406,0.00041232554940506816,0.056623674929142,21.013782501220703,0.750673770904541,-0.3008360266685486,0.0,0.0
6404,1600.75,45.75272750854492,47.78884506225586,134.04049682617188,109.51612091064453,112.50961303710938,0.00040165334939956665,0.05661558732390404,21.013778686523438,0.750673770904541,-0.24006018042564392,0.0,0.0
6405,1601,45.94495391845703,48.06523895263672,132.4979248046875,109.50775146484375,112.92788696289062,0.0003875480324495584,0.05660830810666084,21.013776779174805,0.73065584897995,-0.2737738788127899,0.0,0.0
6406,1601.25,46.71329879760742,47.844364166259766,128.7097930908203,109.50730895996094,112.99208068847656,0.00037485326174646616,0.05659450963139534,21.013774871826172,0.73065584897995,-0.27886897325515747,0.0,0.0
6407,1601.5,46.298683166503906,47.69541549682617,129.26698303222656,109.51788330078125,111.97380065917969,0.0003634279710240662,0.05658208951354027,21.01377296447754,0.7406647801399231,-0.19742076098918915,0.0,0.0
6408,1601.75,46.52361297607422,48.14677047729492,128.41973876953125,109.51788330078125,112.62220001220703,0.00035314520937390625,0.05657091364264488,21.013771057128906,0.7406647801399231,-0.24882052838802338,0.0,0.0
6409,1602,46.21780776977539,47.613101959228516,130.8492431640625,109.51215362548828,112.2538070678711,0.0003400340210646391,0.056560855358839035,21.013769149780273,0.73065584897995,-0.22011969983577728,0.0,0.0
6410,1602.25,46.0799674987793,48.10371780395508,130.17832946777344,109.5205307006836,112.73430633544922,0.0003282339603174478,0.05655905231833458,21.01376724243164,0.7406647801399231,-0.2574622333049774,0.0,0.0
6411,1602.5,45.87147521972656,48.32958221435547,130.30044555664062,109.5209732055664,112.82467651367188,0.00031761391437612474,0.05655742809176445,21.013765335083008,0.7406647801399231,-0.2645592987537384,0.0,0.0
6412,1602.75,45.62449264526367,47.74527359008789,127.77324676513672,109.51127624511719,112.78517150878906,0.0003080558672081679,0.05655596777796745,21.013763427734375,0.73065584897995,-0.26222994923591614,0.0,0.0
6413,1603,46.13407897949219,48.05403518676758,131.53085327148438,109.50862884521484,112.52244567871094,0.0002994536189362407,0.056554652750492096,21.013761520385742,0.73065584897995,-0.2416842132806778,0.0,0.0
6414,1603.25,45.79139709472656,48.08673095703125,130.6149139404297,109.51083374023438,112.87109375,0.0002917115925811231,0.056553468108177185,21.013761520385742,0.720646858215332,-0.26904532313346863,0.0,0.0
6415,1603.5,45.60329055786133,47.71072769165039,129.8104248046875,109.5209732055664,112.53479766845703,0.0002847437863238156,0.056552402675151825,21.013761520385742,0.720646858215332,-0.2416580468416214,0.0,0.0
6416,1603.75,46.111080169677734,48.42952346801758,128.83419799804688,109.51700592041016,112.70763397216797,0.0002765447134152055,0.05655144527554512,21.013761520385742,0.720646858215332,-0.2556420564651489,0.0,0.0
6417,1604,45.5303955078125,48.10768127441406,134.1427764892578,109.52317810058594,112.28837585449219,0.000269165524514392,0.05655058100819588,21.013761520385742,0.7406647801399231,-0.22196421027183533,0.0,0.0
6418,1604.25,45.61520004272461,47.792213439941406,130.16305541992188,109.51921081542969,113.2315902709961,0.00026252426323480904,0.0565498024225235,21.013761520385742,0.73065584897995,-0.29675084352493286,0.0,0.0
6419,1604.5,45.9312629699707,47.861839294433594,128.87083435058594,109.51876831054688,113.4923324584961,0.00025654712226241827,0.05654910206794739,21.013761520385742,0.7106378078460693,-0.31726256012916565,0.0,0.0
6420,1604.75,46.11358642578125,47.77718734741211,130.91107177734375,109.51039123535156,113.01776123046875,0.0002575951803009957,0.05654122307896614,21.013761520385742,0.720646858215332,-0.2806413471698761,0.0,0.0
6421,1605,46.285247802734375,47.554500579833984,131.93003845214844,109.51788330078125,113.74320220947266,0.00025853843544609845,0.05653413385152817,21.013761520385742,0.720646858215332,-0.3369900584220886,0.0,0.0
6422,1605.25,46.06439208984375,47.75178909301758,130.5462188720703,109.51964569091797,113.91950225830078,0.0002593873650766909,0.0565277524292469,21.013761520385742,0.7106378078460693,-0.35063406825065613,0.0,0.0
6423,1605.5,45.87767791748047,47.963890075683594,129.13340759277344,109.5218505859375,112.84492492675781,0.0002601513988338411,0.056522008031606674,21.013761520385742,0.7106378078460693,-0.26608556509017944,0.0,0.0
6424,1605.75,46.18720626831055,48.29222106933594,127.88621520996094,109.50951385498047,113.22171783447266,0.0002646966022439301,0.05651683732867241,21.013761520385742,0.7106378078460693,-0.29676294326782227,0.0,0.0
6425,1606,45.988525390625,47.687870025634766,126.49629211425781,109.5051040649414,112.40837097167969,0.0002687872911337763,0.05653393268585205,21.013761520385742,0.7106378078460693,-0.23294124007225037,0.0,0.0
6426,1606.25,46.001564025878906,47.94244384765625,133.056640625,109.51480102539062,112.4473876953125,0.00027246889658272266,0.0565493181347847,21.013761520385742,0.720646858215332,-0.23524276912212372,0.0,0.0
6427,1606.5,45.7963752746582,47.580440521240234,134.80606079101562,109.51215362548828,112.74319458007812,0.0002757823676802218,0.05656316503882408,21.013761520385742,0.720646858215332,-0.2588447034358978,0.0,0.0
6428,1606.75,46.07319259643555,47.84797286987305,127.62211608886719,109.50819396972656,112.72640228271484,0.0002813365135807544,0.056575629860162735,21.013761520385742,0.73065584897995,-0.25784075260162354,0.0,0.0
6429,1607,45.85780334472656,48.058143615722656,128.97158813476562,109.5046615600586,112.12244415283203,0.0002863352419808507,0.056586846709251404,21.013761520385742,0.73065584897995,-0.21030525863170624,0.0,0.0
6430,1607.25,46.079612731933594,48.03813934326172,128.46859741210938,109.51788330078125,113.04048156738281,0.0002908341120928526,0.056618694216012955,21.013761520385742,0.73065584897995,-0.28182148933410645,0.0,0.0
6431,1607.5,45.874969482421875,48.094539642333984,129.6211395263672,109.5130386352539,112.85924530029297,0.0002948830951936543,0.05664735659956932,21.013761520385742,0.720646858215332,-0.26793140172958374,0.0,0.0
6432,1607.75,46.165679931640625,47.73739242553711,130.20504760742188,109.51171875,113.48937225341797,0.0003017426060978323,0.05667315050959587,21.013761520385742,0.7106378078460693,-0.3176029324531555,0.0,0.0
6433,1608,45.67380905151367,47.79445266723633,129.31735229492188,109.50995635986328,113.26863098144531,0.0003079161688219756,0.056696366518735886,21.013761520385742,0.73065584897995,-0.300414502620697,0.0,0.0
6434,1608.25,46.430625915527344,47.87309265136719,128.7281036376953,109.51568603515625,113.03010559082031,0.0003134723810944706,0.05669550970196724,21.013761520385742,0.73065584897995,-0.2811829149723053,0.0,0.0
6435,1608.5,45.43500900268555,47.73389434814453,130.41571044921875,109.51876831054688,113.23603820800781,0.00031847297213971615,0.05669473856687546,21.013761520385742,0.720646858215332,-0.2971365451812744,0.0,0.0
6436,1608.75,45.79117202758789,47.748600006103516,133.1986083984375,109.50775146484375,112.65282440185547,0.0003229735011700541,0.056694045662879944,21.013761520385742,0.720646858215332,-0.25206440687179565,0.0,0.0
6437,1609,46.1137580871582,47.94187545776367,130.5424041748047,109.53067016601562,112.83504486083984,0.0003270239685662091,0.0566934198141098,21.013761520385742,0.720646858215332,-0.2645893692970276,0.0,0.0
6438,1609.25,46.27057647705078,47.87327194213867,131.6453399658203,109.51612091064453,113.68640899658203,0.00033645896473899484,0.05670011043548584,21.013761520385742,0.7106378078460693,-0.33268722891807556,0.0,0.0
6439,1609.5,45.942344665527344,47.73811721801758,130.62026977539062,109.51127624511719,112.94615936279297,0.0003449504729360342,0.056706130504608154,21.013914108276367,0.7106378078460693,-0.2749273478984833,0.0,0.0
6440,1609.75,46.07505798339844,47.600894927978516,129.71807861328125,109.5037841796875,113.3357925415039,0.00035259281867183745,0.05671154707670212,21.01405143737793,0.720646858215332,-0.30619320273399353,0.0,0.0
6441,1610,45.56686782836914,48.142555236816406,129.28224182128906,109.50422668457031,112.50516510009766,0.0003594709269236773,0.056716423481702805,21.01417350769043,0.720646858215332,-0.24067507684230804,0.0,0.0
6442,1610.25,46.16950988769531,47.7945442199707,133.66725158691406,109.51612091064453,112.57479858398438,0.0003656612243503332,0.0567280650138855,21.014284133911133,0.720646858215332,-0.24521619081497192,0.0,0.0
6443,1610.5,46.294979095458984,47.7864990234375,132.13917541503906,109.5037841796875,112.2977523803711,0.00037123251240700483,0.05673854053020477,21.01438331604004,0.720646858215332,-0.2242841124534607,0.0,0.0
6444,1610.75,45.8411865234375,48.08009719848633,131.33697509765625,109.5125961303711,113.07998657226562,0.00037817691918462515,0.05674796923995018,21.01447296142578,0.7406647801399231,-0.28536176681518555,0.0,0.0
6445,1611,45.93539047241211,47.60666275024414,129.3646697998047,109.5024642944336,113.25381469726562,0.00038442687946371734,0.056756455451250076,21.01455307006836,0.7406647801399231,-0.2998591363430023,0.0,0.0
6446,1611.25,46.116783142089844,47.81449508666992,130.7515411376953,109.51921081542969,113.92739868164062,0.0003900518349837512,0.05676409229636192,21.014625549316406,0.7406647801399231,-0.3512864410877228,0.0,0.0
6447,1611.5,46.01146697998047,48.16120910644531,129.4883270263672,109.51568603515625,113.2508544921875,0.0003951143007725477,0.056770965456962585,21.014690399169922,0.7406647801399231,-0.2985520362854004,0.0,0.0
6448,1611.75,45.94873809814453,47.90153884887695,129.74554443359375,109.50995635986328,113.15010833740234,0.00039967053453437984,0.05677714943885803,21.01474952697754,0.73065584897995,-0.2910950779914856,0.0,0.0
6449,1612,46.08851623535156,48.22774124145508,131.2827911376953,109.50730895996094,113.47357177734375,0.0003979809698648751,0.056782715022563934,21.014802932739258,0.73065584897995,-0.3167220652103424,0.0,0.0
6450,1612.25,45.92262649536133,48.04876708984375,128.75177001953125,109.51788330078125,113.5096206665039,0.00039646035293117166,0.056787725538015366,21.014850616455078,0.720646858215332,-0.31869012117385864,0.0,0.0
6451,1612.5,46.471187591552734,48.229148864746094,129.3524627685547,109.5037841796875,113.35850524902344,0.00039509180351160467,0.0567922368645668,21.014894485473633,0.720646858215332,-0.3079771101474762,0.0,0.0
6452,1612.75,45.95882797241211,48.167911529541016,124.60565948486328,109.50025939941406,113.1624526977539,0.00039386010030284524,0.05679629370570183,21.01493263244629,0.73065584897995,-0.29285454750061035,0.0,0.0
6453,1613,46.05774688720703,47.7096061706543,130.68820190429688,109.51480102539062,112.59207916259766,0.0003876064729411155,0.05680719390511513,21.01496696472168,0.73065584897995,-0.2466900646686554,0.0,0.0
6454,1613.25,46.46443176269531,48.106868743896484,131.38278198242188,109.51744842529297,112.4710922241211,0.0003819781995844096,0.056817006319761276,21.0147647857666,0.73065584897995,-0.2369040548801422,0.0,0.0
6455,1613.5,45.73758316040039,47.56468200683594,128.3686065673828,109.51127624511719,113.14517211914062,0.00037691276520490646,0.05682583525776863,21.014583587646484,0.7406647801399231,-0.2905994951725006,0.0,0.0
6456,1613.75,45.95689392089844,47.73331832885742,130.47523498535156,109.51435852050781,112.80986022949219,0.0003723538829945028,0.05683378130197525,21.014421463012695,0.73065584897995,-0.26392799615859985,0.0,0.0
6457,1614,45.76724624633789,47.86997985839844,128.89144897460938,109.51568603515625,113.35307312011719,0.0003682508831843734,0.0568409338593483,21.01427459716797,0.73065584897995,-0.30658313632011414,0.0,0.0
6458,1614.25,45.77955627441406,48.295570373535156,129.9493408203125,109.51964569091797,113.01825714111328,0.0003682508831843734,0.05684737116098404,21.01427459716797,0.73065584897995,-0.2799278795719147,0.0,0.0
6459,1614.5,45.86705017089844,47.8199348449707,127.50686645507812,109.50819396972656,112.50763702392578,0.00036327194538898766,0.05684591457247734,21.014142990112305,0.73065584897995,-0.24054807424545288,0.0,0.0
6460,1614.75,45.93790817260742,47.67732238769531,131.2827911376953,109.51127624511719,112.13973236083984,0.0003587908868212253,0.05684460699558258,21.01402473449707,0.720646858215332,-0.2111397683620453,0.0,0.0
6461,1615,45.79678726196289,48.05802536010742,127.31147003173828,109.51568603515625,112.58516693115234,0.00035475793993100524,0.05684342980384827,21.013917922973633,0.73065584897995,-0.246071457862854,0.0,0.0
6462,1615.25,46.14656066894531,48.0946159362793,130.60118103027344,109.51876831054688,112.62220001220703,0.00035112828481942415,0.056842368096113205,21.01382064819336,0.720646858215332,-0.24874849617481232,0.0,0.0
6463,1615.5,46.18959426879883,48.15538787841797,128.5166778564453,109.50995635986328,113.04442596435547,0.00035107717849314213,0.0568414144217968,21.013734817504883,0.7406647801399231,-0.28277668356895447,0.0,0.0
6464,1615.75,46.10256576538086,48.01811981201172,126.85350036621094,109.50995635986328,113.29924774169922,0.0003510311944410205,0.056855056434869766,21.013656616210938,0.7406647801399231,-0.3028208315372467,0.0,0.0
6465,1616,45.75937271118164,47.46793746948242,130.616455078125,109.5024642944336,112.52047729492188,0.000350989808794111,0.0568673349916935,21.013586044311523,0.7406647801399231,-0.24202987551689148,0.0,0.0
6466,1616.25,46.44752883911133,47.6454963684082,129.33644104003906,109.52494049072266,112.32492065429688,0.0003567413950804621,0.056878384202718735,21.01352310180664,0.7406647801399231,-0.22471781075000763,0.0,0.0
6467,1616.5,45.52534484863281,47.443233489990234,131.45223999023438,109.5051040649414,112.99010467529297,0.00036191780236549675,0.05688832700252533,21.013465881347656,0.7406647801399231,-0.27889248728752136,0.0,0.0
6468,1616.75,45.66718673706055,47.91972732543945,128.31898498535156,109.51171875,112.72344207763672,0.00036657656892202795,0.05689002573490143,21.01341438293457,0.7406647801399231,-0.25732022523880005,0.0,0.0
6469,1617,45.977256774902344,47.590660095214844,128.66322326660156,109.51392364501953,113.4162826538086,0.0003707694704644382,0.0568915531039238,21.013368606567383,0.73065584897995,-0.3116888105869293,0.0,0.0
6470,1617.25,45.46818542480469,48.1596565246582,127.84423065185547,109.53067016601562,112.46417999267578,0.0003745430731214583,0.0568915531039238,21.01332664489746,0.73065584897995,-0.23528198897838593,0.0,0.0
6471,1617.5,46.19023895263672,47.939693450927734,131.4278106689453,109.5125961303711,112.69874572753906,0.0003779393155127764,0.05689292773604393,21.013288497924805,0.720646858215332,-0.25529855489730835,0.0,0.0
6472,1617.75,46.1379508972168,47.75267791748047,129.160888671875,109.5024642944336,113.3076400756836,0.00038099594530649483,0.05689416453242302,21.013254165649414,0.7406647801399231,-0.3040890395641327,0.0,0.0
6473,1618,46.199668884277344,47.467533111572266,125.69866943359375,109.50862884521484,112.98516845703125,0.00038825106457807124,0.05689527839422226,21.01322364807129,0.7406647801399231,-0.2782169282436371,0.0,0.0
6474,1618.25,45.8188362121582,48.14815902709961,130.94236755371094,109.51964569091797,112.91504669189453,0.0003947806835640222,0.056896280497312546,21.01319694519043,0.750673770904541,-0.2717949450016022,0.0,0.0
6475,1618.5,46.31477737426758,48.03742218017578,130.3859405517578,109.50643157958984,113.68295288085938,0.00040065732900984585,0.056897182017564774,21.013172149658203,0.73065584897995,-0.333204448223114,0.0,0.0
6476,1618.75,45.576820373535156,47.53313064575195,129.29444885253906,109.51039123535156,113.18665313720703,0.00040916379657574,0.05689799413084984,21.013151168823242,0.7406647801399231,-0.29393428564071655,0.0,0.0
6477,1619,45.87163543701172,47.894229888916016,128.49148559570312,109.5125961303711,112.80541229248047,0.0004168196173850447,0.05690597742795944,21.013132095336914,0.73065584897995,-0.26372030377388,0.0,0.0
6478,1619.25,45.63487243652344,47.557029724121094,129.96385192871094,109.52758026123047,112.22911071777344,0.00042370986193418503,0.056913163512945175,21.01311492919922,0.720646858215332,-0.21690697968006134,0.0,0.0
6479,1619.5,46.54879379272461,48.08305740356445,130.1424560546875,109.51039123535156,113.42813873291016,0.0004299110732972622,0.056919630616903305,21.013099670410156,0.720646858215332,-0.3129065930843353,0.0,0.0
6480,1619.75,45.55388259887695,48.06449890136719,129.80813598632812,109.52141571044922,113.92937469482422,0.00043549216934479773,0.0569254495203495,21.013084411621094,0.720646858215332,-0.35126161575317383,0.0,0.0
6481,1620,46.13075637817383,48.20327377319336,131.08128356933594,109.51788330078125,114.84049224853516,0.00044180252007208765,0.05693068727850914,21.013071060180664,0.720646858215332,-0.42245715856552124,0.0,0.0
6482,1620.25,45.68716812133789,47.66851043701172,129.38375854492188,109.51656341552734,113.83604431152344,0.00044748184154741466,0.056935399770736694,21.013059616088867,0.720646858215332,-0.3443604111671448,0.0,0.0
6483,1620.5,45.831886291503906,47.97744369506836,129.57534790039062,109.50643157958984,112.97332000732422,0.000452593230875209,0.05693964287638664,21.01304817199707,0.720646858215332,-0.2774620056152344,0.0,0.0
6484,1620.75,45.880863189697266,48.07381820678711,129.9058380126953,109.50730895996094,112.73133850097656,0.0004552626342047006,0.056943461298942566,21.013038635253906,0.720646858215332,-0.2583022713661194,0.0,0.0
6485,1621,45.908817291259766,47.92242431640625,129.98826599121094,109.51921081542969,112.20146179199219,0.00045766509720124304,0.05694689601659775,21.013031005859375,0.7006288170814514,-0.2153940349817276,0.0,0.0
6486,1621.25,45.57987594604492,48.05781173706055,133.0718994140625,109.51348114013672,112.23454284667969,0.00045982730807736516,0.05694998800754547,21.013023376464844,0.7106378078460693,-0.2184838354587555,0.0,0.0
6487,1621.5,45.64686965942383,48.10089111328125,131.53085327148438,109.50598907470703,114.03900909423828,0.0004617733065970242,0.05696002393960953,21.013015747070312,0.720646858215332,-0.36107808351516724,0.0,0.0
6488,1621.75,46.265869140625,47.736690521240234,130.5157012939453,109.50907135009766,112.97430419921875,0.0004635247169062495,0.056969054043293,21.013010025024414,0.720646858215332,-0.2773246169090271,0.0,0.0
6489,1622,45.911922454833984,47.821842193603516,129.5264892578125,109.51700592041016,113.5989990234375,0.00046381374704651535,0.05697718262672424,21.013004302978516,0.73065584897995,-0.32576847076416016,0.0,0.0
6490,1622.25,45.887325286865234,47.35857009887695,128.13351440429688,109.52141571044922,113.07899475097656,0.00046407387708313763,0.05698449909687042,21.012998580932617,0.73065584897995,-0.28456681966781616,0.0,0.0
6491,1622.5,45.92465591430664,47.8508415222168,133.2138671875,109.50643157958984,112.94566345214844,0.0004643079882953316,0.05697657912969589,21.01299476623535,0.720646858215332,-0.2752825617790222,0.0,0.0
6492,1622.75,45.427650451660156,48.27330017089844,129.79058837890625,109.52494049072266,113.07998657226562,0.00046451870002783835,0.056969452649354935,21.012990951538086,0.720646858215332,-0.2843586504459381,0.0,0.0
6493,1623,46.0792236328125,47.74591827392578,130.31800842285156,109.51127624511719,113.15751647949219,0.0004647083405870944,0.05696303769946098,21.01298713684082,0.7106378078460693,-0.29157039523124695,0.0,0.0
6494,1623.25,45.54221725463867,48.5594482421875,127.9052963256836,109.50554656982422,113.33677673339844,0.00046745355939492583,0.05695726349949837,21.012983322143555,0.720646858215332,-0.30612730979919434,0.0,0.0
6495,1623.5,46.0545539855957,48.05607223510742,130.8118438720703,109.50686645507812,112.71257781982422,0.00046992424177005887,0.05695206671953201,21.01297950744629,0.7106378078460693,-0.25685709714889526,0.0,0.0
6496,1623.75,45.57289505004883,47.93526840209961,131.40261840820312,109.49937438964844,112.55504608154297,0.0004721478617284447,0.05694739148020744,21.012977600097656,0.720646858215332,-0.24501550197601318,0.0,0.0
6497,1624,45.86973571777344,47.55445861816406,128.8639678955078,109.51788330078125,112.98616027832031,0.0004741491284221411,0.05694318190217018,21.012975692749023,0.720646858215332,-0.27754250168800354,0.0,0.0
6498,1624.25,45.887386322021484,48.02107238769531,129.37841796875,109.51215362548828,112.92146301269531,0.00047595027717761695,0.056939393281936646,21.01297378540039,0.73065584897995,-0.27290937304496765,0.0,0.0
6499,1624.5,45.85909652709961,48.0772819519043,128.97921752929688,109.50862884521484,113.39109802246094,0.00047821481712162495,0.056950487196445465,21.012971878051758,0.7406647801399231,-0.3101426362991333,0.0,0.0
6500,1624.75,46.00788879394531,47.813934326171875,129.4158172607422,109.50334167480469,112.51602935791016,0.0004802529001608491,0.05696047097444534,21.012969970703125,0.7406647801399231,-0.24160678684711456,0.0,0.0
6501,1625,46.115299224853516,48.02047348022461,130.09207153320312,109.51215362548828,112.72146606445312,0.00048208716907538474,0.05696945637464523,21.012968063354492,0.7406647801399231,-0.25712907314300537,0.0,0.0
6502,1625.25,45.79938507080078,48.02061080932617,129.81959533691406,109.51435852050781,112.91109466552734,0.00048373802565038204,0.056977543979883194,21.01296615600586,0.7406647801399231,-0.2719131112098694,0.0,0.0
6503,1625.5,45.71896743774414,48.018836975097656,130.71490478515625,109.50775146484375,112.97726440429688,0.0004800755705218762,0.05698482319712639,21.012964248657227,0.7406647801399231,-0.2776656448841095,0.0,0.0
6504,1625.75,45.47074508666992,48.33399200439453,130.54928588867188,109.50686645507812,113.00591278076172,0.0004767793579958379,0.05698412284255028,21.012962341308594,0.7406647801399231,-0.2799946665763855,0.0,0.0
6505,1626,46.62950134277344,48.046600341796875,126.42530059814453,109.50907135009766,112.21775817871094,0.0004738127754535526,0.05698349326848984,21.012962341308594,0.7406647801399231,-0.21751107275485992,0.0,0.0
6506,1626.25,45.99553680419922,47.84456253051758,125.9696273803711,109.50730895996094,112.67060089111328,0.00047114284825511277,0.05698292702436447,21.012962341308594,0.7406647801399231,-0.25350502133369446,0.0,0.0
6507,1626.5,45.88766098022461,48.102821350097656,130.6317138671875,109.50995635986328,113.88641357421875,0.000468739919597283,0.05698241665959358,21.012962341308594,0.7406647801399231,-0.3488355576992035,0.0,0.0
6508,1626.75,45.51251983642578,48.56231689453125,130.33326721191406,109.51127624511719,112.24195098876953,0.00046014340477995574,0.05698195844888687,21.012962341308594,0.73065584897995,-0.2192506194114685,0.0,0.0
6509,1627,45.59539031982422,47.575416564941406,130.52561950683594,109.50598907470703,112.57479858398438,0.0004524065589066595,0.05698154494166374,21.012962341308594,0.7406647801399231,-0.24603982269763947,0.0,0.0
6510,1627.25,46.357566833496094,47.38516616821289,131.0225067138672,109.5051040649414,112.72492218017578,0.0004454433801583946,0.056981172412633896,21.012962341308594,0.7406647801399231,-0.25797513127326965,0.0,0.0
6511,1627.5,46.33846664428711,47.64176559448242,129.3501739501953,109.49540710449219,112.72640228271484,0.0004391765396576375,0.056980837136507034,21.012962341308594,0.73065584897995,-0.2588801980018616,0.0,0.0
6512,1627.75,45.86001968383789,47.87078094482422,128.84259033203125,109.50202178955078,113.0775146484375,0.0004391765396576375,0.05698053538799286,21.012962341308594,0.73065584897995,-0.2860269248485565,0.0,0.0
6513,1628,45.86650848388672,47.87273406982422,126.96417236328125,109.51700592041016,113.8809814453125,0.0004309636424295604,0.05698026344180107,21.012962341308594,0.73065584897995,-0.3478379249572754,0.0,0.0
6514,1628.25,46.52437210083008,47.969730377197266,130.0760498046875,109.51612091064453,112.80146789550781,0.00042357202619314194,0.05699452385306358,21.012962341308594,0.73065584897995,-0.2631223797798157,0.0,0.0
6515,1628.5,45.890140533447266,48.27567672729492,131.37437438964844,109.48835754394531,112.75800323486328,0.0004169195890426636,0.057007357478141785,21.012962341308594,0.73065584897995,-0.26194852590560913,0.0,0.0
6516,1628.75,46.101863861083984,47.60402297973633,128.49224853515625,109.50554656982422,112.33331298828125,0.0004109323781449348,0.057018909603357315,21.012962341308594,0.7406647801399231,-0.22695951163768768,0.0,0.0
6517,1629,45.88764953613281,48.30577850341797,130.89810180664062,109.51480102539062,112.75553894042969,0.0004132631001994014,0.057029303163290024,21.012962341308594,0.7406647801399231,-0.2596046030521393,0.0,0.0
6518,1629.25,45.85956954956055,48.18292999267578,130.57598876953125,109.50113677978516,112.81825256347656,0.00041536075877957046,0.05706041306257248,21.012962341308594,0.7406647801399231,-0.2656651735305786,0.0,0.0
6519,1629.5,46.24985122680664,48.00815200805664,134.58319091796875,109.49893951416016,112.62220001220703,0.00041724866605363786,0.05708841234445572,21.012962341308594,0.720646858215332,-0.2503604590892792,0.0,0.0
6520,1629.75,46.208717346191406,47.725563049316406,128.1846466064453,109.50643157958984,111.7520751953125,0.00041894777677953243,0.057113610208034515,21.012962341308594,0.73065584897995,-0.18070682883262634,0.0,0.0
6521,1630,45.91594314575195,48.07774353027344,129.71119689941406,109.51127624511719,112.5471420288086,0.00042755610775202513,0.05713628977537155,21.012962341308594,0.73065584897995,-0.2434224933385849,0.0,0.0
6522,1630.25,45.905006408691406,47.783809661865234,127.42748260498047,109.5024642944336,113.4552993774414,0.00043530360562726855,0.05714945122599602,21.012962341308594,0.73065584897995,-0.31568241119384766,0.0,0.0
6523,1630.5,46.20223617553711,47.975364685058594,132.6307373046875,109.49629211425781,113.00146484375,0.00044227633043192327,0.05716129392385483,21.012962341308594,0.7106378078460693,-0.28050389885902405,0.0,0.0
6524,1630.75,46.00920486450195,48.07158279418945,128.26785278320312,109.52229309082031,113.5096206665039,0.00044855178566649556,0.05717195197939873,21.012962341308594,0.720646858215332,-0.3183315396308899,0.0,0.0
6525,1631,45.98613739013672,48.25597381591797,132.21322631835938,109.53067016601562,112.58071899414062,0.00045419970410875976,0.05717195197939873,21.012962341308594,0.7406647801399231,-0.2445017248392105,0.0,0.0
6526,1631.25,46.115623474121094,48.16014099121094,127.49007415771484,109.52361297607422,112.36886596679688,0.0004592828336171806,0.05718154460191727,21.012962341308594,0.73065584897995,-0.228307843208313,0.0,0.0
6527,1631.5,46.07236099243164,48.031005859375,133.36424255371094,109.51215362548828,112.93677520751953,0.0004690077621489763,0.057182926684617996,21.012962341308594,0.7406647801399231,-0.2741163969039917,0.0,0.0
6528,1631.75,46.454811096191406,47.84990692138672,132.30709838867188,109.50202178955078,112.84689331054688,0.00047776021528989077,0.05718417093157768,21.012962341308594,0.7406647801399231,-0.26785266399383545,0.0,0.0
6529,1632,45.948890686035156,47.55647659301758,128.97006225585938,109.51524353027344,113.78912353515625,0.00048563742893747985,0.05718528851866722,21.012962341308594,0.73065584897995,-0.34079769253730774,0.0,0.0
6530,1632.25,45.80624008178711,48.002357482910156,127.78012084960938,109.50686645507812,112.98516845703125,0.000492726918309927,0.057186294347047806,21.012962341308594,0.73065584897995,-0.27836036682128906,0.0,0.0
6531,1632.5,45.63569641113281,48.205406188964844,129.77989196777344,109.50202178955078,112.88788604736328,0.0004991074674762785,0.05718719959259033,21.012962341308594,0.720646858215332,-0.2710860073566437,0.0,0.0
6532,1632.75,45.96852493286133,47.995418548583984,128.67161560058594,109.50951385498047,113.10566711425781,0.0005048499442636967,0.057188015431165695,21.012962341308594,0.73065584897995,-0.28763362765312195,0.0,0.0
6533,1633,45.91693878173828,48.21799087524414,128.26632690429688,109.52405548095703,112.54961395263672,0.0005100182024762034,0.05718874931335449,21.012962341308594,0.7406647801399231,-0.24257948994636536,0.0,0.0
6534,1633.25,46.39228820800781,48.03192138671875,128.7120819091797,109.50334167480469,113.33677673339844,0.000528148899320513,0.05718940868973732,21.012962341308594,0.73065584897995,-0.3063063323497772,0.0,0.0
6535,1633.5,46.32208251953125,47.55129623413086,129.98902893066406,109.50157928466797,112.70022583007812,0.0005444665439426899,0.057190004736185074,21.012727737426758,0.73065584897995,-0.25631099939346313,0.0,0.0
6536,1633.75,45.58126449584961,48.06217575073242,130.41799926757812,109.49629211425781,112.82862854003906,0.0005591524532064795,0.057168785482645035,21.01251792907715,0.750673770904541,-0.26687777042388916,0.0,0.0
6537,1634,45.96746063232422,48.38544845581055,130.1798553466797,109.49937438964844,113.30270385742188,0.0005723697249777615,0.05714968964457512,21.0123291015625,0.750673770904541,-0.30395233631134033,0.0,0.0
6538,1634.25,46.02574157714844,47.99332809448242,128.19000244140625,109.49937438964844,113.10221099853516,0.0005874867783859372,0.057132504880428314,21.01215934753418,0.7406647801399231,-0.28818604350090027,0.0,0.0
6539,1634.5,46.03816604614258,48.02342987060547,128.7334442138672,109.4971694946289,112.81825256347656,0.0006010921206325293,0.0571170374751091,21.01209259033203,0.750673770904541,-0.26598769426345825,0.0,0.0
6540,1634.75,45.65762710571289,48.088008880615234,129.85394287109375,109.50951385498047,112.53479766845703,0.0006133369170129299,0.05710311606526375,21.01203155517578,0.7406647801399231,-0.2425898313522339,0.0,0.0
6541,1635,46.22282791137695,47.754451751708984,129.51809692382812,109.51964569091797,113.10566711425781,0.0006243572570383549,0.05709058791399002,21.01197624206543,0.7406647801399231,-0.2868105471134186,0.0,0.0
6542,1635.25,46.14396667480469,47.28291320800781,127.42443084716797,109.50819396972656,112.60739135742188,0.0006342755514197052,0.05707931146025658,21.011926651000977,0.7406647801399231,-0.24843749403953552,0.0,0.0
6543,1635.5,46.21965408325195,48.05950927734375,129.2082061767578,109.50025939941406,112.44639587402344,0.0006412692600861192,0.057069163769483566,21.011882781982422,0.73065584897995,-0.2363460808992386,0.0,0.0
6544,1635.75,46.24303436279297,47.842811584472656,132.18345642089844,109.50598907470703,112.5343017578125,0.0006475636037066579,0.05706002935767174,21.011842727661133,0.7406647801399231,-0.2428368479013443,0.0,0.0
6545,1636,45.90047836303711,48.041507720947266,125.48571014404297,109.50995635986328,112.64047241210938,0.0006532285478897393,0.05705180764198303,21.01180648803711,0.73065584897995,-0.2509089410305023,0.0,0.0
6546,1636.25,46.39333724975586,47.8343620300293,127.72286987304688,109.5024642944336,112.979736328125,0.0006583269569091499,0.05704440921545029,21.01177406311035,0.73065584897995,-0.27828970551490784,0.0,0.0
6547,1636.5,45.96390914916992,48.07223892211914,130.2271728515625,109.50686645507812,113.61776733398438,0.0006616268074139953,0.057037752121686935,21.011978149414062,0.73065584897995,-0.32806330919265747,0.0,0.0
6548,1636.75,45.80611801147461,47.56798553466797,128.7151336669922,109.49893951416016,112.7496109008789,0.0006645966786891222,0.05703175812959671,21.012163162231445,0.750673770904541,-0.26042571663856506,0.0,0.0
6549,1637,45.92914962768555,47.56338119506836,128.97998046875,109.50819396972656,112.62714385986328,0.0006672695744782686,0.057048533111810684,21.0123291015625,0.73065584897995,-0.24999864399433136,0.0,0.0
6550,1637.25,46.3693733215332,47.727447509765625,132.77880859375,109.49937438964844,113.05134582519531,0.0006696751806885004,0.05706363171339035,21.01247787475586,0.7406647801399231,-0.28418171405792236,0.0,0.0
6551,1637.5,45.95637893676758,48.128421783447266,129.02578735351562,109.50113677978516,113.35307312011719,0.000671195681206882,0.05707722157239914,21.012611389160156,0.750673770904541,-0.3077656030654907,0.0,0.0
6552,1637.75,45.55656051635742,47.567745208740234,129.9111785888672,109.50643157958984,113.55010986328125,0.0006725641433149576,0.05708945170044899,21.012731552124023,0.73065584897995,-0.3227958381175995,0.0,0.0
6553,1638,46.22502899169922,48.42776107788086,127.05424499511719,109.50554656982422,112.87059783935547,0.0006737957592122257,0.05711495876312256,21.012840270996094,0.750673770904541,-0.269435852766037,0.0,0.0
6554,1638.25,46.03859329223633,48.3453369140625,133.3001251220703,109.49805450439453,112.43504333496094,0.0006749042076990008,0.05713791400194168,21.012937545776367,0.73065584897995,-0.23562684655189514,0.0,0.0
6555,1638.5,45.871673583984375,48.23346710205078,127.03668975830078,109.50775146484375,113.79850769042969,0.0006759018287993968,0.05715857446193695,21.013025283813477,0.750673770904541,-0.342140793800354,0.0,0.0
6556,1638.75,45.579551696777344,47.95964431762695,123.7584228515625,109.49673461914062,112.71553802490234,0.0006793771754018962,0.057177167385816574,21.013105392456055,0.7606827616691589,-0.2579144835472107,0.0,0.0
6557,1639,46.60483169555664,48.2782096862793,132.00331115722656,109.50070190429688,112.20244598388672,0.0006825049640610814,0.05718665570020676,21.01317596435547,0.7606827616691589,-0.216976597905159,0.0,0.0
6558,1639.25,46.01564407348633,47.826053619384766,129.19064331054688,109.51524353027344,112.81381225585938,0.0006853199447505176,0.05719519406557083,21.013240814208984,0.7706916928291321,-0.2641679048538208,0.0,0.0
6559,1639.5,46.14714431762695,47.803253173828125,130.1050567626953,109.49673461914062,112.48294067382812,0.0006878534331917763,0.05720287933945656,21.01329803466797,0.7606827616691589,-0.2395254522562027,0.0,0.0
6560,1639.75,45.77854537963867,47.85007858276367,131.5888671875,109.49981689453125,112.77973937988281,0.0006985118961893022,0.057209793478250504,21.013349533081055,0.7706916928291321,-0.26273271441459656,0.0,0.0
6561,1640,45.90940475463867,47.81034851074219,128.7021484375,109.51083374023438,112.39454650878906,0.0007081045187078416,0.05720151215791702,21.013397216796875,0.7706916928291321,-0.231380894780159,0.0,0.0
6562,1640.25,46.32644271850586,47.869773864746094,132.71469116210938,109.49937438964844,112.46170806884766,0.0007167378789745271,0.0571940578520298,21.013439178466797,0.750673770904541,-0.2376304417848587,0.0,0.0
6563,1640.5,45.862483978271484,47.830204010009766,127.28246307373047,109.50113677978516,112.99652862548828,0.0007245079032145441,0.05718734860420227,21.013477325439453,0.7606827616691589,-0.27972087264060974,0.0,0.0
6564,1640.75,45.84000778198242,47.978187561035156,125.27962493896484,109.49849700927734,113.23011016845703,0.0007315009133890271,0.057181309908628464,21.013511657714844,0.750673770904541,-0.2983183264732361,0.0,0.0
6565,1641,46.0026741027832,48.27241134643555,128.1815948486328,109.50157928466797,112.51898956298828,0.0007416628068313003,0.05717587471008301,21.01354217529297,0.7606827616691589,-0.24198408424854279,0.0,0.0
6566,1641.25,46.14646530151367,48.06341552734375,131.9979705810547,109.49276733398438,112.53775787353516,0.0007508085109293461,0.05717098340392113,21.01357078552246,0.750673770904541,-0.2441854178905487,0.0,0.0
6567,1641.5,45.93917465209961,48.07124710083008,130.14093017578125,109.49232482910156,112.7387466430664,0.0007590396562591195,0.057166583836078644,21.013595581054688,0.73065584897995,-0.26010555028915405,0.0,0.0
6568,1641.75,45.88349151611328,48.17860794067383,131.2339324951172,109.50070190429688,112.46220397949219,0.0007664476870559156,0.05716262385249138,21.01361846923828,0.750673770904541,-0.23756177723407745,0.0,0.0
6569,1642,46.1475944519043,47.90009307861328,133.7039031982422,109.5037841796875,112.20935821533203,0.0007634458597749472,0.05715905874967575,21.013639450073242,0.750673770904541,-0.2172745317220688,0.0,0.0
6570,1642.25,46.07898712158203,48.27305221557617,129.0662384033203,109.50951385498047,112.7535629272461,0.0007607442676089704,0.057155851274728775,21.013656616210938,0.750673770904541,-0.2598783075809479,0.0,0.0
6571,1642.5,46.3133659362793,47.483299255371094,129.27003479003906,109.4949722290039,113.09628295898438,0.000758312817197293,0.057138461619615555,21.013673782348633,0.7406647801399231,-0.28807753324508667,0.0,0.0
6572,1642.75,45.78104782104492,47.86737060546875,131.59573364257812,109.50422668457031,114.57481384277344,0.0007561245001852512,0.057122811675071716,21.013689041137695,0.7406647801399231,-0.4029487669467926,0.0,0.0
6573,1643,45.994659423828125,47.808013916015625,131.24691772460938,109.49540710449219,113.21183776855469,0.0007393388659693301,0.05710872635245323,21.013702392578125,0.7406647801399231,-0.297132670879364,0.0,0.0
6574,1643.25,45.895103454589844,47.84349822998047,130.89962768554688,109.49100494384766,112.6626968383789,0.0007242317660711706,0.057096049189567566,21.013713836669922,0.7406647801399231,-0.25420600175857544,0.0,0.0
6575,1643.5,46.248779296875,47.615875244140625,132.6139373779297,109.48086547851562,112.52886962890625,0.0007106353878043592,0.057106394320726395,21.01372528076172,0.750673770904541,-0.2444499284029007,0.0,0.0
6576,1643.75,45.86553192138672,47.25080490112305,127.23056030273438,109.50025939941406,112.68590545654297,0.0006983986822888255,0.05711570754647255,21.013734817504883,0.73065584897995,-0.2552870810031891,0.0,0.0
6577,1644,45.60474395751953,47.94327163696289,132.2552032470703,109.4949722290039,112.3624496459961,0.0006873856182210147,0.05712408944964409,21.013742446899414,0.720646858215332,-0.23012791574001312,0.0,0.0
6578,1644.25,45.824337005615234,47.47347640991211,128.90518188476562,109.4879150390625,113.01332092285156,0.0006774738430976868,0.057131633162498474,21.013750076293945,0.720646858215332,-0.28211888670921326,0.0,0.0
6579,1644.5,45.782310485839844,47.85832214355469,130.8080291748047,109.49276733398438,112.57874298095703,0.0006525071221403778,0.05714567378163338,21.013757705688477,0.7106378078460693,-0.24742652475833893,0.0,0.0
6580,1644.75,45.60517120361328,47.884498596191406,128.42279052734375,109.4971694946289,112.45084381103516,0.0006300371023826301,0.05715830996632576,21.013763427734375,0.7106378078460693,-0.23694926500320435,0.0,0.0
6581,1645,46.22330856323242,48.2630615234375,129.43260192871094,109.49761199951172,112.67306518554688,0.000609814072959125,0.057169683277606964,21.013769149780273,0.7106378078460693,-0.2544882893562317,0.0,0.0
6582,1645.25,45.93336868286133,47.552772521972656,130.28366088867188,109.4879150390625,112.53282165527344,0.0005916133522987366,0.05717991665005684,21.013774871826172,0.73065584897995,-0.24418923258781433,0.0,0.0
6583,1645.5,46.02967071533203,48.08903121948242,129.6150360107422,109.49188232421875,113.43060302734375,0.0005752326687797904,0.057174623012542725,21.013778686523438,0.73065584897995,-0.3146049678325653,0.0,0.0
6584,1645.75,45.89347839355469,47.82263946533203,129.77378845214844,109.49849700927734,113.20344543457031,0.0005572735681198537,0.05716985836625099,21.013782501220703,0.73065584897995,-0.296222060918808,0.0,0.0
6585,1646,46.19727325439453,47.85039520263672,133.8611297607422,109.49143981933594,113.3382568359375,0.0005411103484220803,0.05716557055711746,21.013465881347656,0.750673770904541,-0.3073904812335968,0.0,0.0
6586,1646.25,45.77934646606445,47.72200393676758,135.28311157226562,109.49276733398438,111.9500961303711,0.0005265634972602129,0.057161711156368256,21.013181686401367,0.7406647801399231,-0.1975780874490738,0.0,0.0
6587,1646.5,46.076847076416016,47.742008209228516,129.9119415283203,109.48924255371094,112.78368377685547,0.000513471313752234,0.05715823918581009,21.01292610168457,0.7406647801399231,-0.263903945684433,0.0,0.0
6588,1646.75,46.08052444458008,48.43454360961914,129.3433074951172,109.49937438964844,112.9688720703125,0.0005042615812271833,0.05715470016002655,21.0126953125,0.750673770904541,-0.27768537402153015,0.0,0.0
6589,1647,45.97553253173828,47.52220916748047,129.7066192626953,109.4949722290039,112.36837768554688,0.0004959728103131056,0.057151515036821365,21.012487411499023,0.7406647801399231,-0.23059728741645813,0.0,0.0
6590,1647.25,46.03679656982422,47.71826171875,128.80747985839844,109.477783203125,112.5757827758789,0.0004885129164904356,0.05714865028858185,21.012300491333008,0.7406647801399231,-0.24841077625751495,0.0,0.0
6591,1647.5,46.00337219238281,47.59891891479492,127.15117645263672,109.4857177734375,112.87899780273438,0.00048179904115386307,0.05714607238769531,21.01213264465332,0.750673770904541,-0.27171069383621216,0.0,0.0
6592,1647.75,46.01580810546875,47.516502380371094,131.0423583984375,109.49143981933594,112.56787872314453,0.0004802606417797506,0.05714375153183937,21.011981964111328,0.750673770904541,-0.2466753125190735,0.0,0.0
6593,1648,45.84044647216797,47.52507781982422,129.6776123046875,109.48439025878906,112.39997863769531,0.0004788760852534324,0.057141661643981934,21.0118465423584,0.7406647801399231,-0.23396092653274536,0.0,0.0
6594,1648.25,46.03916931152344,47.412357330322266,132.90245056152344,109.48218536376953,112.32145690917969,0.0004776299756485969,0.05715428292751312,21.0117244720459,0.73065584897995,-0.22791916131973267,0.0,0.0
6595,1648.5,46.13042449951172,47.79697036743164,130.63323974609375,109.48042297363281,112.675537109375,0.0004765084886457771,0.05716564506292343,21.011613845825195,0.7406647801399231,-0.25608107447624207,0.0,0.0
6596,1648.75,45.77021026611328,47.63134765625,129.5463409423828,109.49143981933594,112.55109405517578,0.00048322274233214557,0.05717587098479271,21.01151466369629,0.7406647801399231,-0.24534821510314941,0.0,0.0
6597,1649,45.85678482055664,48.017120361328125,132.78643798828125,109.49056243896484,112.39356231689453,0.0004892655997537076,0.05718507245182991,21.011425018310547,0.73065584897995,-0.23295104503631592,0.0,0.0
6598,1649.25,45.907562255859375,48.066368103027344,129.38528442382812,109.48527526855469,113.52146911621094,0.0004947041743434966,0.057186100631952286,21.01134490966797,0.7606827616691589,-0.32227039337158203,0.0,0.0
6599,1649.5,45.80177688598633,47.61845016479492,127.0779037475586,109.48086547851562,112.81776428222656,0.00049959885654971,0.0571870282292366,21.011272430419922,0.750673770904541,-0.26727473735809326,0.0,0.0
6600,1649.75,46.4553108215332,47.977787017822266,127.8564453125,109.49011993408203,112.55850219726562,0.0005097994580864906,0.05718786269426346,21.011207580566406,0.7406647801399231,-0.2460409253835678,0.0,0.0
6601,1650,46.103233337402344,47.65576171875,128.13656616210938,109.48175048828125,113.38813781738281,0.0005189800285734236,0.05718861147761345,21.011383056640625,0.7406647801399231,-0.3120954632759094,0.0,0.0
6602,1650.25,46.27288055419922,47.6103515625,132.21932983398438,109.4619140625,113.01480102539062,0.0005189800285734236,0.057196538895368576,21.011383056640625,0.750673770904541,-0.28434938192367554,0.0,0.0
6603,1650.5,45.98149871826172,47.5786018371582,133.14517211914062,109.48880004882812,113.29035949707031,0.0005272424896247685,0.05720367282629013,21.011539459228516,0.7406647801399231,-0.3038425147533417,0.0,0.0
6604,1650.75,45.88345718383789,48.165279388427734,131.20111083984375,109.49188232421875,112.71504211425781,0.0005391870508901775,0.05721009522676468,21.011680603027344,0.7406647801399231,-0.2582695186138153,0.0,0.0
6605,1651,45.975341796875,48.05403518676758,129.86843872070312,109.4857177734375,112.44145965576172,0.0005499371327459812,0.05721587315201759,21.011808395385742,0.73065584897995,-0.2371378093957901,0.0,0.0
6606,1651.25,46.23882293701172,47.43548583984375,128.20297241210938,109.4711685180664,112.95751190185547,0.000559612235520035,0.057206571102142334,21.01192283630371,0.7406647801399231,-0.2790830135345459,0.0,0.0
6607,1651.5,45.788536071777344,48.1594123840332,128.9967803955078,109.48351287841797,112.73084259033203,0.0005683198105543852,0.05719820037484169,21.012025833129883,0.750673770904541,-0.2601979076862335,0.0,0.0
6608,1651.75,45.50279998779297,48.343746185302734,127.23208618164062,109.4945297241211,112.74121856689453,0.0005761566571891308,0.0571906678378582,21.01211929321289,0.7406647801399231,-0.2601214051246643,0.0,0.0
6609,1652,46.16592788696289,47.92284393310547,128.86778259277344,109.47822570800781,112.81924438476562,0.0005832097958773375,0.057183887809515,21.012203216552734,0.750673770904541,-0.26760604977607727,0.0,0.0
6610,1652.25,45.86700439453125,47.94739532470703,129.59213256835938,109.4698486328125,113.21726989746094,0.000588269263971597,0.057185035198926926,21.012277603149414,0.750673770904541,-0.2996380031108856,0.0,0.0
6611,1652.5,45.97895812988281,48.21769332885742,130.55996704101562,109.47954559326172,113.2271499633789,0.0005928227910771966,0.0571860671043396,21.012344360351562,0.750673770904541,-0.2996264398097992,0.0,0.0
6612,1652.75,45.77590560913086,47.43107223510742,128.88992309570312,109.48262786865234,113.71900177001953,0.0005969209596514702,0.05718699470162392,21.012405395507812,0.7606827616691589,-0.33796221017837524,0.0,0.0
6613,1653,46.16329574584961,47.683067321777344,133.47720336914062,109.47998809814453,113.27899932861328,0.000600609346292913,0.05718783289194107,21.012460708618164,0.750673770904541,-0.30366629362106323,0.0,0.0
6614,1653.25,46.14776611328125,47.71054458618164,129.05555725097656,109.46808624267578,113.35455322265625,0.0005974891246296465,0.05718783289194107,21.012510299682617,0.750673770904541,-0.31056952476501465,0.0,0.0
6615,1653.5,46.09764099121094,47.73906707763672,127.05271911621094,109.48924255371094,112.87800598144531,0.0005946808960288763,0.05720309168100357,21.012554168701172,0.7406647801399231,-0.2713458240032196,0.0,0.0
6616,1653.75,45.84725570678711,47.86540603637695,127.79690551757812,109.4879150390625,112.62467193603516,0.0005921535193920135,0.0572168231010437,21.01259422302246,0.7406647801399231,-0.2514519989490509,0.0,0.0
6617,1654,46.02567672729492,48.02579879760742,132.60630798339844,109.47734069824219,112.64344024658203,0.0005898788804188371,0.0572291798889637,21.012630462646484,0.750673770904541,-0.25379544496536255,0.0,0.0
6618,1654.25,45.85966110229492,47.8718147277832,128.3899688720703,109.47293090820312,112.2217025756836,0.0005878317169845104,0.05724030360579491,21.012662887573242,0.750673770904541,-0.22076204419136047,0.0,0.0
6619,1654.5,45.97307205200195,47.745113372802734,129.74020385742188,109.47734069824219,112.15454864501953,0.0005859892698936164,0.057250313460826874,21.012691497802734,0.7106378078460693,-0.21507495641708374,0.0,0.0
6620,1654.75,45.680782318115234,47.896297454833984,131.54000854492188,109.48483276367188,112.76640319824219,0.0005733424914069474,0.057259321212768555,21.012718200683594,0.720646858215332,-0.262898325920105,0.0,0.0
6621,1655,46.19309997558594,48.189945220947266,130.70803833007812,109.47073364257812,112.16442108154297,0.0005619603907689452,0.057267431169748306,21.012741088867188,0.73065584897995,-0.21639592945575714,0.0,0.0
6622,1655.25,45.9058952331543,47.70752716064453,127.5297622680664,109.46324157714844,112.49726104736328,0.000551716482732445,0.05727472901344299,21.01276206970215,0.73065584897995,-0.24338214099407196,0.0,0.0
6623,1655.5,45.83986282348633,48.08769607543945,128.2953338623047,109.47381591796875,112.79949188232422,0.0005424969713203609,0.05728129670023918,21.012781143188477,0.73065584897995,-0.26640594005584717,0.0,0.0
6624,1655.75,45.6297721862793,47.501487731933594,127.9778060913086,109.48086547851562,113.41480255126953,0.0005341994110494852,0.05728720873594284,21.012798309326172,0.73065584897995,-0.314260333776474,0.0,0.0
6625,1656,46.525482177734375,47.80046081542969,127.19850158691406,109.46147155761719,112.19454193115234,0.000526731600984931,0.05729977786540985,21.012813568115234,0.73065584897995,-0.21953938901424408,0.0,0.0
6626,1656.25,46.06188201904297,48.03975296020508,129.77989196777344,109.4685287475586,112.33380889892578,0.0005090738995932043,0.05731109157204628,21.012826919555664,0.720646858215332,-0.23000869154930115,0.0,0.0
6627,1656.5,46.031951904296875,47.69413757324219,133.24745178222656,109.48307037353516,113.1407241821289,0.0004931819275952876,0.057321272790431976,21.012840270996094,0.720646858215332,-0.29254254698753357,0.0,0.0
6628,1656.75,45.883358001708984,47.78440856933594,129.0082244873047,109.47381591796875,113.99801635742188,0.0004788791702594608,0.05733043700456619,21.01285171508789,0.7406647801399231,-0.3604934513568878,0.0,0.0
6629,1657,45.851375579833984,47.6798095703125,128.80747985839844,109.46588134765625,113.61628723144531,0.0004660066915675998,0.05734635144472122,21.012861251831055,0.73065584897995,-0.3312794864177704,0.0,0.0
6630,1657.25,46.06934356689453,47.928688049316406,127.90987396240234,109.46367645263672,113.36788940429688,0.0004544214461930096,0.05736067518591881,21.01287078857422,0.73065584897995,-0.3119750916957855,0.0,0.0
6631,1657.5,46.51918029785156,48.00905990600586,128.4502716064453,109.47029113769531,113.36689758300781,0.00044013623846694827,0.057373568415641785,21.01287841796875,0.73065584897995,-0.31135910749435425,0.0,0.0
6632,1657.75,46.14665985107422,47.49317932128906,128.2449493408203,109.46543884277344,113.30615997314453,0.00042727956315502524,0.057385172694921494,21.01288604736328,0.73065584897995,-0.3069835305213928,0.0,0.0
6633,1658,46.01028823852539,48.22380065917969,131.2415771484375,109.45838928222656,112.62862396240234,0.00041570854955352843,0.05739561468362808,21.01289176940918,0.750673770904541,-0.2541656196117401,0.0,0.0
6634,1658.25,46.126319885253906,48.145423889160156,131.51405334472656,109.45662689208984,112.51306915283203,0.00040465177153237164,0.0574050135910511,21.012897491455078,0.73065584897995,-0.2451709359884262,0.0,0.0
6635,1658.5,46.311161041259766,47.63519287109375,125.60325622558594,109.46543884277344,111.80985260009766,0.00039470064803026617,0.05741347000002861,21.012903213500977,0.7406647801399231,-0.18864092230796814,0.0,0.0
6636,1658.75,45.85829162597656,48.230445861816406,129.35093688964844,109.47513580322266,112.20787811279297,0.00038574464269913733,0.05742108076810837,21.012908935546875,0.7406647801399231,-0.21948610246181488,0.0,0.0
6637,1659,45.89629364013672,47.86400604248047,129.78065490722656,109.45662689208984,112.0997314453125,0.00037768424954265356,0.057398922741413116,21.01291275024414,0.7406647801399231,-0.2124074548482895,0.0,0.0
6638,1659.25,46.17731857299805,48.00981521606445,129.59060668945312,109.45442199707031,112.77479553222656,0.00037042988697066903,0.05737898126244545,21.012916564941406,0.7606827616691589,-0.2660336196422577,0.0,0.0
6639,1659.5,46.58258056640625,47.95230484008789,128.14114379882812,109.45970916748047,112.83010864257812,0.00036390096647664905,0.05736103281378746,21.012920379638672,0.7406647801399231,-0.26996907591819763,0.0,0.0
6640,1659.75,46.393798828125,48.44371795654297,130.05162048339844,109.46015167236328,112.93973541259766,0.00035866780672222376,0.05734487995505333,21.012924194335938,0.7606827616691589,-0.2785782516002655,0.0,0.0
6641,1660,46.154701232910156,48.03313446044922,131.2095184326172,109.45838928222656,112.83306884765625,0.000353957962943241,0.05733034387230873,21.01292610168457,0.7406647801399231,-0.27030983567237854,0.0,0.0
6642,1660.25,45.5560417175293,48.254764556884766,129.48374938964844,109.4539794921875,113.05084991455078,0.00034971910645253956,0.05731726065278053,21.012928009033203,0.7406647801399231,-0.28783419728279114,0.0,0.0
6643,1660.5,45.84361267089844,47.78915023803711,131.41712951660156,109.45970916748047,112.17874145507812,0.00034590414725244045,0.057305485010147095,21.012929916381836,0.7606827616691589,-0.21842892467975616,0.0,0.0
6644,1660.75,45.79771041870117,47.73145294189453,129.02273559570312,109.45354461669922,113.1076431274414,0.0003456861595623195,0.05729488655924797,21.01293182373047,0.7606827616691589,-0.2923401892185211,0.0,0.0
6645,1661,45.80149841308594,47.48472213745117,127.83660125732422,109.44208526611328,113.56542205810547,0.0003454899706412107,0.057270847260951996,21.0129337310791,0.7606827616691589,-0.32922884821891785,0.0,0.0
6646,1661.25,46.02073287963867,47.94828796386719,129.95391845703125,109.44824981689453,112.50812530517578,0.00034531339770182967,0.05724921077489853,21.012935638427734,0.750673770904541,-0.245461106300354,0.0,0.0
6647,1661.5,45.80099868774414,48.15105438232422,131.2919464111328,109.4685287475586,112.22664642333984,0.0003451544907875359,0.05722973868250847,21.012937545776367,0.750673770904541,-0.22151215374469757,0.0,0.0
6648,1661.75,45.71297073364258,47.79949951171875,130.7263641357422,109.4517822265625,112.62467193603516,0.00034629751462489367,0.057212211191654205,21.012939453125,0.750673770904541,-0.25439056754112244,0.0,0.0
6649,1662,46.470428466796875,48.19437026977539,128.6990966796875,109.46279907226562,112.3584976196289,0.0003473262186162174,0.05719643831253052,21.012941360473633,0.7406647801399231,-0.23243089020252228,0.0,0.0
6650,1662.25,46.069828033447266,47.98543167114258,127.95414733886719,109.44340515136719,113.15653228759766,0.000348252069670707,0.05718224123120308,21.012943267822266,0.7406647801399231,-0.29701197147369385,0.0,0.0
6651,1662.5,46.17780303955078,48.15397644042969,127.10767364501953,109.45751190185547,113.413818359375,0.00034908534144051373,0.057169463485479355,21.012943267822266,0.720646858215332,-0.31608209013938904,0.0,0.0
6652,1662.75,46.02333450317383,47.91529083251953,128.63040161132812,109.44164276123047,112.7604751586914,0.00034533374127931893,0.057157963514328,21.012943267822266,0.73065584897995,-0.26594287157058716,0.0,0.0
6653,1663,46.06411361694336,47.889347076416016,129.21888732910156,109.46764373779297,112.28145599365234,0.0003419573185965419,0.057147614657878876,21.012943267822266,0.720646858215332,-0.2259308397769928,0.0,0.0
6654,1663.25,46.10226058959961,48.09773635864258,128.26785278320312,109.43415069580078,112.87010955810547,0.0003389185294508934,0.05713830143213272,21.012943267822266,0.720646858215332,-0.2752031981945038,0.0,0.0
6655,1663.5,46.35840606689453,48.052818298339844,129.56617736816406,109.44561004638672,112.98566436767578,0.0003361836133990437,0.05711541697382927,21.012943267822266,0.720646858215332,-0.28338027000427246,0.0,0.0
6656,1663.75,46.113399505615234,47.91484451293945,130.4385986328125,109.44429016113281,112.71158599853516,0.0003337221860419959,0.057094819843769073,21.012943267822266,0.7406647801399231,-0.26186710596084595,0.0,0.0
6657,1664,46.19106674194336,48.21763229370117,128.74490356445312,109.43679809570312,113.0646743774414,0.00032057901262305677,0.05707628279924393,21.012943267822266,0.7406647801399231,-0.29031988978385925,0.0,0.0
6658,1664.25,46.32130813598633,47.955108642578125,125.7643051147461,109.43018341064453,112.62714385986328,0.0003087501390837133,0.05706685036420822,21.012943267822266,0.720646858215332,-0.25634264945983887,0.0,0.0
6659,1664.5,46.24569320678711,47.97739791870117,135.58155822753906,109.44164276123047,113.25628662109375,0.0002981041616294533,0.05705836042761803,21.012943267822266,0.73065584897995,-0.3049994111061096,0.0,0.0
6660,1664.75,46.01513671875,48.1190071105957,128.2533416748047,109.43326568603516,112.86665344238281,0.00028852277318947017,0.05705071985721588,21.012943267822266,0.7406647801399231,-0.2750028669834137,0.0,0.0
6661,1665,46.12495422363281,47.5203742980957,128.6700897216797,109.42930603027344,113.45825958251953,0.00027989954105578363,0.05704384297132492,21.012943267822266,0.7406647801399231,-0.3218638598918915,0.0,0.0
6662,1665.25,46.02859115600586,48.105770111083984,129.01280212402344,109.4271011352539,113.01183319091797,0.00025933640426956117,0.057037655264139175,21.012943267822266,0.750673770904541,-0.2869475185871124,0.0,0.0
6663,1665.5,46.41595458984375,48.02296829223633,129.6402130126953,109.43899536132812,113.12837982177734,0.00024082959862425923,0.05703933909535408,21.012943267822266,0.750673770904541,-0.29515570402145386,0.0,0.0
6664,1665.75,46.051143646240234,47.80231857299805,127.29696655273438,109.43106842041016,113.33973693847656,0.0002241734619019553,0.057040851563215256,21.012943267822266,0.750673770904541,-0.3124163746833801,0.0,0.0
6665,1666,46.26955795288086,47.50178146362305,126.68405151367188,109.42489624023438,113.00739288330078,0.00020918293739669025,0.05704221501946449,21.012943267822266,0.7406647801399231,-0.2867770791053772,0.0,0.0
6666,1666.25,45.87996292114258,47.89810562133789,132.16970825195312,109.42577362060547,112.38368225097656,0.0001956914784386754,0.05704344063997269,21.012943267822266,0.750673770904541,-0.23743753135204315,0.0,0.0
6667,1666.5,46.23680877685547,48.0025749206543,132.9581756591797,109.42357635498047,112.75800323486328,0.00016812617832329124,0.057037293910980225,21.012943267822266,0.7606827616691589,-0.2672173082828522,0.0,0.0
6668,1666.75,45.86829376220703,48.523460388183594,130.36761474609375,109.4178466796875,112.3584976196289,0.00016812617832329124,0.05703176185488701,21.012943267822266,0.7606827616691589,-0.23608726263046265,0.0,0.0
6669,1667,45.67425537109375,48.24094009399414,129.3532257080078,109.41211700439453,112.62911987304688,0.00015424549928866327,0.057026781141757965,21.01285743713379,0.750673770904541,-0.257968544960022,0.0,0.0
6670,1667.25,45.92551803588867,47.900638580322266,129.67913818359375,109.42313385009766,112.71849822998047,0.00014175288379192352,0.057022299617528915,21.012779235839844,0.7406647801399231,-0.2641340494155884,0.0,0.0
6671,1667.5,45.72141647338867,47.899803161621094,130.72483825683594,109.42181396484375,112.57677459716797,0.00013050953566562384,0.05701826512813568,21.012710571289062,0.750673770904541,-0.253041535615921,0.0,0.0
6672,1667.75,46.0831298828125,48.14392852783203,131.29347229003906,109.4187240600586,112.5757827758789,0.00013323596795089543,0.05699247121810913,21.01264762878418,0.750673770904541,-0.253214567899704,0.0,0.0
6673,1668,46.188392639160156,47.5748405456543,130.2523651123047,109.40682983398438,112.29380798339844,0.00013568975555244833,0.056969255208969116,21.012590408325195,0.750673770904541,-0.23185686767101288,0.0,0.0
6674,1668.25,46.232826232910156,48.14674758911133,127.47862243652344,109.41299438476562,113.04640197753906,0.00013789816875942051,0.05694836005568504,21.01253890991211,0.750673770904541,-0.2908176779747009,0.0,0.0
6675,1668.5,46.177642822265625,47.93302917480469,130.41952514648438,109.42137145996094,112.59850311279297,0.000139885742100887,0.05692955479025841,21.012493133544922,0.750673770904541,-0.25479570031166077,0.0,0.0
6676,1668.75,45.869407653808594,48.0090217590332,129.93789672851562,109.4107894897461,112.77281951904297,0.00016224499267991632,0.056912630796432495,21.012453079223633,0.750673770904541,-0.2694270610809326,0.0,0.0
6677,1669,46.12955856323242,47.88802719116211,129.7722625732422,109.41432189941406,113.27949523925781,0.00018236831238027662,0.056897398084402084,21.01241683959961,0.7706916928291321,-0.30904605984687805,0.0,0.0
6678,1669.25,46.39687728881836,47.79645919799805,131.4178924560547,109.39669036865234,112.73924255371094,0.00020047930593136698,0.056905440986156464,21.01238441467285,0.7706916928291321,-0.2679237425327301,0.0,0.0
6679,1669.5,46.07597732543945,48.025672912597656,127.93124389648438,109.41475677490234,112.85479736328125,0.00021677919721696526,0.056919194757938385,21.012353897094727,0.7706916928291321,-0.27557313442230225,0.0,0.0
6680,1669.75,45.92350387573242,47.92680358886719,129.26622009277344,109.41343688964844,113.65431213378906,0.0002494663931429386,0.056919194757938385,21.012327194213867,0.7606827616691589,-0.33852437138557434,0.0,0.0
6681,1670,46.00151443481445,48.13063049316406,128.27853393554688,109.41475677490234,112.83702087402344,0.00027888486511074007,0.056925058364868164,21.01230239868164,0.7606827616691589,-0.2741711437702179,0.0,0.0
6682,1670.25,46.32461166381836,47.71983337402344,130.53782653808594,109.42445373535156,112.11454772949219,0.0003053614927921444,0.056952089071273804,21.01228141784668,0.750673770904541,-0.2162007838487625,0.0,0.0
6683,1670.5,45.95109939575195,47.71134948730469,129.60739135742188,109.40770721435547,112.80690002441406,0.00032919045770540833,0.05697641521692276,21.01226234436035,0.73065584897995,-0.2723677158355713,0.0,0.0
6684,1670.75,45.7735595703125,48.4437370300293,130.1714630126953,109.40594482421875,112.27899169921875,0.0003654496103990823,0.05699830874800682,21.012245178222656,0.7406647801399231,-0.23075412213802338,0.0,0.0
6685,1671,46.0837516784668,48.008235931396484,127.8740005493164,109.40550231933594,112.64887237548828,0.00039808283327147365,0.057018015533685684,21.012229919433594,0.7406647801399231,-0.260067880153656,0.0,0.0
6686,1671.25,45.977806091308594,48.206199645996094,127.97322845458984,109.3927230834961,112.51652526855469,0.0004274527309462428,0.05703575164079666,21.01221466064453,0.73065584897995,-0.25064316391944885,0.0,0.0
6687,1671.5,45.826072692871094,47.50345993041992,128.15489196777344,109.40286254882812,112.63504028320312,0.00045388564467430115,0.05702995881438255,21.0122013092041,0.720646858215332,-0.2591893970966339,0.0,0.0
6688,1671.75,46.21687698364258,47.7811393737793,128.89373779296875,109.39096069335938,113.15060424804688,0.00048089673509821296,0.057024747133255005,21.012189865112305,0.720646858215332,-0.30081242322921753,0.0,0.0
6689,1672,45.78464126586914,47.88734436035156,126.8664779663086,109.39140319824219,112.74665069580078,0.0005052066990174353,0.05702005326747894,21.012178421020508,0.7406647801399231,-0.26893872022628784,0.0,0.0
6690,1672.25,46.011985778808594,47.776580810546875,124.3804931640625,109.39360809326172,112.44985961914062,0.0005270856781862676,0.056979577988386154,21.012168884277344,0.7406647801399231,-0.2452947497367859,0.0,0.0
6691,1672.5,46.01502990722656,47.82109069824219,132.5414276123047,109.4019775390625,113.3293685913086,0.0005467767477966845,0.056943152099847794,21.012161254882812,0.7406647801399231,-0.3139690160751343,0.0,0.0
6692,1672.75,45.78907775878906,48.546592712402344,131.34690856933594,109.38611602783203,113.2967758178711,0.0005644987104460597,0.05691036581993103,21.01215362548828,0.7406647801399231,-0.3126988410949707,0.0,0.0
6693,1673,45.901519775390625,48.09593200683594,128.2350311279297,109.39007568359375,112.89627838134766,0.0005804484826512635,0.05688085779547691,21.01214599609375,0.73065584897995,-0.280852735042572,0.0,0.0
6694,1673.25,46.11935043334961,47.919342041015625,133.13983154296875,109.38919830322266,112.45529174804688,0.0005793443415313959,0.05685430392622948,21.01214027404785,0.73065584897995,-0.24608401954174042,0.0,0.0
6695,1673.5,46.302669525146484,47.77046585083008,129.0746307373047,109.4006576538086,112.9165267944336,0.0005783506203442812,0.056852154433727264,21.012134552001953,0.73065584897995,-0.28158822655677795,0.0,0.0
6696,1673.75,45.9739875793457,48.27936553955078,130.35159301757812,109.37818145751953,112.71553802490234,0.0005774562596343458,0.05685022100806236,21.012128829956055,0.73065584897995,-0.26755794882774353,0.0,0.0
6697,1674,46.105743408203125,48.081993103027344,129.37078857421875,109.37289428710938,113.03751373291016,0.0005766513058915734,0.05684848129749298,21.01212501525879,0.750673770904541,-0.2933809459209442,0.0,0.0
6698,1674.25,46.15630340576172,47.74283218383789,129.39215087890625,109.37641906738281,112.46862030029297,0.0005611235974356532,0.056868668645620346,21.012121200561523,0.7406647801399231,-0.2481788843870163,0.0,0.0
6699,1674.5,46.20587158203125,48.0931510925293,130.81336975097656,109.37950134277344,112.51998138427734,0.0005471486365422606,0.056886836886405945,21.012117385864258,0.7406647801399231,-0.2519923746585846,0.0,0.0
6700,1674.75,46.389827728271484,48.2990608215332,130.85000610351562,109.36583709716797,112.6518325805664,0.0005345711833797395,0.056903187185525894,21.012113571166992,0.73065584897995,-0.26353010535240173,0.0,0.0
6701,1675,45.72108840942383,48.12449264526367,128.97769165039062,109.36407470703125,112.94862365722656,0.0005232514813542366,0.05691790208220482,21.012109756469727,0.73065584897995,-0.28709545731544495,0.0,0.0
6702,1675.25,46.345333099365234,47.66782760620117,128.1495361328125,109.36495971679688,112.86714172363281,0.0005130637437105179,0.05693114548921585,21.012107849121094,0.7406647801399231,-0.2805992066860199,0.0,0.0
6703,1675.5,46.15065383911133,47.749000549316406,129.2921600341797,109.36275482177734,112.9708480834961,0.0005038947565481067,0.05694306641817093,21.01210594177246,0.7606827616691589,-0.2889544665813446,0.0,0.0
6704,1675.75,46.36692428588867,47.78131866455078,130.483642578125,109.360107421875,112.41429901123047,0.00047630496555939317,0.0569537952542305,21.012104034423828,0.750673770904541,-0.2452058345079422,0.0,0.0
6705,1676,46.099212646484375,47.60728073120117,129.59136962890625,109.35746765136719,112.38467407226562,0.0004514741594903171,0.05696345120668411,21.012102127075195,0.73065584897995,-0.24307459592819214,0.0,0.0
6706,1676.25,46.196449279785156,48.01557159423828,129.5677032470703,109.35658264160156,112.4256591796875,0.00042912643402814865,0.056972138583660126,21.012100219726562,0.720646858215332,-0.24639275670051575,0.0,0.0
6707,1676.5,46.217227935791016,47.858516693115234,130.29052734375,109.36099243164062,112.91850280761719,0.00040901347529143095,0.0569799579679966,21.01209831237793,0.7106378078460693,-0.28497225046157837,0.0,0.0
6708,1676.75,45.7861328125,47.783653259277344,129.53106689453125,109.35526275634766,112.96936798095703,0.00038320053135976195,0.056943491101264954,21.012096405029297,0.73065584897995,-0.28944775462150574,0.0,0.0
6709,1677,45.854496002197266,47.67259979248047,129.74249267578125,109.33013916015625,112.07898712158203,0.00035996889346279204,0.056910671293735504,21.012182235717773,0.73065584897995,-0.22105303406715393,0.0,0.0
6710,1677.25,46.19172286987305,47.932334899902344,132.17811584472656,109.34821319580078,112.0473861694336,0.00033906041062437,0.056881133466959,21.012258529663086,0.7406647801399231,-0.21707119047641754,0.0,0.0
6711,1677.5,45.895843505859375,48.43387985229492,132.39488220214844,109.34909057617188,112.60244750976562,0.0003202427760697901,0.056854549795389175,21.012327194213867,0.7406647801399231,-0.26098957657814026,0.0,0.0
6712,1677.75,46.01576614379883,47.91958236694336,134.71218872070312,109.34556579589844,112.3693618774414,0.0003033069078810513,0.05683062598109245,21.01239013671875,0.7406647801399231,-0.2428303062915802,0.0,0.0
6713,1678,45.979454040527344,48.2477912902832,125.53761291503906,109.33939361572266,112.63849639892578,0.0002906345762312412,0.05681675672531128,21.0124454498291,0.7406647801399231,-0.26462870836257935,0.0,0.0
6714,1678.25,46.247283935546875,47.51805877685547,129.25247192382812,109.342041015625,112.41133880615234,0.00027922948356717825,0.05680427327752113,21.012496948242188,0.7406647801399231,-0.24644239246845245,0.0,0.0
6715,1678.5,45.97575378417969,48.06035232543945,129.03036499023438,109.34115600585938,112.9017105102539,0.00026896491181105375,0.05679304152727127,21.012542724609375,0.750673770904541,-0.28526315093040466,0.0,0.0
6716,1678.75,45.70970153808594,47.77984619140625,129.62571716308594,109.32705688476562,113.07060241699219,0.00025972677394747734,0.056782931089401245,21.012582778930664,0.7606827616691589,-0.29971811175346375,0.0,0.0
6717,1679,46.039222717285156,47.79776382446289,132.64828491210938,109.32308959960938,112.79109191894531,0.00025141244987025857,0.0567738302052021,21.012619018554688,0.750673770904541,-0.2780078053474426,0.0,0.0
6718,1679.25,46.06568908691406,47.32180404663086,130.40960693359375,109.3341064453125,113.43257904052734,0.00024392956402152777,0.05676564201712608,21.012651443481445,0.73065584897995,-0.3275969922542572,0.0,0.0
6719,1679.5,46.07274627685547,48.0594367980957,128.78916931152344,109.31912231445312,113.21578979492188,0.0002564815804362297,0.05676552280783653,21.01268196105957,0.7106378078460693,-0.3117871880531311,0.0,0.0
6720,1679.75,45.90739059448242,47.88543701171875,130.78436279296875,109.3094253540039,112.5580062866211,0.0002677783777471632,0.05676541477441788,21.012540817260742,0.7106378078460693,-0.26070544123649597,0.0,0.0
6721,1680,46.28960037231445,47.84931564331055,131.5537567138672,109.3407211303711,112.27948760986328,0.00027794550987891853,0.05676531791687012,21.012414932250977,0.73065584897995,-0.23610197007656097,0.0,0.0
6722,1680.25,46.0883674621582,47.895816802978516,131.05380249023438,109.32353210449219,111.85083770751953,0.00028709592879749835,0.05676523223519325,21.012300491333008,0.73065584897995,-0.20345161855220795,0.0,0.0
6723,1680.5,46.25819778442383,47.783897399902344,131.72242736816406,109.31824493408203,111.91899108886719,0.000295331294182688,0.05675790458917618,21.012197494506836,0.7406647801399231,-0.2093045711517334,0.0,0.0
6724,1680.75,45.74069595336914,47.64934539794922,131.80563354492188,109.31559753417969,112.52837371826172,0.0003027431375812739,0.0567513071000576,21.01210594177246,0.750673770904541,-0.2578587830066681,0.0,0.0
6725,1681,45.695701599121094,47.970462799072266,132.2093963623047,109.31559753417969,112.54220581054688,0.0003229259455110878,0.056745368987321854,21.01202392578125,0.7406647801399231,-0.2589528560638428,0.0,0.0
6726,1681.25,45.747474670410156,48.23993682861328,129.318115234375,109.31559753417969,112.82072448730469,0.0003410904901102185,0.05674002692103386,21.01194953918457,0.750673770904541,-0.2809562385082245,0.0,0.0
6727,1681.5,46.206565856933594,47.505558013916016,129.66769409179688,109.3067855834961,112.19306182861328,0.00035743857733905315,0.056735217571258545,21.011882781982422,0.750673770904541,-0.23201045393943787,0.0,0.0
6728,1681.75,45.79029846191406,47.70038986206055,126.49552154541016,109.3067855834961,113.34418487548828,0.00037215184420347214,0.05673088878393173,21.011821746826172,0.750673770904541,-0.32288166880607605,0.0,0.0
6729,1682,45.89906692504883,47.690425872802734,129.9027862548828,109.29796600341797,112.14466857910156,0.0003847502521239221,0.056719742715358734,21.011768341064453,0.750673770904541,-0.22888818383216858,0.0,0.0
6730,1682.25,45.900474548339844,47.76150131225586,131.8880615234375,109.30149841308594,112.02664184570312,0.000396088813431561,0.056709710508584976,21.01171875,0.7606827616691589,-0.21922667324543,0.0,0.0
6731,1682.5,45.66596221923828,47.638465881347656,130.50424194335938,109.32132720947266,112.44491577148438,0.000406293518608436,0.0567006841301918,21.011674880981445,0.750673770904541,-0.25078722834587097,0.0,0.0
6732,1682.75,45.87518310546875,47.65470504760742,131.3033905029297,109.29312133789062,112.3910903930664,0.00041547775617800653,0.05669255927205086,21.011634826660156,0.750673770904541,-0.2488221824169159,0.0,0.0
6733,1683,45.49869155883789,48.178260803222656,129.4951934814453,109.28827667236328,112.48689270019531,0.0004237435932736844,0.05668524652719498,21.011598587036133,0.7406647801399231,-0.25680193305015564,0.0,0.0
6734,1683.25,45.7406005859375,47.75748062133789,132.5223388671875,109.30149841308594,112.26319122314453,0.0004228174511808902,0.05669316649436951,21.011566162109375,0.7406647801399231,-0.23800374567508698,0.0,0.0
6735,1683.5,45.5794792175293,47.74300003051758,129.67303466796875,109.30369567871094,112.1673812866211,0.00042198391747660935,0.056700292974710464,21.011537551879883,0.750673770904541,-0.23022429645061493,0.0,0.0
6736,1683.75,45.750587463378906,47.700538635253906,128.13885498046875,109.28562927246094,113.24344635009766,0.0004212337371427566,0.056706707924604416,21.011510848999023,0.7406647801399231,-0.3166896402835846,0.0,0.0
6737,1684,46.024723052978516,47.144325256347656,126.08717346191406,109.30237579345703,112.5560302734375,0.0004121964448131621,0.05671248212456703,21.01148796081543,0.7406647801399231,-0.2611234188079834,0.0,0.0
6738,1684.25,45.483863830566406,47.65201187133789,129.24484252929688,109.31207275390625,111.82466888427734,0.0004040628846269101,0.056717678904533386,21.01146697998047,0.73065584897995,-0.20230135321617126,0.0,0.0
6739,1684.5,45.895565032958984,47.35922622680664,130.1676483154297,109.27372741699219,111.46565246582031,0.00039674268919043243,0.05673685669898987,21.01144790649414,0.7406647801399231,-0.1767987161874771,0.0,0.0
6740,1684.75,45.61602783203125,48.29351806640625,129.7821807861328,109.28386688232422,111.28096008300781,0.00039015451329760253,0.05675411596894264,21.011430740356445,0.7606827616691589,-0.16121044754981995,0.0,0.0
6741,1685,45.72809982299805,47.51503372192383,130.20123291015625,109.27637481689453,112.697265625,0.0003842251608148217,0.05676965042948723,21.011415481567383,0.750673770904541,-0.27440422773361206,0.0,0.0
6742,1685.25,45.6117057800293,47.46406936645508,127.78317260742188,109.28121948242188,112.88788604736328,0.0003698875952977687,0.056783631443977356,21.011402130126953,0.750673770904541,-0.2890542149543762,0.0,0.0
6743,1685.5,46.06801223754883,47.55076217651367,130.01193237304688,109.27681732177734,112.20540618896484,0.00035698380088433623,0.056788962334394455,21.011390686035156,0.7406647801399231,-0.23543071746826172,0.0,0.0
6744,1685.75,46.17604446411133,47.79059982299805,128.472412109375,109.2732925415039,112.66714477539062,0.00034537038300186396,0.056793760508298874,21.01137924194336,0.73065584897995,-0.27227580547332764,0.0,0.0
6745,1686,45.59245300292969,47.77376174926758,128.56552124023438,109.26799774169922,113.13331604003906,0.0003349182952661067,0.05679807811975479,21.011369705200195,0.7406647801399231,-0.30946409702301025,0.0,0.0
6746,1686.25,46.002838134765625,47.62046432495117,132.18040466308594,109.27108764648438,112.84788513183594,0.00032551141339354217,0.05680196359753609,21.01136016845703,0.7406647801399231,-0.2867244482040405,0.0,0.0
6747,1686.5,45.672054290771484,47.411598205566406,128.62277221679688,109.2662353515625,112.2538070678711,0.00031195019255392253,0.05680546164512634,21.0113525390625,0.73065584897995,-0.2401321530342102,0.0,0.0
6748,1686.75,45.8471565246582,47.49760818481445,128.25486755371094,109.25345611572266,113.92048645019531,0.00029974509379826486,0.05681585893034935,21.011259078979492,0.7406647801399231,-0.37237417697906494,0.0,0.0
6749,1687,45.522796630859375,48.11460876464844,133.42605590820312,109.25301361083984,112.87554168701172,0.00028876049327664077,0.056825216859579086,21.01117515563965,0.7406647801399231,-0.29037854075431824,0.0,0.0
6750,1687.25,45.75040054321289,48.38015365600586,130.6149139404297,109.26183319091797,112.80838012695312,0.0002788743586279452,0.05683363974094391,21.011098861694336,0.750673770904541,-0.28436192870140076,0.0,0.0
6751,1687.5,45.63507080078125,47.36879348754883,129.7089080810547,109.26139068603516,113.6335678100586,0.0002699768228922039,0.05684122070670128,21.011030197143555,0.7406647801399231,-0.34927865862846375,0.0,0.0
6752,1687.75,45.33357238769531,47.95830154418945,131.02708435058594,109.25037384033203,112.05577850341797,0.00026068411534652114,0.05684804171323776,21.010969161987305,0.750673770904541,-0.22570660710334778,0.0,0.0
6753,1688,45.72536087036133,47.16544723510742,128.9906768798828,109.24861145019531,112.0908432006836,0.00025232069310732186,0.05685418099164963,21.010913848876953,0.7606827616691589,-0.22863557934761047,0.0,0.0
6754,1688.25,45.34461975097656,47.412166595458984,130.0126953125,109.25830841064453,112.71405792236328,0.0002447935985401273,0.056859709322452545,21.0108642578125,0.7606827616691589,-0.2772025465965271,0.0,0.0
6755,1688.5,45.68519592285156,47.47801971435547,129.7692108154297,109.2481689453125,112.65628051757812,0.0002380192163400352,0.05686468258500099,21.010818481445312,0.750673770904541,-0.273464173078537,0.0,0.0
6756,1688.75,45.905181884765625,47.4473991394043,129.90736389160156,109.24288177490234,112.90615844726562,0.00023127984604798257,0.05686916038393974,21.010778427124023,0.7406647801399231,-0.29361841082572937,0.0,0.0
6757,1689,45.63209533691406,47.74968338012695,130.98587036132812,109.24243927001953,112.22516632080078,0.00022521440405398607,0.05689452961087227,21.0107421875,0.7706916928291321,-0.2397996336221695,0.0,0.0
6758,1689.25,45.916847229003906,47.61025619506836,126.07953643798828,109.24288177490234,112.9994888305664,0.00021975551499053836,0.05691736191511154,21.010709762573242,0.7706916928291321,-0.3009738028049469,0.0,0.0
6759,1689.5,45.466976165771484,47.6544189453125,129.2608642578125,109.23538970947266,112.59800720214844,0.00021484251192305237,0.05693791061639786,21.010679244995117,0.78070068359375,-0.2698996067047119,0.0,0.0
6760,1689.75,45.907203674316406,47.519100189208984,127.58930206298828,109.23362731933594,111.72639465332031,0.0002097780379699543,0.05695640668272972,21.010652542114258,0.7706916928291321,-0.2008652240037918,0.0,0.0
6761,1690,45.728065490722656,47.59059143066406,128.2388458251953,109.25918579101562,112.26170349121094,0.0002052200143225491,0.05697305127978325,21.01062774658203,0.7606827616691589,-0.241332545876503,0.0,0.0
6762,1690.25,45.77052688598633,47.69968795776367,129.38833618164062,109.24728393554688,112.6103515625,0.0002011177857639268,0.056988030672073364,21.01060676574707,0.7606827616691589,-0.2699066996574402,0.0,0.0
6763,1690.5,45.675315856933594,47.579368591308594,129.2891082763672,109.2309799194336,112.56787872314453,0.00019742577569559216,0.0570015124976635,21.010587692260742,0.7606827616691589,-0.2678767442703247,0.0,0.0
6764,1690.75,45.491859436035156,47.96224594116211,133.57872009277344,109.22833251953125,112.44689178466797,0.00019410297682043165,0.05701364576816559,21.010570526123047,0.7706916928291321,-0.25851970911026,0.0,0.0
6765,1691,45.80112075805664,47.450111389160156,128.63497924804688,109.23318481445312,111.86713409423828,0.0001898273330880329,0.05702456831932068,21.010555267333984,0.750673770904541,-0.2121080607175827,0.0,0.0
6766,1691.25,46.0408821105957,47.84660720825195,128.40447998046875,109.22921752929688,112.76344299316406,0.00018597925372887403,0.05703439936041832,21.010541915893555,0.7706916928291321,-0.28347286581993103,0.0,0.0
6767,1691.5,45.933265686035156,47.78512191772461,128.46630859375,109.21379089355469,113.0340576171875,0.0001825159852160141,0.05703599378466606,21.010528564453125,0.7606827616691589,-0.3060680031776428,0.0,0.0
6768,1691.75,45.69641876220703,47.44773864746094,130.54469299316406,109.21511840820312,112.93973541259766,0.00017939903773367405,0.05703742802143097,21.010517120361328,0.7606827616691589,-0.29852789640426636,0.0,0.0
6769,1692,45.66087341308594,47.61827850341797,131.17288208007812,109.22657012939453,112.38961029052734,0.00017338190809823573,0.057038720697164536,21.010507583618164,0.7606827616691589,-0.2541274130344391,0.0,0.0
6770,1692.25,45.74238967895508,47.57068634033203,130.6500244140625,109.2155532836914,112.4365234375,0.00016796648560557514,0.057039882987737656,21.010498046875,0.7606827616691589,-0.2587403655052185,0.0,0.0
6771,1692.5,45.893348693847656,47.998592376708984,130.4737091064453,109.21202850341797,112.74467468261719,0.00016309261263813823,0.05703367665410042,21.01049041748047,0.7606827616691589,-0.2833917737007141,0.0,0.0
6772,1692.75,45.852806091308594,47.61878204345703,129.34788513183594,109.21599578857422,112.34022521972656,0.00015870612696744502,0.057028092443943024,21.010482788085938,0.750673770904541,-0.2510770559310913,0.0,0.0
6773,1693,45.65876770019531,47.430938720703125,131.4911651611328,109.21907806396484,112.6429443359375,0.00015870612696744502,0.0570230670273304,21.010482788085938,0.7406647801399231,-0.2747812569141388,0.0,0.0
6774,1693.25,45.77192306518555,47.65959548950195,128.5006561279297,109.21379089355469,112.91702270507812,0.00015242621884681284,0.057018544524908066,21.010469436645508,0.7406647801399231,-0.29684579372406006,0.0,0.0
6775,1693.5,45.9309196472168,47.80060577392578,130.52943420410156,109.20938873291016,112.82122039794922,0.0001497490011388436,0.05701447278261185,21.01046371459961,0.7406647801399231,-0.2896488904953003,0.0,0.0
6776,1693.75,46.00374221801758,47.35023498535156,129.51046752929688,109.20674133300781,112.70072174072266,0.0001497490011388436,0.05701080709695816,21.01046371459961,0.750673770904541,-0.2803516685962677,0.0,0.0
6777,1694,45.47904586791992,47.70648956298828,128.40524291992188,109.2049789428711,112.60887145996094,0.0001473394950153306,0.05700751021504402,21.01045799255371,0.7606827616691589,-0.27323710918426514,0.0,0.0
6778,1694.25,45.98341369628906,47.872379302978516,129.51046752929688,109.20762634277344,112.65035247802734,0.00014517093950416893,0.05700454115867615,21.010454177856445,0.750673770904541,-0.27629998326301575,0.0,0.0
6779,1694.5,46.20399856567383,47.836387634277344,129.52420043945312,109.19572448730469,112.80294799804688,0.00014321923663374037,0.05700187012553215,21.01045036315918,0.7606827616691589,-0.28932058811187744,0.0,0.0
6780,1694.75,46.00483322143555,47.37059783935547,128.46783447265625,109.20012664794922,113.04739379882812,0.0001549573353258893,0.05699946731328964,21.010446548461914,0.7606827616691589,-0.3082319498062134,0.0,0.0
6781,1695,45.48311996459961,47.41585922241211,129.37078857421875,109.19440460205078,113.24097442626953,0.00016552163287997246,0.056997302919626236,21.01044273376465,0.750673770904541,-0.3239292800426483,0.0,0.0
6782,1695.25,46.153263092041016,47.953163146972656,133.8496856689453,109.19660186767578,112.56739044189453,0.00017502949049230665,0.05699535459280014,21.010438919067383,0.7406647801399231,-0.27064019441604614,0.0,0.0
6783,1695.5,45.86592483520508,47.53725814819336,126.19631958007812,109.18074035644531,112.30368041992188,0.00018358656961936504,0.05700085312128067,21.01043701171875,0.7406647801399231,-0.25105467438697815,0.0,0.0
6784,1695.75,45.90500259399414,48.017887115478516,130.95152282714844,109.19175720214844,111.7308349609375,0.00019128793792333454,0.05700580030679703,21.010435104370117,0.720646858215332,-0.20463189482688904,0.0,0.0
6785,1696,45.91466522216797,47.8557014465332,129.3875732421875,109.20938873291016,112.27405548095703,0.00021236648899503052,0.05700580030679703,21.010433197021484,0.7106378078460693,-0.24637039005756378,0.0,0.0
6786,1696.25,46.02550506591797,47.916015625,130.13864135742188,109.19483947753906,112.06812286376953,0.00023133718059398234,0.05701426416635513,21.01043128967285,0.7106378078460693,-0.23121316730976105,0.0,0.0
6787,1696.5,45.39832305908203,47.71358871459961,126.52376556396484,109.17588806152344,111.676025390625,0.0002484107972122729,0.057017870247364044,21.01042938232422,0.7406647801399231,-0.20155775547027588,0.0,0.0
6788,1696.75,45.74290084838867,48.32132339477539,129.6425018310547,109.16883850097656,112.17874145507812,0.0002637770667206496,0.057017870247364044,21.010427474975586,0.7406647801399231,-0.2421160340309143,0.0,0.0
6789,1697,45.970680236816406,47.93091583251953,130.4989013671875,109.1789779663086,111.9935531616211,0.0002776067121885717,0.0570211187005043,21.010425567626953,0.7606827616691589,-0.22658121585845947,0.0,0.0
6790,1697.25,45.58933639526367,47.493797302246094,129.1570587158203,109.18382263183594,113.58467864990234,0.0003035678528249264,0.057045795023441315,21.01042366027832,0.7606827616691589,-0.3517700135707855,0.0,0.0
6791,1697.5,46.507755279541016,47.462608337402344,128.60598754882812,109.1869125366211,112.82467651367188,0.0003269328735768795,0.057068005204200745,21.010421752929688,0.750673770904541,-0.2917540967464447,0.0,0.0
6792,1697.75,45.95444107055664,48.085052490234375,130.5775146484375,109.17677307128906,112.0133056640625,0.00034796138061210513,0.05708799511194229,21.010421752929688,0.750673770904541,-0.22833071649074554,0.0,0.0
6793,1698,45.86063003540039,47.45201110839844,129.4829864501953,109.17809295654297,112.03800201416016,0.0003746135043911636,0.057105984538793564,21.010421752929688,0.750673770904541,-0.2301856279373169,0.0,0.0
6794,1698.25,45.68608474731445,48.25128173828125,130.81947326660156,109.18470764160156,112.8730697631836,0.0003986004157923162,0.05710041895508766,21.010421752929688,0.7606827616691589,-0.29575085639953613,0.0,0.0
6795,1698.5,46.36257553100586,47.990413665771484,129.13645935058594,109.1714859008789,112.65726470947266,0.00042018864769488573,0.05709541216492653,21.010421752929688,0.78070068359375,-0.2797926068305969,0.0,0.0
6796,1698.75,45.91288757324219,47.97101974487305,129.74859619140625,109.1714859008789,111.93824768066406,0.00043961804476566613,0.05709090456366539,21.010421752929688,0.78070068359375,-0.22279493510723114,0.0,0.0
6797,1699,45.6255989074707,47.86042404174805,129.12806701660156,109.1631088256836,111.81478881835938,0.00046354575897566974,0.057086847722530365,21.010421752929688,0.7606827616691589,-0.21365469694137573,0.0,0.0
6798,1699.25,45.975791931152344,47.84848403930664,130.91793823242188,109.16487121582031,112.31010437011719,0.000485080701764673,0.05708319693803787,21.010421752929688,0.7606827616691589,-0.2528575658798218,0.0,0.0
6799,1699.5,46.18402862548828,47.73183059692383,130.40272521972656,109.17456817626953,112.6735610961914,0.0005044621648266912,0.05704365670681,21.010421752929688,0.7606827616691589,-0.28082916140556335,0.0,0.0
6800,1699.75,45.35582733154297,47.89445877075195,130.01956176757812,109.1556167602539,112.0473861694336,0.0005219054874032736,0.05700807273387909,21.010421752929688,0.7606827616691589,-0.23276422917842865,0.0,0.0
6801,1700,46.270729064941406,47.95337677001953,131.24386596679688,109.15385437011719,113.22863006591797,0.0005401815287768841,0.05697604641318321,21.010421752929688,0.7706916928291321,-0.3262649476528168,0.0,0.0
6802,1700.25,46.084991455078125,48.26724624633789,128.00375366210938,109.16399383544922,112.35454559326172,0.0005566299660131335,0.05694722384214401,21.010421752929688,0.7606827616691589,-0.2564513087272644,0.0,0.0
6803,1700.5,46.255496978759766,47.711551666259766,128.4380645751953,109.16972351074219,112.15553283691406,0.0005714335129596293,0.056921280920505524,21.010421752929688,0.750673770904541,-0.2402019202709198,0.0,0.0
6804,1700.75,46.19129180908203,47.431026458740234,130.0821533203125,109.1454849243164,112.42022705078125,0.0005847567226737738,0.05691243335604668,21.010421752929688,0.7706916928291321,-0.2631627917289734,0.0,0.0
6805,1701,46.08875274658203,47.918434143066406,130.41342163085938,109.15737915039062,112.47010040283203,0.0005967476172372699,0.056904472410678864,21.010421752929688,0.750673770904541,-0.2661413252353668,0.0,0.0
6806,1701.25,46.23167037963867,48.15147018432617,129.940185546875,109.14415740966797,112.17133331298828,0.0006075394339859486,0.05689730867743492,21.010421752929688,0.7406647801399231,-0.24354082345962524,0.0,0.0
6807,1701.5,46.062599182128906,47.756004333496094,127.66486358642578,109.14283752441406,112.39356231689453,0.0006146749947220087,0.056890860199928284,21.010421752929688,0.73065584897995,-0.26126715540885925,0.0,0.0
6808,1701.75,45.83378982543945,47.923160552978516,127.3877944946289,109.14591979980469,112.17478942871094,0.0006210970459505916,0.05687055364251137,21.010421752929688,0.7406647801399231,-0.24367114901542664,0.0,0.0
6809,1702,46.19973373413086,47.629154205322266,129.43795776367188,109.14415740966797,112.79109191894531,0.0006268768920563161,0.056852277368307114,21.010421752929688,0.750673770904541,-0.2925902307033539,0.0,0.0
6810,1702.25,46.4278678894043,47.90300369262695,134.84498596191406,109.1371078491211,112.88936614990234,0.00063207873608917,0.056835830211639404,21.010421752929688,0.7406647801399231,-0.3009178042411804,0.0,0.0
6811,1702.5,46.222652435302734,47.88475036621094,131.79493713378906,109.13622283935547,112.62467193603516,0.0006367603782564402,0.05683552846312523,21.010421752929688,0.7406647801399231,-0.28009265661239624,0.0,0.0
6812,1702.75,45.71855163574219,48.11333084106445,131.59954833984375,109.13666534423828,112.29281616210938,0.0006409738562069833,0.05683525651693344,21.010421752929688,0.73065584897995,-0.2537877857685089,0.0,0.0
6813,1703,45.89805603027344,48.394752502441406,131.96820068359375,109.13446044921875,113.05924224853516,0.0006338171660900116,0.05683501437306404,21.010421752929688,0.7406647801399231,-0.3145197927951813,0.0,0.0
6814,1703.25,46.49928283691406,48.150657653808594,130.0561981201172,109.13093566894531,113.04048156738281,0.000627376139163971,0.05683479458093643,21.01067543029785,0.73065584897995,-0.313329815864563,0.0,0.0
6815,1703.5,46.226409912109375,47.70180130004883,126.85426330566406,109.13490295410156,112.12886810302734,0.0006215792382135987,0.05683459714055061,21.010902404785156,0.73065584897995,-0.24092476069927216,0.0,0.0
6816,1703.75,45.53901672363281,47.775604248046875,131.9018096923828,109.11859893798828,112.64146423339844,0.0006163620273582637,0.05687067285180092,21.0111083984375,0.7406647801399231,-0.2828577160835266,0.0,0.0
6817,1704,45.66626739501953,47.723304748535156,131.20799255371094,109.12609100341797,112.53034973144531,0.0006116665317676961,0.05690314248204231,21.011293411254883,0.7406647801399231,-0.27346086502075195,0.0,0.0
6818,1704.25,46.086830139160156,47.7963981628418,129.7783660888672,109.11331176757812,112.50911712646484,0.0006035777041688561,0.05693236365914345,21.011459350585938,0.750673770904541,-0.2728234827518463,0.0,0.0
6819,1704.5,46.05011749267578,47.86798858642578,127.54426574707031,109.11991882324219,112.93727111816406,0.0005962977302260697,0.05695866420865059,21.011608123779297,0.73065584897995,-0.3060971200466156,0.0,0.0
6820,1704.75,46.056156158447266,47.62213134765625,130.00277709960938,109.1115493774414,112.21183013916016,0.000589745759498328,0.056982334703207016,21.011743545532227,0.7406647801399231,-0.24941420555114746,0.0,0.0
6821,1705,46.02277374267578,47.70884323120117,132.42160034179688,109.12609100341797,111.91799926757812,0.000583205372095108,0.05700363591313362,21.011863708496094,0.750673770904541,-0.22488705813884735,0.0,0.0
6822,1705.25,46.1104621887207,47.40067672729492,130.99197387695312,109.120361328125,112.68689727783203,0.0005773190059699118,0.057022809982299805,21.011972427368164,0.7406647801399231,-0.28630363941192627,0.0,0.0
6823,1705.5,45.99298858642578,47.799110412597656,128.57774353027344,109.10890197753906,112.7970199584961,0.0005720212939195335,0.057011060416698456,21.012069702148438,0.73065584897995,-0.2959340512752533,0.0,0.0
6824,1705.75,45.69731521606445,47.78396987915039,129.33872985839844,109.10758209228516,112.6735610961914,0.0005672533297911286,0.05700048431754112,21.012157440185547,0.73065584897995,-0.28629270195961,0.0,0.0
6825,1706,46.10408401489258,48.03307342529297,129.74325561523438,109.11507415771484,112.40047454833984,0.0005629622028209269,0.05699096620082855,21.012237548828125,0.73065584897995,-0.26407939195632935,0.0,0.0
6826,1706.25,46.190853118896484,47.854496002197266,131.9743194580078,109.10009002685547,111.68441772460938,0.0005591001827269793,0.05698240175843239,21.012310028076172,0.750673770904541,-0.2084093689918518,0.0,0.0
6827,1706.5,46.02230453491211,47.7305793762207,130.83245849609375,109.102294921875,112.17578125,0.0005556243704631925,0.05697469413280487,21.012374877929688,0.750673770904541,-0.2473086714744568,0.0,0.0
6828,1706.75,46.15182113647461,47.66281509399414,130.10658264160156,109.09788513183594,112.43948364257812,0.00055249611614272,0.05698226019740105,21.012432098388672,0.750673770904541,-0.2685706615447998,0.0,0.0
6829,1707,46.262447357177734,47.65922546386719,131.28431701660156,109.10713958740234,111.9239273071289,0.0005496806697919965,0.056989070028066635,21.012483596801758,0.720646858215332,-0.22690452635288239,0.0,0.0
6830,1707.25,45.87183380126953,47.55364227294922,130.4065399169922,109.09303283691406,112.19108581542969,0.0005471467738971114,0.056995198130607605,21.012531280517578,0.73065584897995,-0.24927887320518494,0.0,0.0
6831,1707.5,46.53937530517578,47.519439697265625,130.63552856445312,109.0943603515625,112.23849487304688,0.0005448663141578436,0.056986209005117416,21.0125732421875,0.7406647801399231,-0.2529318034648895,0.0,0.0
6832,1707.75,45.597476959228516,48.16729736328125,126.00855255126953,109.08731079101562,111.48688507080078,0.0005428138538263738,0.05697811767458916,21.012611389160156,0.750673770904541,-0.19369348883628845,0.0,0.0
6833,1708,46.19777297973633,47.58869171142578,129.3532257080078,109.0956802368164,111.7762680053711,0.0005409666337072849,0.05697083845734596,21.012645721435547,0.73065584897995,-0.2160876989364624,0.0,0.0
6834,1708.25,45.88825607299805,47.710819244384766,130.45310974121094,109.08422088623047,111.58219146728516,0.0005393041647039354,0.05696428567171097,21.012676239013672,0.7406647801399231,-0.2015528529882431,0.0,0.0
6835,1708.5,45.49140167236328,48.1118278503418,128.00527954101562,109.07496643066406,111.97972869873047,0.0005378079367801547,0.056951139122247696,21.012704849243164,0.7406647801399231,-0.2339669167995453,0.0,0.0
6836,1708.75,45.569061279296875,47.964168548583984,128.5853729248047,109.07893371582031,112.65430450439453,0.0005345302633941174,0.05693930760025978,21.01272964477539,0.7406647801399231,-0.2871091663837433,0.0,0.0
6837,1709,45.917755126953125,48.18478775024414,129.06471252441406,109.08377838134766,112.23355865478516,0.0005315803573466837,0.05692866072058678,21.012752532958984,0.750673770904541,-0.2534034550189972,0.0,0.0
6838,1709.25,45.8218994140625,48.468162536621094,129.91575622558594,109.08201599121094,111.91552734375,0.0005289254477247596,0.056919075548648834,21.012773513793945,0.750673770904541,-0.22828663885593414,0.0,0.0
6839,1709.5,45.52117156982422,47.93399429321289,130.4637908935547,109.070556640625,112.25923919677734,0.0005265360232442617,0.056910451501607895,21.01279067993164,0.7606827616691589,-0.256519615650177,0.0,0.0
6840,1709.75,46.20317077636719,47.48289489746094,127.94803619384766,109.07364654541016,111.828125,0.0005230984534136951,0.0569026879966259,21.012807846069336,0.7406647801399231,-0.22201479971408844,0.0,0.0
6841,1710,45.66778564453125,47.761844635009766,130.29815673828125,109.0943603515625,112.08787536621094,0.0005200046580284834,0.056895703077316284,21.0128231048584,0.73065584897995,-0.24097764492034912,0.0,0.0
6842,1710.25,45.639461517333984,47.618003845214844,128.8441162109375,109.06439208984375,112.27701568603516,0.0005172202363610268,0.05688941478729248,21.012836456298828,0.73065584897995,-0.2584322988986969,0.0,0.0
6843,1710.5,46.26211166381836,47.518123626708984,129.51504516601562,109.06350708007812,112.23158264160156,0.0005147142801433802,0.05688375607132912,21.012847900390625,0.750673770904541,-0.25490158796310425,0.0,0.0
6844,1710.75,45.98649215698242,48.33786392211914,131.49269104003906,109.05557250976562,113.00146484375,0.0005098843248561025,0.05687866359949112,21.012859344482422,0.7406647801399231,-0.3164064884185791,0.0,0.0
6845,1711,45.946388244628906,47.77034378051758,128.841064453125,109.068359375,112.83949279785156,0.0005055373767390847,0.056888580322265625,21.012868881225586,0.73065584897995,-0.3025935888290405,0.0,0.0
6846,1711.25,45.998748779296875,48.19304656982422,129.81576538085938,109.0516128540039,112.04096221923828,0.0005016251234337687,0.05689750611782074,21.012876510620117,0.73065584897995,-0.24073997139930725,0.0,0.0
6847,1711.5,45.81523895263672,48.00245666503906,131.3736114501953,109.0516128540039,112.71949005126953,0.0004981040838174522,0.056905537843704224,21.01288414001465,0.7606827616691589,-0.29448819160461426,0.0,0.0
6848,1711.75,45.395530700683594,47.82646179199219,131.1682891845703,109.0604248046875,113.5338134765625,0.0004962224047631025,0.05691276490688324,21.01289176940918,0.7706916928291321,-0.3578489124774933,0.0,0.0
6849,1712,46.22026443481445,47.99200439453125,132.5330352783203,109.05425262451172,112.22664642333984,0.0004945289110764861,0.056919269263744354,21.012897491455078,0.750673770904541,-0.2552652657032013,0.0,0.0
6850,1712.25,45.76167297363281,48.237911224365234,129.03341674804688,109.05777740478516,111.29132843017578,0.000493004743475467,0.05693237483501434,21.012903213500977,0.7406647801399231,-0.1804756224155426,0.0,0.0
6851,1712.5,45.955101013183594,47.817604064941406,127.1855239868164,109.06218719482422,112.30022430419922,0.0004916330217383802,0.05694417282938957,21.012908935546875,0.750673770904541,-0.26045194268226624,0.0,0.0
6852,1712.75,45.76865005493164,47.75443649291992,130.4034881591797,109.05204772949219,111.849853515625,0.0004974788753315806,0.05695478990674019,21.01291275024414,0.7606827616691589,-0.22550688683986664,0.0,0.0
6853,1713,46.434078216552734,47.738807678222656,130.8118438720703,109.05425262451172,111.77478790283203,0.0005027401493862271,0.05696434527635574,21.012916564941406,0.750673770904541,-0.2193506807088852,0.0,0.0
6854,1713.25,45.862789154052734,47.934383392333984,131.4560546875,109.04940795898438,112.68294525146484,0.0005074752843938768,0.05699469894170761,21.012920379638672,0.750673770904541,-0.291782021522522,0.0,0.0
6855,1713.5,45.70372009277344,47.70289993286133,131.86669921875,109.04015350341797,112.39899444580078,0.0005117369000799954,0.05702201649546623,21.012924194335938,0.750673770904541,-0.27007684111595154,0.0,0.0
6856,1713.75,45.718482971191406,47.91916275024414,134.68699645996094,109.04191589355469,113.17430877685547,0.0005245876382105052,0.05704660341143608,21.012928009033203,0.750673770904541,-0.3311269283294678,0.0,0.0
6857,1714,45.507808685302734,48.17552185058594,131.28660583496094,109.04940795898438,111.81626892089844,0.0005361533258110285,0.057068731635808945,21.012929916381836,0.7406647801399231,-0.22304899990558624,0.0,0.0
6858,1714.25,46.07774353027344,47.55616760253906,128.24876403808594,109.03309631347656,113.19998931884766,0.0005465624271892011,0.05708864703774452,21.01293182373047,0.7406647801399231,-0.3338671326637268,0.0,0.0
6859,1714.5,46.08411407470703,47.42616271972656,128.0175018310547,109.0278091430664,113.08937072753906,0.0005559306009672582,0.05710656940937042,21.0129337310791,0.7406647801399231,-0.32559511065483093,0.0,0.0
6860,1714.75,45.70054626464844,47.7144889831543,128.68612670898438,109.0357437133789,112.8799819946289,0.000564361980650574,0.05712269991636276,21.012935638427734,0.750673770904541,-0.30845004320144653,0.0,0.0
6861,1715,45.570430755615234,47.83060836791992,130.61338806152344,109.0436782836914,113.08492279052734,0.0005771039868704975,0.05713721737265587,21.012937545776367,0.720646858215332,-0.3239496350288391,0.0,0.0
6862,1715.25,45.78488540649414,47.52154541015625,130.80116271972656,109.02031707763672,112.26367950439453,0.0005885717691853642,0.05714303255081177,21.012939453125,0.73065584897995,-0.26097261905670166,0.0,0.0
6863,1715.5,46.022483825683594,47.75738525390625,129.79592895507812,109.0198745727539,112.6429443359375,0.0005988928023725748,0.05714826658368111,21.012941360473633,0.7406647801399231,-0.2910325527191162,0.0,0.0
6864,1715.75,45.71116638183594,47.63031005859375,128.23960876464844,109.0198745727539,112.7278823852539,0.0006081816973164678,0.05715297535061836,21.012943267822266,0.7406647801399231,-0.29774221777915955,0.0,0.0
6865,1716,45.99191665649414,47.76100540161133,130.57904052734375,109.01547241210938,112.44047546386719,0.0006158971809782088,0.05715721473097801,21.0129451751709,0.750673770904541,-0.27537667751312256,0.0,0.0
6866,1716.25,45.919639587402344,47.78364944458008,131.2125701904297,109.01811218261719,113.21134185791016,0.0006228411220945418,0.05716102942824364,21.0129451751709,0.750673770904541,-0.3359833061695099,0.0,0.0
6867,1716.5,45.65582275390625,48.10251998901367,135.01748657226562,109.0097427368164,112.23454284667969,0.000629090704023838,0.05716446414589882,21.0129451751709,0.7606827616691589,-0.25952592492103577,0.0,0.0
6868,1716.75,46.10328674316406,47.92107391357422,128.87083435058594,109.01018524169922,112.23997497558594,0.0006347153102979064,0.057167552411556244,21.0129451751709,0.750673770904541,-0.2599203288555145,0.0,0.0
6869,1717,46.05477523803711,47.968971252441406,126.99241638183594,109.00753784179688,112.8147964477539,0.0006397774559445679,0.057170331478118896,21.0129451751709,0.73065584897995,-0.3056105673313141,0.0,0.0
6870,1717.25,46.476009368896484,47.931861877441406,129.01966857910156,108.99784088134766,112.48936462402344,0.0006397774559445679,0.05717283487319946,21.0129451751709,0.73065584897995,-0.28068622946739197,0.0,0.0
6871,1717.5,46.13467025756836,47.45005416870117,132.75819396972656,109.00753784179688,112.74220275878906,0.0006404684972949326,0.05716058611869812,21.0129451751709,0.7406647801399231,-0.2998805642127991,0.0,0.0
6872,1717.75,45.84641647338867,47.95799255371094,129.5738067626953,109.00753784179688,111.93133544921875,0.000641090446151793,0.05714956298470497,21.0129451751709,0.7606827616691589,-0.23562414944171906,0.0,0.0
6873,1718,45.6865348815918,48.06209182739258,129.8447723388672,109.00357055664062,112.0691146850586,0.0006416502292267978,0.05713964253664017,21.0129451751709,0.7606827616691589,-0.24689897894859314,0.0,0.0
6874,1718.25,45.6322021484375,47.66414260864258,131.92393493652344,108.99607849121094,111.8261489868164,0.0006419630371965468,0.057130713015794754,21.0129451751709,0.750673770904541,-0.22819025814533234,0.0,0.0
6875,1718.5,45.77574157714844,48.04451370239258,132.20176696777344,108.99299621582031,112.04244232177734,0.0006419630371965468,0.05712267756462097,21.0129451751709,0.7406647801399231,-0.24564382433891296,0.0,0.0
6876,1718.75,45.94062805175781,47.41780471801758,130.0157470703125,108.99475860595703,112.88491821289062,0.0006417911499738693,0.057100940495729446,21.0129451751709,0.7406647801399231,-0.3121855854988098,0.0,0.0
6877,1719,45.708377838134766,48.000938415527344,131.43238830566406,108.9912338256836,112.45677185058594,0.0006416364922188222,0.05708137899637222,21.0129451751709,0.7406647801399231,-0.2786461114883423,0.0,0.0
6878,1719.25,46.136634826660156,48.16630935668945,128.5067596435547,108.984619140625,111.59305572509766,0.0006407279870472848,0.05706377327442169,21.0129451751709,0.750673770904541,-0.21055135130882263,0.0,0.0
6879,1719.5,45.86882781982422,47.740234375,131.0484619140625,108.99034881591797,111.61429595947266,0.0006407279870472848,0.057047925889492035,21.0129451751709,0.7406647801399231,-0.2117776721715927,0.0,0.0
6880,1719.75,45.86386489868164,47.91608810424805,125.4979248046875,108.984619140625,113.22270202636719,0.0006400356651283801,0.05704091489315033,21.0129451751709,0.7406647801399231,-0.33961135149002075,0.0,0.0
6881,1720,46.21906280517578,47.95522689819336,129.2265167236328,108.99299621582031,112.07553100585938,0.0006394125521183014,0.057034604251384735,21.0129451751709,0.750673770904541,-0.24827218055725098,0.0,0.0
6882,1720.25,46.25358581542969,47.96748352050781,129.87835693359375,108.97315979003906,111.6651611328125,0.000638851779513061,0.057034604251384735,21.0129451751709,0.7406647801399231,-0.21723756194114685,0.0,0.0
6883,1720.5,46.03900146484375,47.707271575927734,130.852294921875,108.97139739990234,111.46417236328125,0.0006396354292519391,0.05702892690896988,21.0129451751709,0.7406647801399231,-0.20134389400482178,0.0,0.0
6884,1720.75,45.554176330566406,48.23218536376953,129.6936492919922,108.97844696044922,111.8587417602539,0.0006403406732715666,0.05702381581068039,21.0129451751709,0.7606827616691589,-0.2322244942188263,0.0,0.0
6885,1721,46.09778594970703,47.9570426940918,127.928955078125,108.97712707519531,112.47602844238281,0.000640975427813828,0.05701921507716179,21.0129451751709,0.750673770904541,-0.28132256865501404,0.0,0.0
6886,1721.25,46.23479461669922,48.101314544677734,131.89874267578125,108.96346282958984,111.68639373779297,0.0006420608260668814,0.057011350989341736,21.0129451751709,0.7606827616691589,-0.21972210705280304,0.0,0.0
6887,1721.5,46.0822639465332,47.63337326049805,129.16622924804688,108.966552734375,111.79058837890625,0.0006425235769711435,0.057011350989341736,21.0129451751709,0.7706916928291321,-0.22777055203914642,0.0,0.0
6888,1721.75,46.234859466552734,47.82729721069336,130.62637329101562,108.96479034423828,111.85083770751953,0.0006425235769711435,0.05700799822807312,21.0129451751709,0.7706916928291321,-0.23271137475967407,0.0,0.0
6889,1722,45.908687591552734,48.069034576416016,129.7722625732422,108.97228240966797,112.5975112915039,0.0006513151456601918,0.057004980742931366,21.0129451751709,0.7706916928291321,-0.2913280725479126,0.0,0.0
6890,1722.25,45.756935119628906,47.95309829711914,129.39215087890625,108.97756958007812,112.28195190429688,0.000659227604046464,0.056999821215867996,21.0129451751709,0.7706916928291321,-0.265912801027298,0.0,0.0
6891,1722.5,46.303768157958984,47.45297622680664,130.34625244140625,108.95685577392578,111.79010009765625,0.0006663487874902785,0.056999821215867996,21.0129451751709,0.750673770904541,-0.22852396965026855,0.0,0.0
6892,1722.75,46.08735275268555,48.05931091308594,131.8323516845703,108.96611022949219,113.1772689819336,0.0006727578584104776,0.056997623294591904,21.0129451751709,0.7606827616691589,-0.337550550699234,0.0,0.0
6893,1723,45.71989440917969,48.276031494140625,130.151611328125,108.95509338378906,113.5683822631836,0.0006862605805508792,0.05701014772057533,21.0129451751709,0.750673770904541,-0.36916080117225647,0.0,0.0
6894,1723.25,45.88646697998047,47.631927490234375,129.94094848632812,108.95288848876953,111.79898834228516,0.0006984130595810711,0.05702142044901848,21.0129451751709,0.750673770904541,-0.22955621778964996,0.0,0.0
6895,1723.5,45.30973434448242,47.85034942626953,128.4029541015625,108.9493637084961,112.62071990966797,0.0007093502790667117,0.05703156441450119,21.0129451751709,0.750673770904541,-0.29503506422042847,0.0,0.0
6896,1723.75,45.759517669677734,47.835697174072266,129.98902893066406,108.97624969482422,111.89034271240234,0.0007191937766037881,0.05704069510102272,21.0129451751709,0.750673770904541,-0.23491860926151276,0.0,0.0
6897,1724,46.00110626220703,47.956886291503906,131.76670837402344,108.95597076416016,112.21775817871094,0.0007228964241221547,0.05704891309142113,21.0129451751709,0.750673770904541,-0.2625862658023834,0.0,0.0
6898,1724.25,45.83704376220703,48.07017517089844,131.051513671875,108.95597076416016,112.73331451416016,0.0007262288127094507,0.057049185037612915,21.0129451751709,0.73065584897995,-0.3033907115459442,0.0,0.0
6899,1724.5,46.06020736694336,47.621761322021484,131.26751708984375,108.94583892822266,112.1649169921875,0.0007292279624380171,0.05704930052161217,21.0129451751709,0.73065584897995,-0.2592216432094574,0.0,0.0
6900,1724.75,46.150943756103516,47.63823318481445,130.46836853027344,108.9572982788086,112.09182739257812,0.0007319272262975574,0.05704930052161217,21.0129451751709,0.73065584897995,-0.252482533454895,0.0,0.0
6901,1725,45.99069595336914,47.44407653808594,128.3739471435547,108.95377349853516,112.2977523803711,0.0007343565230257809,0.057049404829740524,21.0129451751709,0.750673770904541,-0.269109308719635,0.0,0.0
6902,1725.25,46.00419616699219,47.798484802246094,128.6678009033203,108.94760131835938,111.9041748046875,0.0007365429191850126,0.057049497961997986,21.0129451751709,0.750673770904541,-0.23835963010787964,0.0,0.0
6903,1725.5,46.329837799072266,47.292293548583984,131.51329040527344,108.93790435791016,111.78861236572266,0.0007140352972783148,0.05705683305859566,21.0129451751709,0.750673770904541,-0.22995422780513763,0.0,0.0
6904,1725.75,45.69656753540039,47.695804595947266,132.77499389648438,108.95024108886719,111.9150390625,0.0006937783909961581,0.05706343427300453,21.0129451751709,0.7606827616691589,-0.23900820314884186,0.0,0.0
6905,1726,46.19487762451172,48.003726959228516,127.98467254638672,108.93173217773438,112.4493637084961,0.0006755472277291119,0.05706937611103058,21.0129451751709,0.750673770904541,-0.2829207479953766,0.0,0.0
6906,1726.25,45.88063049316406,47.93888473510742,128.86778259277344,108.9427490234375,112.71060180664062,0.0006591391284018755,0.05707472562789917,21.0129451751709,0.7406647801399231,-0.30267757177352905,0.0,0.0
6907,1726.5,46.297359466552734,47.27018737792969,128.60369873046875,108.93701934814453,112.16541290283203,0.0006263576215133071,0.057094041258096695,21.0129451751709,0.7406647801399231,-0.25998154282569885,0.0,0.0
6908,1726.75,45.86677169799805,47.81682586669922,130.1981658935547,108.94098663330078,112.74565887451172,0.0005968542536720634,0.05711142718791962,21.0129451751709,0.7406647801399231,-0.30559027194976807,0.0,0.0
6909,1727,45.927494049072266,47.597389221191406,133.0306854248047,108.93746185302734,112.22269439697266,0.0005703011993318796,0.05712707340717316,21.0129451751709,0.7406647801399231,-0.26449039578437805,0.0,0.0
6910,1727.25,45.93020248413086,47.47551727294922,129.39138793945312,108.93041229248047,111.82269287109375,0.0005464034620672464,0.05714115500450134,21.0129451751709,0.73065584897995,-0.2332800328731537,0.0,0.0
6911,1727.5,46.15819549560547,47.63368606567383,127.2229232788086,108.92776489257812,112.44886779785156,0.0005248954985290766,0.05715382844209671,21.0129451751709,0.720646858215332,-0.28320610523223877,0.0,0.0
6912,1727.75,46.01494598388672,47.52615737915039,128.60215759277344,108.93834686279297,112.23651885986328,0.0004926350084133446,0.0571652352809906,21.0129451751709,0.7406647801399231,-0.2655148208141327,0.0,0.0
6913,1728,45.961524963378906,47.8077392578125,128.47698974609375,108.9312973022461,112.36145782470703,0.0004636005323845893,0.05716099962592125,21.0129451751709,0.7406647801399231,-0.27599456906318665,0.0,0.0
6914,1728.25,45.851802825927734,47.86561965942383,131.59420776367188,108.92644500732422,112.29824829101562,0.0004374695126898587,0.057157184928655624,21.0129451751709,0.7406647801399231,-0.2713819146156311,0.0,0.0
6915,1728.5,45.91055679321289,47.74348068237305,130.17604064941406,108.9154281616211,112.08145904541016,0.00041395158041268587,0.05715375393629074,21.0129451751709,0.73065584897995,-0.2550806999206543,0.0,0.0
6916,1728.75,45.740028381347656,47.7658576965332,128.98074340820312,108.92556762695312,112.20244598388672,0.00039278544136323035,0.057150665670633316,21.0129451751709,0.7406647801399231,-0.26385581493377686,0.0,0.0
6917,1729,45.95131301879883,47.84939193725586,128.92884826660156,108.91807556152344,112.24244689941406,0.0003737359365914017,0.057162389159202576,21.0129451751709,0.7406647801399231,-0.2676416039466858,0.0,0.0
6918,1729.25,45.81351089477539,48.097076416015625,126.74893188476562,108.93217468261719,111.7609634399414,0.0003495234122965485,0.05717293918132782,21.0129451751709,0.750673770904541,-0.22822020947933197,0.0,0.0
6919,1729.5,45.699947357177734,47.90960693359375,130.08367919921875,108.91851043701172,112.72689819335938,0.0003277321520727128,0.0571824349462986,21.013032913208008,0.7606827616691589,-0.30594557523727417,0.0,0.0
6920,1729.75,45.62080001831055,47.73725128173828,126.8084716796875,108.92247772216797,112.94961547851562,0.00030812001205049455,0.05719098076224327,21.013111114501953,0.750673770904541,-0.32319197058677673,0.0,0.0
6921,1730,45.7340202331543,48.23982620239258,127.18323516845703,108.90485382080078,112.3407211303711,0.00029046909185126424,0.057198669761419296,21.013181686401367,0.7406647801399231,-0.27651289105415344,0.0,0.0
6922,1730.25,45.82787322998047,47.64610290527344,127.69157409667969,108.9074935913086,111.502197265625,0.0002745832607615739,0.05719149857759476,21.01324462890625,0.7606827616691589,-0.2096022516489029,0.0,0.0
6923,1730.5,45.83063888549805,47.848941802978516,132.82460021972656,108.91498565673828,112.13874053955078,0.0002602860040497035,0.05718504637479782,21.01306915283203,0.7606827616691589,-0.25966522097587585,0.0,0.0
6924,1730.75,45.82527542114258,47.68354415893555,127.8709487915039,108.92247772216797,112.16343688964844,0.0002474184730090201,0.05717923864722252,21.012910842895508,0.7406647801399231,-0.26101306080818176,0.0,0.0
6925,1731,46.15797805786133,47.63936996459961,128.8097686767578,108.898681640625,112.63998413085938,0.00023583769507240504,0.05717401206493378,21.012767791748047,0.7406647801399231,-0.300699919462204,0.0,0.0
6926,1731.25,45.97465896606445,47.706729888916016,131.81784057617188,108.90528869628906,112.22713470458984,0.00022477236052509397,0.05716930702328682,21.01263999938965,0.73065584897995,-0.26747211813926697,0.0,0.0
6927,1731.5,45.9690055847168,47.920406341552734,130.07147216796875,108.90528869628906,112.33479309082031,0.00021481355361174792,0.057150572538375854,21.012758255004883,0.7406647801399231,-0.27600768208503723,0.0,0.0
6928,1731.75,45.72730255126953,48.06732177734375,125.05445861816406,108.91807556152344,112.67306518554688,0.00020585062156897038,0.057133711874485016,21.01286506652832,0.7406647801399231,-0.3017290234565735,0.0,0.0
6929,1732,45.90949249267578,47.64463806152344,129.1952362060547,108.90220642089844,113.88641357421875,0.00019778398564085364,0.05711853504180908,21.01296043395996,0.7406647801399231,-0.398377001285553,0.0,0.0
6930,1732.25,45.97303771972656,47.69476318359375,128.95404052734375,108.89471435546875,113.3076400756836,0.00018859730334952474,0.05710487812757492,21.013046264648438,0.7406647801399231,-0.35363370180130005,0.0,0.0
6931,1732.5,46.12630844116211,47.94561767578125,134.57708740234375,108.90044403076172,111.99504089355469,0.00018032928346656263,0.057092584669589996,21.013124465942383,0.73065584897995,-0.2494393140077591,0.0,0.0
6932,1732.75,45.53969955444336,47.696285247802734,129.29904174804688,108.91498565673828,112.00491333007812,0.00017288807430304587,0.05707427114248276,21.01296043395996,0.750673770904541,-0.24903497099876404,0.0,0.0
6933,1733,45.87688446044922,47.96177291870117,127.47328186035156,108.8907470703125,112.40293884277344,0.00016619097732473165,0.05705779045820236,21.012813568115234,0.750673770904541,-0.28259479999542236,0.0,0.0
6934,1733.25,45.902252197265625,48.025577545166016,131.46749877929688,108.89515686035156,112.5688705444336,0.00015630965935997665,0.05704295635223389,21.012680053710938,0.750673770904541,-0.2953663170337677,0.0,0.0
6935,1733.5,46.4240608215332,47.39680480957031,129.51657104492188,108.9079360961914,112.48491668701172,0.00014741647464688867,0.0570296049118042,21.01255989074707,0.750673770904541,-0.28768017888069153,0.0,0.0
6936,1733.75,46.01251220703125,47.69120788574219,128.8548126220703,108.90485382080078,112.43750762939453,0.0001394126156810671,0.05703934282064438,21.012453079223633,0.7406647801399231,-0.2841789722442627,0.0,0.0
6937,1734,45.833770751953125,47.79132080078125,131.46444702148438,108.89559936523438,112.25479125976562,0.00013220914115663618,0.05704810470342636,21.01235580444336,0.7406647801399231,-0.27045750617980957,0.0,0.0
6938,1734.25,46.0015869140625,48.05078125,129.7982177734375,108.89559936523438,111.83602142333984,0.00012379951658658683,0.057055991142988205,21.01226806640625,0.7406647801399231,-0.23718631267547607,0.0,0.0
6939,1734.5,45.9792594909668,47.86988830566406,131.8697509765625,108.90617370605469,112.60590362548828,0.00011623085447354242,0.057063087821006775,21.012189865112305,0.7406647801399231,-0.297393798828125,0.0,0.0
6940,1734.75,45.890838623046875,48.25276565551758,127.09164428710938,108.90837860107422,112.09380340576172,0.00010941905929939821,0.05708398297429085,21.01211929321289,0.7606827616691589,-0.25663700699806213,0.0,0.0
6941,1735,46.11323547363281,47.60356903076172,135.8319091796875,108.89163208007812,112.14762878417969,0.00010328844655305147,0.057102788239717484,21.012056350708008,0.750673770904541,-0.2622796595096588,0.0,0.0
6942,1735.25,46.00006103515625,47.592811584472656,129.37689208984375,108.90352630615234,111.72935485839844,9.77708914433606e-05,0.057119712233543396,21.011999130249023,0.7606827616691589,-0.2280438393354416,0.0,0.0
6943,1735.5,45.72687530517578,47.67715072631836,128.41058349609375,108.89471435546875,112.32195281982422,0.00010629498137859628,0.05713494494557381,21.011947631835938,0.750673770904541,-0.2758544385433197,0.0,0.0
6944,1735.75,46.04926681518555,47.90866470336914,129.59671020507812,108.89779663085938,112.51355743408203,0.00011396666377549991,0.05714865401387215,21.01190185546875,0.7606827616691589,-0.290774941444397,0.0,0.0
6945,1736,45.837154388427734,47.77983093261719,128.36326599121094,108.89471435546875,111.82071685791016,0.00012087117647752166,0.05716099217534065,21.011859893798828,0.750673770904541,-0.236040398478508,0.0,0.0
6946,1736.25,45.720611572265625,47.685707092285156,133.68939208984375,108.88898468017578,112.21331024169922,0.00012708523718174547,0.05717209726572037,21.011821746826172,0.750673770904541,-0.26770830154418945,0.0,0.0
6947,1736.5,45.66838836669922,47.750675201416016,129.885986328125,108.88677978515625,112.4039306640625,0.00013267790200188756,0.05718209221959114,21.01178741455078,0.7406647801399231,-0.2829979360103607,0.0,0.0
6948,1736.75,46.03675842285156,47.98806381225586,129.1097412109375,108.90132141113281,113.10517120361328,0.0001569985324749723,0.05718383565545082,21.011756896972656,0.7406647801399231,-0.3371724784374237,0.0,0.0
6949,1737,46.01264572143555,47.649837493896484,132.65591430664062,108.8819351196289,111.51750183105469,0.0001788871013559401,0.05718540400266647,21.011730194091797,0.750673770904541,-0.2129134237766266,0.0,0.0
6950,1737.25,45.845619201660156,47.80461502075195,132.02621459960938,108.88325500488281,111.11058807373047,0.00019858681480400264,0.05718681588768959,21.01170539855957,0.7606827616691589,-0.18026390671730042,0.0,0.0
6951,1737.5,46.02328872680664,47.70787048339844,125.41320037841797,108.88722229003906,112.07454681396484,0.00021631656272802502,0.057188086211681366,21.01168441772461,0.7706916928291321,-0.2568374574184418,0.0,0.0
6952,1737.75,45.613616943359375,48.445621490478516,129.88446044921875,108.89118957519531,111.96343231201172,0.00024969407240860164,0.05717472359538078,21.01166534423828,0.7706916928291321,-0.24768292903900146,0.0,0.0
6953,1738,46.216854095458984,47.886375427246094,128.76168823242188,108.89030456542969,111.71207427978516,0.000279733823845163,0.05716269835829735,21.011648178100586,0.7706916928291321,-0.22774769365787506,0.0,0.0
6954,1738.25,46.02819061279297,47.98244857788086,131.09120178222656,108.88810729980469,112.07750701904297,0.0003067695943173021,0.057151876389980316,21.011632919311523,0.7606827616691589,-0.257000207901001,0.0,0.0
6955,1738.5,45.79939651489258,48.22960662841797,130.96450805664062,108.9079360961914,112.4602279663086,0.0003311017935629934,0.05714213475584984,21.01161766052246,0.750673770904541,-0.2857261300086975,0.0,0.0
6956,1738.75,45.63933563232422,48.02981948852539,131.1148681640625,108.89471435546875,112.49528503417969,0.0003530007670633495,0.05713336914777756,21.01160430908203,0.7606827616691589,-0.2895814776420593,0.0,0.0
6957,1739,46.13447952270508,48.08708953857422,130.39585876464844,108.8819351196289,112.38664245605469,0.00037979288026690483,0.057125478982925415,21.011592864990234,0.750673770904541,-0.28202471137046814,0.0,0.0
6958,1739.25,46.133567810058594,47.954341888427734,128.049560546875,108.88105010986328,111.78219604492188,0.00040390578215010464,0.05711837857961655,21.011581420898438,0.7406647801399231,-0.23409001529216766,0.0,0.0
6959,1739.5,45.42426681518555,47.65810012817383,130.79811096191406,108.90132141113281,112.20442199707031,0.0004256074025761336,0.057111989706754684,21.011486053466797,0.7406647801399231,-0.2659947872161865,0.0,0.0
6960,1739.75,45.96339416503906,47.90003967285156,127.22903442382812,108.88722229003906,112.92689514160156,0.0004451388376764953,0.05710623785853386,21.01140022277832,0.7706916928291321,-0.32428258657455444,0.0,0.0
6961,1740,45.75857162475586,47.914772033691406,129.12042236328125,108.880615234375,112.64047241210938,0.0004607854352798313,0.0571083128452301,21.011322021484375,0.7706916928291321,-0.3022153675556183,0.0,0.0
6962,1740.25,45.96935272216797,47.891075134277344,130.60728454589844,108.87752532958984,112.00936126708984,0.0004748673818539828,0.05711017921566963,21.01125144958496,0.7706916928291321,-0.2524508833885193,0.0,0.0
6963,1740.5,45.90343475341797,47.88158416748047,131.4911651611328,108.89295196533203,111.8409652709961,0.00048754113959148526,0.05711185932159424,21.01142120361328,0.7606827616691589,-0.2377961128950119,0.0,0.0
6964,1740.75,45.682491302490234,47.97663497924805,130.78436279296875,108.88590240478516,112.31553649902344,0.0004989475128240883,0.057113371789455414,21.011573791503906,0.7606827616691589,-0.27606627345085144,0.0,0.0
6965,1741,46.355831146240234,47.622135162353516,132.62997436523438,108.88017272949219,112.45380401611328,0.0005053497152402997,0.05711473152041435,21.01171112060547,0.7406647801399231,-0.287486732006073,0.0,0.0
6966,1741.25,45.727474212646484,48.120811462402344,128.67849731445312,108.88633728027344,112.51504516601562,0.0005111116915941238,0.057079289108514786,21.0118350982666,0.7406647801399231,-0.29182976484298706,0.0,0.0
6967,1741.5,46.01450729370117,47.782073974609375,130.7477264404297,108.88501739501953,112.26022338867188,0.0005162974703125656,0.057047393172979355,21.011947631835938,0.73065584897995,-0.27175337076187134,0.0,0.0
6968,1741.75,46.06627655029297,47.72410583496094,129.21507263183594,108.90617370605469,111.92491149902344,0.0005209646769799292,0.05701868608593941,21.012048721313477,0.7406647801399231,-0.243394672870636,0.0,0.0
6969,1742,45.726139068603516,47.80678939819336,128.01979064941406,108.87796783447266,111.9565200805664,0.0005251651746220887,0.056992847472429276,21.01213836669922,0.750673770904541,-0.24821434915065765,0.0,0.0
6970,1742.25,45.67850112915039,48.12075424194336,127.39008331298828,108.89030456542969,111.93528747558594,0.000520577363204211,0.05697684362530708,21.01222038269043,0.7406647801399231,-0.2455172836780548,0.0,0.0
6971,1742.5,46.259342193603516,47.62650680541992,132.30328369140625,108.8995590209961,112.07454681396484,0.0005164483445696533,0.05696244165301323,21.012292861938477,0.73065584897995,-0.2558287978172302,0.0,0.0
6972,1742.75,46.02095413208008,47.49806213378906,127.95032501220703,108.89779663085938,111.936767578125,0.0005127322510816157,0.05694948136806488,21.012359619140625,0.7106378078460693,-0.24502258002758026,0.0,0.0
6973,1743,46.0007438659668,48.1342887878418,127.83202362060547,108.88237762451172,111.85726165771484,0.0005093877553008497,0.0569378137588501,21.012418746948242,0.720646858215332,-0.23995772004127502,0.0,0.0
6974,1743.25,45.846988677978516,47.86520004272461,131.18966674804688,108.89030456542969,111.98812103271484,0.0004928673151880503,0.056941814720630646,21.01247215270996,0.720646858215332,-0.24971815943717957,0.0,0.0
6975,1743.5,45.97071075439453,47.36782455444336,128.01290893554688,108.89691925048828,113.01380920410156,0.0004779989249072969,0.05694541707634926,21.01251983642578,0.7406647801399231,-0.33033886551856995,0.0,0.0
6976,1743.75,45.633453369140625,47.92024230957031,130.35235595703125,108.8898696899414,112.12837219238281,0.00046461739111691713,0.05694865807890892,21.012563705444336,0.73065584897995,-0.2608950138092041,0.0,0.0
6977,1744,46.22359085083008,47.36549758911133,129.9111785888672,108.88898468017578,111.72441864013672,0.0004525739932432771,0.056951574981212616,21.01236915588379,0.7406647801399231,-0.2288391888141632,0.0,0.0
6978,1744.25,45.966407775878906,47.803646087646484,127.7724838256836,108.88369750976562,111.51997375488281,0.0004525739932432771,0.05695420131087303,21.01236915588379,0.7406647801399231,-0.2129666805267334,0.0,0.0
6979,1744.5,46.238162994384766,48.06026077270508,130.78131103515625,108.90396881103516,111.88985443115234,0.0004237363755237311,0.056956563144922256,21.01219367980957,0.7406647801399231,-0.24078631401062012,0.0,0.0
6980,1744.75,45.64505386352539,47.74360656738281,130.76834106445312,108.90969848632812,111.78565216064453,0.0003977825108449906,0.05695869028568268,21.01203727722168,0.73065584897995,-0.23202353715896606,0.0,0.0
6981,1745,45.78805923461914,47.90419006347656,128.20449829101562,108.89295196533203,111.68639373779297,0.00037442403845489025,0.05696060508489609,21.01189613342285,0.73065584897995,-0.22548457980155945,0.0,0.0
6982,1745.25,46.26838684082031,47.72743225097656,128.03428649902344,108.90176391601562,111.56639099121094,0.0003534014103934169,0.05696232616901398,21.011768341064453,0.7406647801399231,-0.2151939868927002,0.0,0.0
6983,1745.5,45.9400634765625,47.901790618896484,129.5638885498047,108.9088134765625,112.19651794433594,0.00032484563416801393,0.05696387588977814,21.011653900146484,0.7606827616691589,-0.264754980802536,0.0,0.0
6984,1745.75,46.005577087402344,47.46785354614258,126.49934387207031,108.898681640625,111.23009490966797,0.0002991454384755343,0.056958019733428955,21.011550903320312,0.750673770904541,-0.18857209384441376,0.0,0.0
6985,1746,45.95581817626953,47.79157638549805,128.78382873535156,108.90309143066406,111.76985168457031,0.0002760152565315366,0.05695274844765663,21.011457443237305,0.7606827616691589,-0.23130521178245544,0.0,0.0
6986,1746.25,46.0966796875,48.25969696044922,131.37742614746094,108.90528869628906,111.37824249267578,0.00025519810151308775,0.05694800615310669,21.01137351989746,0.750673770904541,-0.19988079369068146,0.0,0.0
6987,1746.5,46.14697265625,47.736549377441406,130.98663330078125,108.90441131591797,111.53972625732422,0.0002371051232330501,0.05694373697042465,21.01129913330078,0.7606827616691589,-0.21284982562065125,0.0,0.0
6988,1746.75,46.193565368652344,47.90753936767578,131.93003845214844,108.90352630615234,112.06121063232422,0.00022082144278101623,0.05696164816617966,21.011232376098633,0.7406647801399231,-0.2544451653957367,0.0,0.0
6989,1747,46.02070999145508,47.730411529541016,130.01803588867188,108.8920669555664,112.92640686035156,0.0002061661216430366,0.0569777712225914,21.011171340942383,0.7406647801399231,-0.3238483965396881,0.0,0.0
6990,1747.25,45.806026458740234,47.58721923828125,129.45016479492188,108.90176391601562,113.20393371582031,0.00019297633843962103,0.0569777712225914,21.01111602783203,0.7406647801399231,-0.34490644931793213,0.0,0.0
6991,1747.5,46.34935760498047,47.93278884887695,131.33392333984375,108.90132141113281,112.36688995361328,0.0001811055262805894,0.05699228122830391,21.011066436767578,0.73065584897995,-0.2788749635219574,0.0,0.0
6992,1747.75,46.35525131225586,47.74900817871094,129.67227172851562,108.90220642089844,111.7831802368164,0.00017042180115822703,0.05700533837080002,21.011022567749023,0.73065584897995,-0.2324390709400177,0.0,0.0
6993,1748,45.970550537109375,47.78714370727539,131.2568359375,108.90309143066406,111.72342681884766,0.00017622557061258703,0.057053349912166595,21.010982513427734,0.73065584897995,-0.22760671377182007,0.0,0.0
6994,1748.25,46.08470153808594,48.03150177001953,129.30056762695312,108.90705108642578,112.40837097167969,0.0001814489660318941,0.057096559554338455,21.01094627380371,0.73065584897995,-0.281692236661911,0.0,0.0
6995,1748.5,46.13705062866211,47.86894989013672,129.01661682128906,108.9074935913086,112.09330749511719,0.0001861500204540789,0.0571354478597641,21.010913848876953,0.7606827616691589,-0.2566703259944916,0.0,0.0
6996,1748.75,45.71315002441406,48.14649200439453,129.4921417236328,108.89382934570312,111.84738159179688,0.00019038096070289612,0.05714869126677513,21.01088523864746,0.7606827616691589,-0.23823536932468414,0.0,0.0
6997,1749,45.75534439086914,47.76929473876953,129.873779296875,108.90220642089844,111.59898376464844,0.00019418881856836379,0.05716061219573021,21.0108585357666,0.7606827616691589,-0.217758446931839,0.0,0.0
6998,1749.25,45.83390426635742,47.84917068481445,126.51078796386719,108.90485382080078,111.68343353271484,0.00019761588191613555,0.05717134103178978,21.010835647583008,0.750673770904541,-0.2242754101753235,0.0,0.0
6999,1749.5,46.11762237548828,47.91322326660156,131.00572204589844,108.90528869628906,112.56936645507812,0.00022449578682426363,0.05718099698424339,21.010814666748047,0.750673770904541,-0.29457706212997437,0.0,0.0
7000,1749.75,45.76048278808594,47.92411804199219,128.88839721679688,108.90396881103516,112.5343017578125,0.00024868769105523825,0.057153429836034775,21.011028289794922,0.750673770904541,-0.29191142320632935,0.0,0.0
7001,1750,45.98285675048828,47.84389114379883,130.8591766357422,108.90705108642578,113.42221069335938,0.000270460412139073,0.05712861940264702,21.011220932006836,0.720646858215332,-0.3616223633289337,0.0,0.0
7002,1750.25,46.075923919677734,47.73233413696289,129.44100952148438,108.90264892578125,111.87849426269531,0.00029005587566643953,0.05710629001259804,21.011394500732422,0.720646858215332,-0.23999041318893433,0.0,0.0
7003,1750.5,46.229286193847656,47.95956802368164,129.4890899658203,108.90528869628906,112.49134063720703,0.0003102663322351873,0.057086192071437836,21.011550903320312,0.73065584897995,-0.2884047031402588,0.0,0.0
7004,1750.75,45.70366287231445,48.08670425415039,129.69212341308594,108.90088653564453,113.40789031982422,0.00032845576060935855,0.0570681057870388,21.01169204711914,0.7406647801399231,-0.3610018193721771,0.0,0.0
7005,1751,45.99541473388672,47.89048767089844,137.00582885742188,108.91939544677734,112.63158416748047,0.0003448262286838144,0.057051826268434525,21.011817932128906,0.720646858215332,-0.2983430027961731,0.0,0.0
7006,1751.25,45.76080322265625,47.64287567138672,129.5646514892578,108.90309143066406,112.24837493896484,0.0003595596645027399,0.057037174701690674,21.011932373046875,0.720646858215332,-0.2693362832069397,0.0,0.0
7007,1751.5,46.06731033325195,48.1696891784668,127.6595230102539,108.92027282714844,111.8587417602539,0.00036767133860848844,0.057045742869377136,21.012035369873047,0.73065584897995,-0.23697760701179504,0.0,0.0
7008,1751.75,46.00754928588867,47.8374137878418,129.74249267578125,108.90705108642578,112.04145812988281,0.00037497185985557735,0.05705345422029495,21.012126922607422,0.7406647801399231,-0.2525878846645355,0.0,0.0
7009,1752,45.82466506958008,47.60581588745117,131.61785888671875,108.89912414550781,111.97429656982422,0.0003815423115156591,0.05706039443612099,21.012208938598633,0.750673770904541,-0.2478978931903839,0.0,0.0
7010,1752.25,45.9416618347168,47.81907272338867,133.38941955566406,108.90309143066406,111.90120697021484,0.0003874557442031801,0.05706664174795151,21.012283325195312,0.7606827616691589,-0.24176108837127686,0.0,0.0
7011,1752.5,46.01832962036133,47.717796325683594,129.47000122070312,108.91101837158203,112.52837371826172,0.00038763080374337733,0.05707226321101189,21.01235008239746,0.7606827616691589,-0.2908664345741272,0.0,0.0
7012,1752.75,45.91907501220703,48.44102478027344,132.08041381835938,108.898681640625,111.7935562133789,0.00038778834277763963,0.0570773221552372,21.01241111755371,0.7706916928291321,-0.2335534691810608,0.0,0.0
7013,1753,46.2063102722168,47.45053482055664,129.5615997314453,108.90264892578125,112.00936126708984,0.00038793013663962483,0.05708187445998192,21.01246452331543,0.7606827616691589,-0.2503970265388489,0.0,0.0
7014,1753.25,45.96558380126953,47.478328704833984,129.72113037109375,108.90705108642578,111.71207427978516,0.0003880577569361776,0.05707872286438942,21.012514114379883,0.7706916928291321,-0.22637875378131866,0.0,0.0
7015,1753.5,45.651241302490234,47.94246292114258,130.76376342773438,108.90044403076172,111.76046752929688,0.0003888161445502192,0.05707588419318199,21.012557983398438,0.7706916928291321,-0.23077425360679626,0.0,0.0
7016,1753.75,46.1026611328125,47.910160064697266,130.09054565429688,108.89382934570312,112.65380859375,0.0003894986875820905,0.05707332864403725,21.012598037719727,0.78070068359375,-0.30218902230262756,0.0,0.0
7017,1754,45.93051528930664,47.54705810546875,129.30438232421875,108.89295196533203,112.55998229980469,0.0003901129821315408,0.057071030139923096,21.01263427734375,0.7907097339630127,-0.2948436141014099,0.0,0.0
7018,1754.25,45.95426559448242,47.916099548339844,129.57687377929688,108.90132141113281,112.31997680664062,0.0003906658384948969,0.05703270807862282,21.012666702270508,0.7907097339630127,-0.27515774965286255,0.0,0.0
7019,1754.5,46.08526611328125,47.470394134521484,127.58319091796875,108.90176391601562,112.05725860595703,0.0003956668952014297,0.05699821934103966,21.0126953125,0.7907097339630127,-0.2542753517627716,0.0,0.0
7020,1754.75,45.89604949951172,47.70827865600586,132.03384399414062,108.89647674560547,112.13874053955078,0.0004001678607892245,0.056967176496982574,21.01272201538086,0.8007187247276306,-0.26117807626724243,0.0,0.0
7021,1755,45.971073150634766,47.48826599121094,130.61721801757812,108.8898696899414,111.2310791015625,0.0004042187356390059,0.05693924054503441,21.012744903564453,0.8007187247276306,-0.1893715113401413,0.0,0.0
7022,1755.25,45.6746711730957,47.925880432128906,130.23175048828125,108.9074935913086,112.41429901123047,0.00040786451427266,0.05688509717583656,21.012765884399414,0.7706916928291321,-0.28212544322013855,0.0,0.0
7023,1755.5,45.93895721435547,48.203060150146484,133.6680145263672,108.90485382080078,112.0997314453125,0.00041114570922218263,0.05683637037873268,21.012784957885742,0.7706916928291321,-0.2573961615562439,0.0,0.0
7024,1755.75,46.17698669433594,47.704345703125,126.59017181396484,108.89559936523438,112.22467041015625,0.00041409878758713603,0.05679251626133919,21.012802124023438,0.7606827616691589,-0.26806867122650146,0.0,0.0
7025,1756,45.916324615478516,47.747840881347656,129.46771240234375,108.88898468017578,111.93824768066406,0.0004186870064586401,0.056753046810626984,21.0128173828125,0.750673770904541,-0.24586036801338196,0.0,0.0
7026,1756.25,46.01576232910156,48.00719451904297,129.72723388671875,108.90573120117188,111.83256530761719,0.00042281640344299376,0.05673927068710327,21.01283073425293,0.720646858215332,-0.23608289659023285,0.0,0.0
7027,1756.5,46.032066345214844,47.91531753540039,128.18771362304688,108.89427185058594,112.45677185058594,0.00042653284617699683,0.05672687292098999,21.012842178344727,0.720646858215332,-0.28656938672065735,0.0,0.0
7028,1756.75,46.09429168701172,48.03077697753906,131.52627563476562,108.8894271850586,112.3298568725586,0.00042987766209989786,0.0567157156765461,21.012853622436523,0.73065584897995,-0.27691298723220825,0.0,0.0
7029,1757,45.84062194824219,47.901885986328125,129.9249267578125,108.88766479492188,111.3505859375,0.00043095755972899497,0.05671292543411255,21.012863159179688,0.73065584897995,-0.19911082088947296,0.0,0.0
7030,1757.25,46.34328079223633,47.67182159423828,127.68470764160156,108.89471435546875,112.19405364990234,0.00043192945304326713,0.056710414588451385,21.01287269592285,0.7406647801399231,-0.265712171792984,0.0,0.0
7031,1757.5,45.82511901855469,47.65669250488281,130.17604064941406,108.89163208007812,112.09825134277344,0.00043280416866764426,0.05670815333724022,21.012880325317383,0.750673770904541,-0.2583596408367157,0.0,0.0
7032,1757.75,46.301578521728516,48.16066360473633,131.3766632080078,108.88722229003906,112.82714080810547,0.00043359139817766845,0.05670611932873726,21.012887954711914,0.750673770904541,-0.31641584634780884,0.0,0.0
7033,1758,46.12775421142578,47.45950698852539,128.16481018066406,108.88810729980469,112.65874481201172,0.0004342999018263072,0.056704286485910416,21.012893676757812,0.7606827616691589,-0.3030470311641693,0.0,0.0
7034,1758.25,46.054725646972656,47.84747314453125,129.83790588378906,108.89691925048828,112.41825103759766,0.00042850428144447505,0.056702639907598495,21.01289939880371,0.73065584897995,-0.28330305218696594,0.0,0.0
7035,1758.5,45.877872467041016,47.881324768066406,129.62342834472656,108.89250946044922,112.16590118408203,0.00042328820563852787,0.0566939078271389,21.01290512084961,0.750673770904541,-0.2636585533618927,0.0,0.0
7036,1758.75,45.829219818115234,47.983882904052734,130.38441467285156,108.88633728027344,113.38468170166016,0.0004143687547184527,0.056686047464609146,21.012914657592773,0.73065584897995,-0.3603697121143341,0.0,0.0
7037,1759,45.90303421020508,47.75975036621094,131.52322387695312,108.87664794921875,112.82022857666016,0.0004143687547184527,0.05667897313833237,21.01291847229004,0.750673770904541,-0.3167347013950348,0.0,0.0
7038,1759.25,45.96417999267578,47.77337646484375,131.45986938476562,108.89559936523438,111.7540512084961,0.00040151705616153777,0.056672606617212296,21.01291847229004,0.7406647801399231,-0.2306593656539917,0.0,0.0
7039,1759.5,46.288814544677734,47.76418685913086,132.3903045654297,108.88677978515625,111.83206939697266,0.0003899505245499313,0.05666687712073326,21.012922286987305,0.7406647801399231,-0.23759284615516663,0.0,0.0
7040,1759.75,45.66233444213867,48.027713775634766,129.99591064453125,108.88633728027344,112.05577850341797,0.0003795406373683363,0.05669071897864342,21.01292610168457,0.7406647801399231,-0.25541868805885315,0.0,0.0
7041,1760,46.11161804199219,47.84212875366211,131.93768310546875,108.87973022460938,112.414794921875,0.00037017176509834826,0.05671217665076256,21.012928009033203,0.7406647801399231,-0.28443482518196106,0.0,0.0
7042,1760.25,46.25910949707031,47.56554412841797,128.60903930664062,108.88854217529297,111.83602142333984,0.0003617397742345929,0.056731488555669785,21.012929916381836,0.7406647801399231,-0.2377634197473526,0.0,0.0
7043,1760.5,46.04237747192383,47.89302444458008,128.69070434570312,108.88105010986328,111.7436752319336,0.0003483654872979969,0.05674887076020241,21.01293182373047,0.7406647801399231,-0.23102203011512756,0.0,0.0
7044,1760.75,45.862125396728516,47.818153381347656,129.10592651367188,108.87708282470703,112.92443084716797,0.0003363286086823791,0.05675726756453514,21.0129337310791,0.7406647801399231,-0.32491761445999146,0.0,0.0
7045,1761,45.85913848876953,47.873008728027344,132.92230224609375,108.87223815917969,112.5145492553711,0.0003254954353906214,0.05676482245326042,21.01302146911621,0.750673770904541,-0.29294338822364807,0.0,0.0
7046,1761.25,45.560672760009766,48.0728645324707,133.1123504638672,108.88590240478516,112.2868881225586,0.00031574556487612426,0.056771621108055115,21.01310157775879,0.750673770904541,-0.2737951874732971,0.0,0.0
7047,1761.5,45.76530456542969,47.86970901489258,129.58984375,108.88017272949219,112.40985870361328,0.0003044000477530062,0.05677774176001549,21.013174057006836,0.7706916928291321,-0.2840075194835663,0.0,0.0
7048,1761.75,45.638545989990234,47.43632125854492,127.862548828125,108.87488555908203,112.4710922241211,0.000294189085252583,0.05680270865559578,21.01323890686035,0.7706916928291321,-0.2892876863479614,0.0,0.0
7049,1762,45.99247360229492,47.64308166503906,130.86070251464844,108.86782836914062,112.69676971435547,0.0002849992015399039,0.05680270865559578,21.013296127319336,0.7706916928291321,-0.30770906805992126,0.0,0.0
7050,1762.25,46.149688720703125,47.774864196777344,132.10482788085938,108.8819351196289,113.10566711425781,0.00027672830037772655,0.05682022124528885,21.013347625732422,0.7606827616691589,-0.3387966454029083,0.0,0.0
7051,1762.5,46.03789138793945,47.28959655761719,129.2196502685547,108.87003326416016,112.18170928955078,0.00026928450097329915,0.05683598294854164,21.013395309448242,0.7706916928291321,-0.26675036549568176,0.0,0.0
7052,1762.75,46.156219482421875,47.959251403808594,131.95980834960938,108.86827087402344,111.41231536865234,0.0002625850902404636,0.056850168853998184,21.013437271118164,0.7706916928291321,-0.2056298702955246,0.0,0.0
7053,1763,45.87289810180664,47.9608268737793,130.8805389404297,108.87708282470703,111.85528564453125,0.0002494876680430025,0.05686293542385101,21.01347541809082,0.750673770904541,-0.24023354053497314,0.0,0.0
7054,1763.25,45.996097564697266,47.643680572509766,133.0276336669922,108.87841033935547,112.10664367675781,0.0002376999764237553,0.05686758831143379,21.01350975036621,0.750673770904541,-0.2601066529750824,0.0,0.0
7055,1763.5,46.19660949707031,47.93288803100586,129.03952026367188,108.87091827392578,111.8197250366211,0.00022709104814566672,0.05687177553772926,21.013540267944336,0.7606827616691589,-0.23790673911571503,0.0,0.0
7056,1763.75,45.901920318603516,47.68156051635742,131.67739868164062,108.87488555908203,111.86170196533203,0.000217543012695387,0.05687554180622101,21.013568878173828,0.750673770904541,-0.240923672914505,0.0,0.0
7057,1764,46.05145263671875,47.7716064453125,127.45343780517578,108.87532043457031,112.89430236816406,0.00020381105423439294,0.05687893182039261,21.013593673706055,0.750673770904541,-0.3226863443851471,0.0,0.0
7058,1764.25,45.74882888793945,48.15549850463867,128.83877563476562,108.880615234375,112.1846694946289,0.00019145228725392371,0.05687473341822624,21.01361656188965,0.7606827616691589,-0.2661200165748596,0.0,0.0
7059,1764.5,46.14542770385742,48.12331008911133,130.56988525390625,108.87047576904297,111.63750457763672,0.00018032939988188446,0.0568709522485733,21.01363754272461,0.750673770904541,-0.22342440485954285,0.0,0.0
7060,1764.75,45.80350875854492,47.89893341064453,128.60751342773438,108.87796783447266,111.6345443725586,0.00017031880270224065,0.05686755105853081,21.013656616210938,0.7406647801399231,-0.22257621586322784,0.0,0.0
7061,1765,46.027313232421875,47.51182556152344,128.1884765625,108.86298370361328,112.03009796142578,0.00016452085401397198,0.05686448886990547,21.013673782348633,0.7406647801399231,-0.25528767704963684,0.0,0.0
7062,1765.25,45.92416000366211,47.69488525390625,129.77455139160156,108.87223815917969,111.61775207519531,0.00015930269728414714,0.05686173215508461,21.013689041137695,0.7406647801399231,-0.22170525789260864,0.0,0.0
7063,1765.5,45.91133499145508,47.75322723388672,125.68492889404297,108.85725402832031,111.68244171142578,0.0001546063576824963,0.05686650425195694,21.013702392578125,0.750673770904541,-0.22808845341205597,0.0,0.0
7064,1765.75,45.70637130737305,48.120540618896484,131.6041259765625,108.85901641845703,112.22763061523438,0.00015037965204101056,0.056870799511671066,21.013713836669922,0.750673770904541,-0.27129441499710083,0.0,0.0
7065,1766,45.98090744018555,47.9664192199707,130.15008544921875,108.86033630371094,112.63652801513672,0.0001549278385937214,0.05687466263771057,21.01372528076172,0.7406647801399231,-0.3035619854927063,0.0,0.0
7066,1766.25,46.15950012207031,47.51346969604492,131.3064422607422,108.86695098876953,112.38170623779297,0.00015902120503596961,0.056878142058849335,21.013734817504883,0.7406647801399231,-0.28285884857177734,0.0,0.0
7067,1766.5,46.09428024291992,47.85737991333008,126.41080474853516,108.86209869384766,111.458740234375,0.0001627052406547591,0.05686677247285843,21.013742446899414,0.7406647801399231,-0.2098434716463089,0.0,0.0
7068,1766.75,45.45820999145508,47.515689849853516,133.33447265625,108.85725402832031,111.937255859375,0.00016602086543571204,0.056856539100408554,21.013750076293945,0.73065584897995,-0.24837584793567657,0.0,0.0
7069,1767,45.878684997558594,48.17551803588867,130.69049072265625,108.86254119873047,112.55207824707031,0.00017928962188307196,0.056847330182790756,21.013757705688477,0.73065584897995,-0.2967047393321991,0.0,0.0
7070,1767.25,45.94314193725586,47.70349884033203,130.9980926513672,108.86430358886719,111.76589965820312,0.00019123150559607893,0.05683904141187668,21.013763427734375,0.7406647801399231,-0.23416194319725037,0.0,0.0
7071,1767.5,46.05097198486328,48.051239013671875,131.31866455078125,108.86122131347656,111.372314453125,0.0002019792009377852,0.05683158338069916,21.013769149780273,0.7406647801399231,-0.2030097246170044,0.0,0.0
7072,1767.75,45.74350357055664,47.58564376831055,128.89450073242188,108.84711456298828,111.86713409423828,0.00021165212092455477,0.056817617267370224,21.013774871826172,0.720646858215332,-0.24362698197364807,0.0,0.0
7073,1768,45.883609771728516,47.89152908325195,132.30862426757812,108.848876953125,111.98417663574219,0.00022035774600226432,0.056805048137903214,21.013778686523438,0.73065584897995,-0.25279203057289124,0.0,0.0
7074,1768.25,45.8072395324707,47.932334899902344,127.8564453125,108.85990142822266,112.14714050292969,0.00024169999232981354,0.05679373815655708,21.013782501220703,0.750673770904541,-0.2648353576660156,0.0,0.0
7075,1768.5,45.871273040771484,47.73694610595703,129.2998046875,108.85636901855469,111.74910736083984,0.0002609080111142248,0.05678355693817139,21.01378631591797,0.750673770904541,-0.23347285389900208,0.0,0.0
7076,1768.75,46.02411651611328,47.885135650634766,127.88162994384766,108.84711456298828,111.94022369384766,0.0002781952207442373,0.05677439644932747,21.013790130615234,0.7706916928291321,-0.2494415044784546,0.0,0.0
7077,1769,46.48910903930664,47.87239456176758,130.91030883789062,108.8475570678711,112.17726135253906,0.00029375372105278075,0.05676615238189697,21.0137939453125,0.750673770904541,-0.268235445022583,0.0,0.0
7078,1769.25,45.85200500488281,48.24223327636719,129.2082061767578,108.85417175292969,111.8049087524414,0.00030775635968893766,0.056758731603622437,21.013795852661133,0.7606827616691589,-0.2380969524383545,0.0,0.0
7079,1769.5,46.100128173828125,48.09435272216797,130.9637451171875,108.85372924804688,112.67060089111328,0.0003203587548341602,0.056752052158117294,21.013797760009766,0.7606827616691589,-0.30679458379745483,0.0,0.0
7080,1769.75,46.050537109375,47.588443756103516,130.76910400390625,108.86122131347656,112.43207550048828,0.0003465515037532896,0.05674603953957558,21.0137996673584,0.78070068359375,-0.28731632232666016,0.0,0.0
7081,1770,46.13994216918945,47.79628372192383,129.47154235839844,108.8656234741211,111.76441955566406,0.00037012496613897383,0.05674063041806221,21.01380157470703,0.7706916928291321,-0.2339358627796173,0.0,0.0
7082,1770.25,46.30043029785156,47.60388946533203,128.38462829589844,108.8466796875,112.39207458496094,0.00039134107646532357,0.05673576146364212,21.013803482055664,0.750673770904541,-0.2853376567363739,0.0,0.0
7083,1770.5,45.96400451660156,47.79840850830078,131.14845275878906,108.83477783203125,111.86614990234375,0.00041043557575903833,0.056738629937171936,21.013805389404297,0.750673770904541,-0.24455735087394714,0.0,0.0
7084,1770.75,46.1724853515625,48.1636962890625,129.73410034179688,108.8387451171875,112.48343658447266,0.0004276206309441477,0.05674121156334877,21.01380729675293,0.750673770904541,-0.29322031140327454,0.0,0.0
7085,1771,45.94239044189453,47.89242172241211,129.8394317626953,108.84490966796875,112.19355773925781,0.00044308719225227833,0.05674353614449501,21.013809204101562,0.750673770904541,-0.2697453796863556,0.0,0.0
7086,1771.25,46.07969284057617,48.029537200927734,127.15957641601562,108.8466796875,112.17182922363281,0.0004608706512954086,0.05674562603235245,21.013811111450195,0.750673770904541,-0.26787620782852173,0.0,0.0
7087,1771.5,45.94343948364258,47.654884338378906,131.16065979003906,108.85460662841797,112.97134399414062,0.0004768757789861411,0.05674750730395317,21.013660430908203,0.750673770904541,-0.3304528594017029,0.0,0.0
7088,1771.75,45.77370834350586,47.82328414916992,130.1142120361328,108.83433532714844,112.30565643310547,0.0004912803997285664,0.05674920231103897,21.01352310180664,0.7606827616691589,-0.27950021624565125,0.0,0.0
7089,1772,46.37509536743164,48.1674690246582,127.37100219726562,108.84138488769531,111.96836853027344,0.0005042445263825357,0.056765228509902954,21.01340103149414,0.78070068359375,-0.25214794278144836,0.0,0.0
7090,1772.25,45.77777862548828,48.043697357177734,128.9387664794922,108.84314727783203,111.5654067993164,0.0005184888723306358,0.0567796491086483,21.013290405273438,0.7706916928291321,-0.21990866959095,0.0,0.0
7091,1772.5,45.778717041015625,47.57484436035156,127.78469848632812,108.83741760253906,112.02466583251953,0.0005313088186085224,0.05679262802004814,21.01319122314453,0.78070068359375,-0.25694721937179565,0.0,0.0
7092,1772.75,45.84135437011719,47.9442138671875,132.6864471435547,108.82640075683594,111.60293579101562,0.0005428467411547899,0.05680431053042412,21.01310157775879,0.8007187247276306,-0.22427214682102203,0.0,0.0
7093,1773,45.80099105834961,47.31844711303711,133.6619110107422,108.83036804199219,111.8375015258789,0.0005532308714464307,0.05681482329964638,21.01302146911621,0.7907097339630127,-0.24263836443424225,0.0,0.0
7094,1773.25,46.134979248046875,47.76762771606445,125.90550994873047,108.82992553710938,112.11207580566406,0.0005625765770673752,0.05682428553700447,21.012948989868164,0.78070068359375,-0.26450300216674805,0.0,0.0
7095,1773.5,45.765281677246094,48.04750061035156,128.49911499023438,108.82420349121094,112.02220153808594,0.0005729202530346811,0.056832801550626755,21.01288414001465,0.78070068359375,-0.25783199071884155,0.0,0.0
7096,1773.75,45.874351501464844,48.024559020996094,129.23416137695312,108.82067108154297,112.41331481933594,0.0005822295788675547,0.05684046447277069,21.01282501220703,0.78070068359375,-0.28914737701416016,0.0,0.0
7097,1774,46.443965911865234,47.46567153930664,128.10145568847656,108.848876953125,112.57035064697266,0.0005906079313717782,0.056839700788259506,21.012771606445312,0.78070068359375,-0.29926759004592896,0.0,0.0
7098,1774.25,46.352596282958984,47.84571075439453,128.4029541015625,108.8294906616211,111.7288589477539,0.0005981484428048134,0.05683901160955429,21.012723922729492,0.7706916928291321,-0.23405788838863373,0.0,0.0
7099,1774.5,45.691551208496094,47.50857925415039,132.88719177246094,108.82243347167969,112.22417449951172,0.0005997818661853671,0.056838393211364746,21.01268196105957,0.7706916928291321,-0.27401241660118103,0.0,0.0
7100,1774.75,46.20272445678711,48.07834243774414,130.35540771484375,108.82420349121094,112.20294189453125,0.0006012519588693976,0.05683783441781998,21.012643814086914,0.7606827616691589,-0.272183358669281,0.0,0.0
7101,1775,46.09800338745117,47.37644958496094,128.7395477294922,108.82640075683594,111.89874267578125,0.0006025750190019608,0.056837331503629684,21.012609481811523,0.7606827616691589,-0.24783624708652496,0.0,0.0
7102,1775.25,45.8660888671875,48.038490295410156,131.78578186035156,108.82376098632812,112.13528442382812,0.0006037657731212676,0.05683688074350357,21.0125789642334,0.7706916928291321,-0.2668498456478119,0.0,0.0
7103,1775.5,45.66848373413086,47.620418548583984,134.56944274902344,108.8140640258789,112.44639587402344,0.0005951794446446002,0.05683647468686104,21.012550354003906,0.7706916928291321,-0.2923072874546051,0.0,0.0
7104,1775.75,45.66681671142578,47.65428924560547,130.14932250976562,108.82728576660156,112.63652801513672,0.0005874517373740673,0.05683610960841179,21.01252555847168,0.78070068359375,-0.3062651455402374,0.0,0.0
7105,1776,45.85902404785156,47.61651611328125,132.67576599121094,108.82111358642578,112.29874420166016,0.0005874517373740673,0.05684303119778633,21.01252555847168,0.78070068359375,-0.28003352880477905,0.0,0.0
7106,1776.25,46.18015670776367,47.452579498291016,129.51580810546875,108.82904815673828,112.0780029296875,0.0005804967950098217,0.05684925988316536,21.012502670288086,0.8107276558876038,-0.26186928153038025,0.0,0.0
7107,1776.5,46.05984115600586,47.45097351074219,130.03407287597656,108.81450653076172,112.16194915771484,0.0005742373177781701,0.056854866445064545,21.012481689453125,0.8007187247276306,-0.269723504781723,0.0,0.0
7108,1776.75,46.094879150390625,47.68901062011719,126.26730346679688,108.81494140625,112.2868881225586,0.0005635336274281144,0.05685991048812866,21.0124454498291,0.7907097339630127,-0.27959877252578735,0.0,0.0
7109,1777,45.90297317504883,47.94637680053711,130.48822021484375,108.8136215209961,111.93379974365234,0.0005635336274281144,0.056849949061870575,21.0124454498291,0.7907097339630127,-0.2516697943210602,0.0,0.0
7110,1777.25,45.62036895751953,48.51462173461914,133.9939422607422,108.81626892089844,112.47750854492188,0.0005403126706369221,0.056840986013412476,21.01243019104004,0.7907097339630127,-0.29458966851234436,0.0,0.0
7111,1777.5,46.11565017700195,47.582298278808594,131.79800415039062,108.812744140625,112.56936645507812,0.0005194137920625508,0.05683291703462601,21.01241683959961,0.7907097339630127,-0.3021451234817505,0.0,0.0
7112,1777.75,45.55228805541992,47.97560119628906,129.99362182617188,108.80789184570312,111.95750427246094,0.0005006048013456166,0.056825656443834305,21.012405395507812,0.7907097339630127,-0.2540236711502075,0.0,0.0
7113,1778,45.76462173461914,47.845306396484375,132.35443115234375,108.81671142578125,111.28688049316406,0.0004836767038796097,0.05684087425470352,21.012393951416016,0.8107276558876038,-0.1998189240694046,0.0,0.0
7114,1778.25,46.16714859008789,47.56852722167969,129.99131774902344,108.82376098632812,111.98713684082031,0.0004587976145558059,0.05685456842184067,21.01238441467285,0.8107276558876038,-0.25508126616477966,0.0,0.0
7115,1778.5,45.95245361328125,47.41633987426758,132.50173950195312,108.81230163574219,111.7540512084961,0.00043640643707476556,0.05686689540743828,21.012374877929688,0.8007187247276306,-0.2374713122844696,0.0,0.0
7116,1778.75,45.8918571472168,47.94564437866211,127.95567321777344,108.8061294555664,112.30713653564453,0.000416254362789914,0.0568779893219471,21.012367248535156,0.7907097339630127,-0.2819250226020813,0.0,0.0
7117,1779,46.626136779785156,47.57506561279297,131.54000854492188,108.81053924560547,113.09529113769531,0.0003981174959335476,0.0568779893219471,21.012359619140625,0.8207366466522217,-0.3438188433647156,0.0,0.0
7118,1779.25,45.3238410949707,47.43635177612305,129.2051544189453,108.81098175048828,112.58319091796875,0.00037601072108373046,0.056887973099946976,21.012353897094727,0.8507636189460754,-0.3033824563026428,0.0,0.0
7119,1779.5,46.07273864746094,48.01660919189453,129.6219024658203,108.80084228515625,112.7278823852539,0.00035611464409157634,0.05688970535993576,21.012348175048828,0.8507636189460754,-0.31564557552337646,0.0,0.0
7120,1779.75,45.9932975769043,47.886940002441406,129.37689208984375,108.81141662597656,112.92294311523438,0.00033820816315710545,0.056892670691013336,21.01234245300293,0.8407545685768127,-0.33017095923423767,0.0,0.0
7121,1780,45.6767692565918,48.145835876464844,132.57119750976562,108.82111358642578,111.91799926757812,0.00032209232449531555,0.056892670691013336,21.012338638305664,0.8307456374168396,-0.24980054795742035,0.0,0.0
7122,1780.25,46.34909439086914,47.79328155517578,132.4116668701172,108.80260467529297,111.66416931152344,0.00030758808134123683,0.056893933564424515,21.0123348236084,0.8207366466522217,-0.2311020940542221,0.0,0.0
7123,1780.5,45.761390686035156,47.616817474365234,129.0051727294922,108.80436706542969,112.42861938476562,0.0002958191907964647,0.056895069777965546,21.012331008911133,0.8207366466522217,-0.29169324040412903,0.0,0.0
7124,1780.75,46.043338775634766,47.945762634277344,130.7332305908203,108.80216217041016,111.66861724853516,0.0002852271718438715,0.056874342262744904,21.012327194213867,0.8007187247276306,-0.2314925491809845,0.0,0.0
7125,1781,46.34568786621094,47.214752197265625,131.51405334472656,108.82904815673828,112.05973052978516,0.00027569435769692063,0.056855689734220505,21.0123233795166,0.8007187247276306,-0.26041752099990845,0.0,0.0
7126,1781.25,45.78436279296875,47.76573181152344,130.25160217285156,108.81494140625,112.32936096191406,0.0002671148395165801,0.05683889985084534,21.01232147216797,0.78070068359375,-0.2829650938510895,0.0,0.0
7127,1781.5,45.82491683959961,47.77068328857422,129.31201171875,108.81538391113281,112.39454650878906,0.00025939327315427363,0.056823790073394775,21.012319564819336,0.7706916928291321,-0.2880934178829193,0.0,0.0
7128,1781.75,46.041622161865234,48.17815399169922,133.03221130371094,108.8294906616211,111.61775207519531,0.0002607994538266212,0.056802939623594284,21.012317657470703,0.7907097339630127,-0.2252010554075241,0.0,0.0
7129,1782,45.95423889160156,48.019805908203125,129.5806884765625,108.83301544189453,111.88688659667969,0.00026206503389403224,0.05678417533636093,21.01231575012207,0.7907097339630127,-0.24635183811187744,0.0,0.0
7130,1782.25,46.023338317871094,48.1999397277832,130.91107177734375,108.82243347167969,111.20787048339844,0.00026320404140278697,0.056767288595438004,21.012313842773438,0.7706916928291321,-0.19302867352962494,0.0,0.0
7131,1782.5,46.04619216918945,47.972293853759766,130.42181396484375,108.8294906616211,112.09429931640625,0.0002642291656229645,0.05675208941102028,21.012311935424805,0.7706916928291321,-0.26312729716300964,0.0,0.0
7132,1782.75,45.900447845458984,47.62374496459961,127.0321044921875,108.83654022216797,111.91947937011719,0.00027801358373835683,0.05673841014504433,21.012310028076172,0.78070068359375,-0.2486562877893448,0.0,0.0
7133,1783,45.686553955078125,47.601341247558594,127.09622192382812,108.85196685791016,111.6133041381836,0.00029041958623565733,0.05674785003066063,21.01230812072754,0.7706916928291321,-0.2230082005262375,0.0,0.0
7134,1783.25,45.7636604309082,47.99842834472656,128.55484008789062,108.84535217285156,112.36688995361328,0.00030158497975207865,0.05675634741783142,21.012306213378906,0.78070068359375,-0.28345149755477905,0.0,0.0
7135,1783.5,46.30063247680664,47.70928955078125,129.73715209960938,108.84535217285156,113.04541778564453,0.00031163383391685784,0.05676399543881416,21.012304306030273,0.78070068359375,-0.3370446562767029,0.0,0.0
7136,1783.75,45.77712631225586,47.72441864013672,129.00364685058594,108.84711456298828,111.79158020019531,0.0003206777910236269,0.05677087977528572,21.012304306030273,0.78070068359375,-0.23761245608329773,0.0,0.0
7137,1784,45.427589416503906,48.131221771240234,127.7930908203125,108.86871337890625,112.56195831298828,0.000328817346598953,0.05679157376289368,21.012304306030273,0.7706916928291321,-0.2969812750816345,0.0,0.0
7138,1784.25,46.347190856933594,47.60905075073242,129.66311645507812,108.86298370361328,111.502685546875,0.000352232571458444,0.056810200214385986,21.012304306030273,0.78070068359375,-0.21328023076057434,0.0,0.0
7139,1784.5,46.661033630371094,47.540283203125,132.09033203125,108.87664794921875,111.57972717285156,0.00037330627674236894,0.056826964020729065,21.012304306030273,0.7706916928291321,-0.21831145882606506,0.0,0.0
7140,1784.75,46.44852066040039,48.052642822265625,127.88086700439453,108.88017272949219,112.11652374267578,0.00039227260276675224,0.056842051446437836,21.012304306030273,0.750673770904541,-0.2607469856739044,0.0,0.0
7141,1785,45.63970184326172,47.633182525634766,130.4866943359375,108.8907470703125,111.48638916015625,0.00040934229036793113,0.05685563012957573,21.012304306030273,0.750673770904541,-0.2097092866897583,0.0,0.0
7142,1785.25,46.00993728637695,47.8606071472168,132.4002227783203,108.88105010986328,111.30021667480469,0.00043114417348988354,0.0568896047770977,21.012304306030273,0.750673770904541,-0.19562363624572754,0.0,0.0
7143,1785.5,46.0147819519043,47.644596099853516,129.9653778076172,108.88017272949219,112.16194915771484,0.00045076588867232203,0.05692018195986748,21.012304306030273,0.7406647801399231,-0.2643532156944275,0.0,0.0
7144,1785.75,46.05837631225586,47.64072036743164,125.27733612060547,108.89118957519531,112.3802261352539,0.00046842542360536754,0.056947700679302216,21.012304306030273,0.750673770904541,-0.28075963258743286,0.0,0.0
7145,1786,45.87055206298828,47.813262939453125,129.19676208496094,108.89515686035156,111.96392822265625,0.00048431899631395936,0.05697246640920639,21.012304306030273,0.73065584897995,-0.24739815294742584,0.0,0.0
7146,1786.25,45.82162094116211,47.66954803466797,132.8772735595703,108.8907470703125,112.1629409790039,0.0005031325272284448,0.05699475482106209,21.012304306030273,0.7406647801399231,-0.2635672688484192,0.0,0.0
7147,1786.5,45.731502532958984,48.06120681762695,129.9081268310547,108.9066162109375,112.70368194580078,0.0005200646701268852,0.05704382434487343,21.012304306030273,0.750673770904541,-0.3050839602947235,0.0,0.0
7148,1786.75,45.87150192260742,47.67496871948242,125.7872085571289,108.90485382080078,112.44639587402344,0.0005353036103770137,0.057087987661361694,21.012304306030273,0.7406647801399231,-0.28488293290138245,0.0,0.0
7149,1787,46.06977844238281,47.788516998291016,127.40153503417969,108.9088134765625,112.50466918945312,0.0005490186740644276,0.057127732783555984,21.012304306030273,0.73065584897995,-0.2891714870929718,0.0,0.0
7150,1787.25,46.391258239746094,47.75391387939453,132.02850341796875,108.89779663085938,112.41232299804688,0.000568449730053544,0.057163503021001816,21.012304306030273,0.7406647801399231,-0.28276190161705017,0.0,0.0
7151,1787.5,46.16048812866211,47.976871490478516,130.8782501220703,108.90176391601562,112.50911712646484,0.0005859376979060471,0.057195696979761124,21.012304306030273,0.720646858215332,-0.29009950160980225,0.0,0.0
7152,1787.75,45.688533782958984,48.03024673461914,127.56487274169922,108.9154281616211,113.05628204345703,0.000601676874794066,0.05722467228770256,21.012304306030273,0.7106378078460693,-0.33217060565948486,0.0,0.0
7153,1788,45.75626754760742,47.97185134887695,128.12359619140625,108.91322326660156,112.86516571044922,0.0006158421165309846,0.057250749319791794,21.012304306030273,0.720646858215332,-0.3172900676727295,0.0,0.0
7154,1788.25,46.18075180053711,47.97340774536133,130.5653076171875,108.91631317138672,112.762451171875,0.0006285908748395741,0.057274218648672104,21.012304306030273,0.73065584897995,-0.3089323341846466,0.0,0.0
7155,1788.5,45.94486999511719,47.71253204345703,130.77291870117188,108.91498565673828,112.87257385253906,0.0006490890518762171,0.05729534104466438,21.012304306030273,0.720646858215332,-0.3177299499511719,0.0,0.0
7156,1788.75,45.76972198486328,47.79558181762695,131.68731689453125,108.92027282714844,111.98664093017578,0.0006675374461337924,0.057292595505714417,21.012304306030273,0.720646858215332,-0.2471504807472229,0.0,0.0
7157,1789,46.171531677246094,48.002723693847656,126.8779296875,108.92996978759766,112.46862030029297,0.0006841410067863762,0.057290125638246536,21.012304306030273,0.7106378078460693,-0.2845892906188965,0.0,0.0
7158,1789.25,46.375370025634766,47.84474563598633,131.1751708984375,108.9246826171875,112.35059356689453,0.0006990841939114034,0.057287901639938354,21.012304306030273,0.720646858215332,-0.27567440271377563,0.0,0.0
7159,1789.5,46.218597412109375,47.89857482910156,132.5414276123047,108.93834686279297,112.06861877441406,0.0007170468452386558,0.05728590115904808,21.012304306030273,0.7106378078460693,-0.2521877884864807,0.0,0.0
7160,1789.75,46.081119537353516,48.001338958740234,131.33087158203125,108.93834686279297,113.04591369628906,0.0007332132081501186,0.05730585381388664,21.012304306030273,0.720646858215332,-0.3294815719127655,0.0,0.0
7161,1790,45.64847183227539,47.60637664794922,124.54764556884766,108.93746185302734,112.68985748291016,0.0007477629114873707,0.05732381343841553,21.012304306030273,0.720646858215332,-0.3014710545539856,0.0,0.0
7162,1790.25,45.941226959228516,47.8023796081543,133.74893188476562,108.93173217773438,112.47207641601562,0.0007608576561324298,0.057339977473020554,21.012304306030273,0.73065584897995,-0.2847186028957367,0.0,0.0
7163,1790.5,46.097076416015625,47.5089225769043,126.7306137084961,108.93305969238281,112.45380401611328,0.0007726429612375796,0.05735452473163605,21.012304306030273,0.720646858215332,-0.2831639051437378,0.0,0.0
7164,1790.75,45.988380432128906,48.12950134277344,130.5309600830078,108.93966674804688,112.71751403808594,0.0007832497358322144,0.05736761540174484,21.012304306030273,0.73065584897995,-0.3034752309322357,0.0,0.0
7165,1791,46.149330139160156,48.205726623535156,128.95785522460938,108.94628143310547,112.2212142944336,0.0007869928376749158,0.05735764279961586,21.012304306030273,0.720646858215332,-0.2636525332927704,0.0,0.0
7166,1791.25,46.170082092285156,47.977603912353516,128.15489196777344,108.95641326904297,112.39652252197266,0.0007903616060502827,0.057348668575286865,21.012304306030273,0.73065584897995,-0.2767203450202942,0.0,0.0
7167,1791.5,46.06304168701172,47.89436721801758,126.58712005615234,108.94319152832031,111.38960266113281,0.0007933935266919434,0.0573405921459198,21.012304306030273,0.7406647801399231,-0.1976909339427948,0.0,0.0
7168,1791.75,46.23060989379883,47.6690673828125,130.78436279296875,108.96346282958984,111.60441589355469,0.0007961222436279058,0.0573333203792572,21.012304306030273,0.7606827616691589,-0.21318568289279938,0.0,0.0
7169,1792,46.30502700805664,47.99226760864258,128.40219116210938,108.95685577392578,112.11849212646484,0.000798578083049506,0.057305023074150085,21.012304306030273,0.750673770904541,-0.2546362280845642,0.0,0.0
7170,1792.25,45.979408264160156,48.052310943603516,129.0341796875,108.9418716430664,112.36590576171875,0.0007891868590377271,0.0572795532643795,21.012304306030273,0.7406647801399231,-0.2754828631877899,0.0,0.0
7171,1792.5,45.986576080322266,47.85208511352539,129.99591064453125,108.95377349853516,112.82170867919922,0.0007807347574271262,0.057256631553173065,21.012304306030273,0.73065584897995,-0.3105475604534149,0.0,0.0
7172,1792.75,46.44093704223633,48.27322006225586,127.58090209960938,108.9586181640625,113.24492645263672,0.0007731278310529888,0.05723600089550018,21.012304306030273,0.750673770904541,-0.34348297119140625,0.0,0.0
7173,1793,46.24757766723633,47.92748260498047,133.69015502929688,108.95641326904297,111.97577667236328,0.0007662816205993295,0.05721743404865265,21.012304306030273,0.750673770904541,-0.2433336079120636,0.0,0.0
7174,1793.25,45.95783233642578,47.93294906616211,129.78753662109375,108.95950317382812,113.23307037353516,0.0007601200486533344,0.057222478091716766,21.012304306030273,0.7406647801399231,-0.34247878193855286,0.0,0.0
7175,1793.5,45.9921989440918,47.69915771484375,131.7079315185547,108.96566772460938,112.22960662841797,0.0007462002104148269,0.05722701922059059,21.012304306030273,0.7406647801399231,-0.2627343535423279,0.0,0.0
7176,1793.75,45.953826904296875,48.206138610839844,129.07005310058594,108.97228240966797,112.26960754394531,0.000733672350179404,0.057231105864048004,21.012304306030273,0.750673770904541,-0.2653661370277405,0.0,0.0
7177,1794,46.677249908447266,47.97441101074219,127.99612426757812,108.96919250488281,112.81825256347656,0.0007223972934298217,0.057234782725572586,21.012304306030273,0.750673770904541,-0.30901527404785156,0.0,0.0
7178,1794.25,45.955631256103516,48.07161331176758,129.4921417236328,108.966552734375,113.6513442993164,0.0007122497772797942,0.05723809450864792,21.012304306030273,0.73065584897995,-0.3747253119945526,0.0,0.0
7179,1794.5,46.450462341308594,47.77897644042969,127.28093719482422,108.9753646850586,112.14269256591797,0.0007031169952824712,0.05724107474088669,21.012304306030273,0.73065584897995,-0.25504520535469055,0.0,0.0
7180,1794.75,46.2507209777832,48.09516143798828,130.1981658935547,108.97801208496094,112.57134246826172,0.0006884585018269718,0.057236503809690475,21.012304306030273,0.73065584897995,-0.28879112005233765,0.0,0.0
7181,1795,46.29035568237305,48.16738510131836,132.34373474121094,108.99034881591797,111.83849334716797,0.0006752658518962562,0.057232391089200974,21.01236915588379,0.750673770904541,-0.22964061796665192,0.0,0.0
7182,1795.25,46.02831268310547,48.29982376098633,129.38299560546875,108.97977447509766,112.89825439453125,0.0006633924786001444,0.0572286881506443,21.012428283691406,0.73065584897995,-0.31446152925491333,0.0,0.0
7183,1795.5,46.59980392456055,47.742958068847656,130.5126495361328,108.984619140625,111.90318298339844,0.0006527064833790064,0.05722535401582718,21.012481689453125,0.73065584897995,-0.2352563887834549,0.0,0.0
7184,1795.75,46.36553192138672,48.16392135620117,126.23371887207031,108.99166870117188,112.55455017089844,0.0006430890643969178,0.05722235515713692,21.012529373168945,0.73065584897995,-0.2863474488258362,0.0,0.0
7185,1796,46.22830581665039,47.98092269897461,131.4453582763672,109.00533294677734,112.85331726074219,0.0006267089047469199,0.05723416060209274,21.012571334838867,0.720646858215332,-0.3088296055793762,0.0,0.0
7186,1796.25,46.112003326416016,48.00990295410156,128.8509979248047,108.9938735961914,112.4780044555664,0.0006119667668826878,0.057244785130023956,21.012609481811523,0.73065584897995,-0.28011125326156616,0.0,0.0
7187,1796.5,45.992027282714844,48.082763671875,128.7334442138672,108.99607849121094,112.54071807861328,0.0005986987962387502,0.05725434795022011,21.012643814086914,0.7406647801399231,-0.28489333391189575,0.0,0.0
7188,1796.75,46.14752197265625,48.003807067871094,133.69778442382812,109.00621795654297,112.15701293945312,0.0005867576692253351,0.057262953370809555,21.01267433166504,0.73065584897995,-0.25366222858428955,0.0,0.0
7189,1797,46.07188415527344,47.93729782104492,128.95632934570312,108.99872589111328,113.1318359375,0.0005663593765348196,0.05727069824934006,21.01270294189453,0.73065584897995,-0.33131250739097595,0.0,0.0
7190,1797.25,45.98994827270508,48.234798431396484,127.94498443603516,109.00621795654297,112.44096374511719,0.0005480009131133556,0.05727766826748848,21.012727737426758,0.73065584897995,-0.2761707901954651,0.0,0.0
7191,1797.5,45.79859924316406,47.90005111694336,128.51515197753906,109.00885772705078,112.45775604248047,0.0005314783193171024,0.05728394165635109,21.01275062561035,0.720646858215332,-0.2772846519947052,0.0,0.0
7192,1797.75,46.390560150146484,48.059871673583984,131.8415069580078,109.0198745727539,112.62368774414062,0.000516607949975878,0.05728958919644356,21.012771606445312,0.720646858215332,-0.28951025009155273,0.0,0.0
7193,1798,46.26630401611328,48.1788444519043,131.7239532470703,109.0185546875,112.66912078857422,0.0005032246699556708,0.05729467049241066,21.01279067993164,0.720646858215332,-0.2932087779045105,0.0,0.0
7194,1798.25,46.07630920410156,48.20989990234375,133.12762451171875,109.02163696289062,112.1846694946289,0.0004911797004751861,0.05729924514889717,21.012807846069336,0.73065584897995,-0.2545974552631378,0.0,0.0
7195,1798.5,46.41141891479492,48.591800689697266,125.93909454345703,109.02031707763672,112.86170959472656,0.00047069319407455623,0.05728885531425476,21.0128231048584,0.7406647801399231,-0.3082682490348816,0.0,0.0
7196,1798.75,46.27128219604492,48.17190170288086,128.83953857421875,109.0353012084961,112.84294891357422,0.0004522553354036063,0.05727950483560562,21.012836456298828,0.73065584897995,-0.3055649697780609,0.0,0.0
7197,1799,46.18855285644531,47.89527893066406,130.0638427734375,109.03353881835938,112.17923736572266,0.00043566126259975135,0.057271089404821396,21.012847900390625,0.720646858215332,-0.2531949281692505,0.0,0.0
7198,1799.25,46.40334701538086,48.41204071044922,129.20057678222656,109.0278091430664,111.762939453125,0.000420726602897048,0.05726351588964462,21.012859344482422,0.720646858215332,-0.22056567668914795,0.0,0.0
7199,1799.5,46.376861572265625,48.18266296386719,129.2303466796875,109.0445556640625,112.57134246826172,0.00040664224070496857,0.05725669860839844,21.012868881225586,0.73065584897995,-0.2833567261695862,0.0,0.0
7200,1799.75,46.4625129699707,47.95405578613281,128.92579650878906,109.04412078857422,111.83355712890625,0.00039396630018018186,0.05723606422543526,21.012876510620117,0.73065584897995,-0.22485710680484772,0.0,0.0
7201,1800,46.37202835083008,48.1407470703125,134.23208618164062,109.04235076904297,112.32294464111328,0.0003825579769909382,0.057217493653297424,21.01288414001465,0.73065584897995,-0.2638722360134125,0.0,0.0
7202,1800.25,46.33985900878906,48.07156753540039,131.1873779296875,109.0357437133789,112.75849914550781,0.00037229046574793756,0.057200778275728226,21.01289176940918,0.7106378078460693,-0.2988642752170563,0.0,0.0
7203,1800.5,45.8807373046875,48.41912078857422,131.1873779296875,109.03618621826172,111.80935668945312,0.0003669075667858124,0.057185735553503036,21.012897491455078,0.720646858215332,-0.22357839345932007,0.0,0.0
7204,1800.75,45.986568450927734,48.17958068847656,129.0776824951172,109.05777740478516,112.42664337158203,0.0003620629431679845,0.05717944726347923,21.012903213500977,0.7406647801399231,-0.2708278000354767,0.0,0.0
7205,1801,46.216773986816406,47.855308532714844,130.41799926757812,109.05337524414062,111.97725677490234,0.0003577027819119394,0.05717378854751587,21.012908935546875,0.7406647801399231,-0.23553261160850525,0.0,0.0
7206,1801.25,46.26238250732422,47.9986457824707,130.87977600097656,109.04412078857422,112.75652313232422,0.00035377865424379706,0.05716869607567787,21.01291275024414,0.7406647801399231,-0.2980242073535919,0.0,0.0
7207,1801.5,45.98243713378906,48.182865142822266,130.97824096679688,109.0591049194336,112.10022735595703,0.0003502469335217029,0.057164113968610764,21.012916564941406,0.750673770904541,-0.2448355108499527,0.0,0.0
7208,1801.75,46.289615631103516,47.52046585083008,129.9867401123047,109.06306457519531,112.979736328125,0.00035028395359404385,0.057159990072250366,21.012920379638672,0.7406647801399231,-0.3140828013420105,0.0,0.0
7209,1802,46.148494720458984,48.23453140258789,128.96319580078125,109.05953979492188,113.42961883544922,0.0003503172774799168,0.0571562759578228,21.012924194335938,0.73065584897995,-0.3497477173805237,0.0,0.0
7210,1802.25,45.35428237915039,47.51890182495117,128.48919677734375,109.06482696533203,112.22417449951172,0.0003503472835291177,0.05713843181729317,21.012928009033203,0.73065584897995,-0.25420600175857544,0.0,0.0
7211,1802.5,45.545509338378906,47.41655349731445,128.26937866210938,109.06218719482422,112.85084533691406,0.00035037429188378155,0.0571223720908165,21.012929916381836,0.73065584897995,-0.30399295687675476,0.0,0.0
7212,1802.75,45.37135314941406,47.30783462524414,132.07200622558594,109.08025360107422,112.87257385253906,0.0003503985935822129,0.057107917964458466,21.01293182373047,0.7406647801399231,-0.3042323589324951,0.0,0.0
7213,1803,45.539649963378906,47.1262092590332,128.3930206298828,109.06394958496094,112.06368255615234,0.00035042045055888593,0.05709490925073624,21.0129337310791,0.7406647801399231,-0.24153754115104675,0.0,0.0
7214,1803.25,44.9086799621582,46.759864807128906,128.9044189453125,109.06526947021484,111.87059020996094,0.0003459387517068535,0.057054199278354645,21.012935638427734,0.7406647801399231,-0.2260783314704895,0.0,0.0
7215,1803.5,45.80835723876953,47.372379302978516,128.49224853515625,109.06615447998047,112.18121337890625,0.00034190522274002433,0.05701756104826927,21.012937545776367,0.7406647801399231,-0.25068899989128113,0.0,0.0
7216,1803.75,45.185447692871094,47.72075271606445,128.05032348632812,109.08113861083984,113.0577621459961,0.000338275043759495,0.05698458477854729,21.012939453125,0.73065584897995,-0.31875336170196533,0.0,0.0
7217,1804,45.587032318115234,47.410614013671875,128.21365356445312,109.07981872558594,112.47059631347656,0.00033500787685625255,0.05695490539073944,21.012941360473633,0.7406647801399231,-0.27250832319259644,0.0,0.0
7218,1804.25,45.428138732910156,47.14820861816406,129.93484497070312,109.0771713256836,112.55257415771484,0.00032628135522827506,0.05692819505929947,21.012943267822266,0.73065584897995,-0.2792105972766876,0.0,0.0
7219,1804.5,45.39909744262695,47.2421989440918,130.21725463867188,109.10009002685547,112.59800720214844,0.0003184274828527123,0.056918658316135406,21.0129451751709,0.73065584897995,-0.2809326648712158,0.0,0.0
7220,1804.75,45.539031982421875,47.334537506103516,131.2797393798828,109.10096740722656,112.0587387084961,0.00031135897734202445,0.05691007524728775,21.0129451751709,0.7406647801399231,-0.23812419176101685,0.0,0.0
7221,1805,44.974586486816406,47.202117919921875,126.6993179321289,109.09920501708984,112.84640502929688,0.00030499734566546977,0.05690234899520874,21.0129451751709,0.7406647801399231,-0.30062198638916016,0.0,0.0
7222,1805.25,44.78180694580078,47.058467864990234,126.87715911865234,109.09744262695312,113.75702667236328,0.00029927186551503837,0.05689539760351181,21.0129451751709,0.720646858215332,-0.3723127543926239,0.0,0.0
7223,1805.5,45.33509063720703,47.099666595458984,129.82264709472656,109.10802459716797,112.4908447265625,0.0002864072157535702,0.056889139115810394,21.0129451751709,0.73065584897995,-0.2718091607093811,0.0,0.0
7224,1805.75,45.29044723510742,47.18994903564453,128.33883666992188,109.11507415771484,112.5649185180664,0.000274829042609781,0.056912511587142944,21.0129451751709,0.7406647801399231,-0.2770936191082001,0.0,0.0
7225,1806,45.45597839355469,47.21150207519531,127.8388900756836,109.11551666259766,112.75849914550781,0.00026440867804922163,0.05693354830145836,21.0129451751709,0.7406647801399231,-0.2923533618450165,0.0,0.0
7226,1806.25,45.325096130371094,46.690982818603516,130.75001525878906,109.12080383300781,113.413818359375,0.00025503034703433514,0.05695248022675514,21.0129451751709,0.73065584897995,-0.3435083329677582,0.0,0.0
7227,1806.5,44.7744026184082,47.61408615112305,128.35028076171875,109.12520599365234,112.4167709350586,0.0002491600753273815,0.05696951970458031,21.0129451751709,0.7406647801399231,-0.26454341411590576,0.0,0.0
7228,1806.75,45.58780288696289,47.326900482177734,127.63509368896484,109.14107513427734,112.35504150390625,0.0002438768424326554,0.0570138581097126,21.0129451751709,0.73065584897995,-0.2583596408367157,0.0,0.0
7229,1807,45.317378997802734,47.06275939941406,129.8302764892578,109.12344360351562,112.20491790771484,0.00023912193137221038,0.057053763419389725,21.0129451751709,0.7406647801399231,-0.24789516627788544,0.0,0.0
7230,1807.25,45.72715759277344,47.8333854675293,131.1492156982422,109.13358306884766,111.93133544921875,0.0002348425186937675,0.057089678943157196,21.0129451751709,0.7406647801399231,-0.22533653676509857,0.0,0.0
7231,1807.5,45.54085922241211,47.2800178527832,131.546875,109.14900970458984,112.52096557617188,0.00023099103418644518,0.05712200328707695,21.0129451751709,0.7406647801399231,-0.27084916830062866,0.0,0.0
7232,1807.75,44.991783142089844,47.4518928527832,127.2923812866211,109.14900970458984,111.89874267578125,0.0002384522813372314,0.05715109407901764,21.0129451751709,0.750673770904541,-0.22148551046848297,0.0,0.0
7233,1808,45.091346740722656,47.3794059753418,132.65667724609375,109.14812469482422,112.10664367675781,0.00024516740813851357,0.05715551972389221,21.0129451751709,0.7706916928291321,-0.2380816787481308,0.0,0.0
7234,1808.25,45.16777038574219,47.307559967041016,133.60162353515625,109.1551742553711,112.06466674804688,0.0002512110222596675,0.05715950205922127,21.0129451751709,0.7706916928291321,-0.23417335748672485,0.0,0.0
7235,1808.5,44.96956253051758,47.70078659057617,130.18748474121094,109.16266632080078,112.49726104736328,0.00025665026623755693,0.057163089513778687,21.0129451751709,0.7606827616691589,-0.2678597867488861,0.0,0.0
7236,1808.75,45.54962158203125,47.27842330932617,133.0367889404297,109.16796112060547,112.66615295410156,0.00027440921985544264,0.057166315615177155,21.0129451751709,0.7606827616691589,-0.28078263998031616,0.0,0.0
7237,1809,45.218990325927734,47.54235076904297,130.23558044433594,109.1631088256836,112.3041763305664,0.00029039225773885846,0.05715471878647804,21.0129451751709,0.7606827616691589,-0.25253167748451233,0.0,0.0
7238,1809.25,45.432010650634766,46.68665313720703,127.57937622070312,109.17369079589844,112.09182739257812,0.00030477700056508183,0.05714428052306175,21.0129451751709,0.750673770904541,-0.23482054471969604,0.0,0.0
7239,1809.5,45.341644287109375,47.02919387817383,131.897216796875,109.18999481201172,111.90318298339844,0.0003177232574671507,0.05713488534092903,21.0129451751709,0.7406647801399231,-0.2184968888759613,0.0,0.0
7240,1809.75,45.11149597167969,47.35063171386719,128.06405639648438,109.1895523071289,112.25578308105469,0.00033709759009070694,0.05712643265724182,21.0129451751709,0.750673770904541,-0.2465384155511856,0.0,0.0
7241,1810,45.3865966796875,47.48152542114258,129.05325317382812,109.18867492675781,111.62911224365234,0.00035453448072075844,0.057133324444293976,21.0129451751709,0.7606827616691589,-0.19677519798278809,0.0,0.0
7242,1810.25,45.045799255371094,47.095340728759766,130.14474487304688,109.19307708740234,111.50565338134766,0.00037022767355665565,0.057139527052640915,21.0129451751709,0.7406647801399231,-0.18656544387340546,0.0,0.0
7243,1810.5,45.85944366455078,47.49445724487305,133.24058532714844,109.20056915283203,112.71849822998047,0.0003843515587504953,0.05714511126279831,21.0129451751709,0.750673770904541,-0.28225910663604736,0.0,0.0
7244,1810.75,45.40119171142578,47.34352111816406,131.9888153076172,109.21467590332031,111.85429382324219,0.00039577597635798156,0.057150136679410934,21.0129451751709,0.7606827616691589,-0.21259494125843048,0.0,0.0
7245,1811,45.055206298828125,46.9476203918457,130.32106018066406,109.2049789428711,112.3041763305664,0.0004060579522047192,0.05715465918183327,21.0129451751709,0.7606827616691589,-0.2491179257631302,0.0,0.0
7246,1811.25,45.67936325073242,47.575374603271484,128.24342346191406,109.20056915283203,112.74665069580078,0.00041531171882525086,0.05716598033905029,21.0129451751709,0.7606827616691589,-0.2844819128513336,0.0,0.0
7247,1811.5,45.216880798339844,46.99494934082031,128.47393798828125,109.22393035888672,113.03455352783203,0.00042364010005258024,0.057176172733306885,21.0129451751709,0.750673770904541,-0.30528056621551514,0.0,0.0
7248,1811.75,45.70741271972656,47.07442855834961,129.91651916503906,109.22833251953125,112.32738494873047,0.0004311356460675597,0.0571853443980217,21.0129451751709,0.7406647801399231,-0.24905352294445038,0.0,0.0
7249,1812,45.27279281616211,47.00334548950195,128.2159423828125,109.23715209960938,113.19406127929688,0.0004378816520329565,0.05719359964132309,21.0129451751709,0.7406647801399231,-0.3167561888694763,0.0,0.0
7250,1812.25,45.600669860839844,47.179656982421875,126.74435424804688,109.2230453491211,112.7209701538086,0.00043494405690580606,0.05720828101038933,21.0129451751709,0.73065584897995,-0.2806221842765808,0.0,0.0
7251,1812.5,45.513301849365234,47.01534652709961,131.57740783691406,109.24861145019531,112.53330993652344,0.00043230020673945546,0.05722149461507797,21.012712478637695,0.73065584897995,-0.2637060880661011,0.0,0.0
7252,1812.75,45.27067947387695,47.380619049072266,129.6593017578125,109.2494888305664,112.43356323242188,0.00042992073576897383,0.05723338574171066,21.012502670288086,0.7106378078460693,-0.25574034452438354,0.0,0.0
7253,1813,45.16157531738281,47.032997131347656,127.69004821777344,109.24288177490234,112.87356567382812,0.00042777921771630645,0.057244088500738144,21.012313842773438,0.720646858215332,-0.29104849696159363,0.0,0.0
7254,1813.25,45.3862419128418,47.046932220458984,131.78807067871094,109.2415542602539,112.9273910522461,0.0004258518456481397,0.05728273093700409,21.012144088745117,0.720646858215332,-0.29540085792541504,0.0,0.0
7255,1813.5,45.30488204956055,47.56283187866211,129.5806884765625,109.2662353515625,112.97232818603516,0.00042733430746011436,0.05731750652194023,21.011991500854492,0.720646858215332,-0.29693135619163513,0.0,0.0
7256,1813.75,45.747371673583984,47.06987762451172,126.50315856933594,109.25786590576172,112.30170440673828,0.0004286685143597424,0.05734880641102791,21.01185417175293,0.7406647801399231,-0.24461188912391663,0.0,0.0
7257,1814,45.45098114013672,47.336883544921875,130.54852294921875,109.28651428222656,113.35356903076172,0.0004298693093005568,0.05737697705626488,21.011730194091797,0.750673770904541,-0.3252698481082916,0.0,0.0
7258,1814.25,45.41717529296875,47.202354431152344,130.616455078125,109.26667785644531,113.08245086669922,0.0004298693093005568,0.05740233138203621,21.011619567871094,0.750673770904541,-0.30556830763816833,0.0,0.0
7259,1814.5,45.13002395629883,47.08158874511719,133.51841735839844,109.28959655761719,112.65528869628906,0.00043095002183690667,0.05741064250469208,21.011619567871094,0.750673770904541,-0.27001118659973145,0.0,0.0
7260,1814.75,45.10892868041992,47.232444763183594,128.7853546142578,109.2913589477539,112.34911346435547,0.00044747095671482384,0.05741812288761139,21.01166343688965,0.720646858215332,-0.24564054608345032,0.0,0.0
7261,1815,45.221473693847656,46.894309997558594,133.32379150390625,109.28121948242188,112.08639526367188,0.00044747095671482384,0.05742485448718071,21.01179313659668,0.73065584897995,-0.22562552988529205,0.0,0.0
7262,1815.25,45.05630111694336,46.984275817871094,130.33250427246094,109.28254699707031,112.33824920654297,0.0004545140836853534,0.05743091180920601,21.01179313659668,0.73065584897995,-0.24549710750579834,0.0,0.0
7263,1815.5,45.22927474975586,47.10068130493164,129.3555145263672,109.30105590820312,113.43653106689453,0.00046085289795883,0.05743636563420296,21.01190948486328,0.720646858215332,-0.33059826493263245,0.0,0.0
7264,1815.75,45.5380973815918,47.16608810424805,130.20962524414062,109.29840850830078,112.18960571289062,0.0004827013472095132,0.05744127184152603,21.01187515258789,0.720646858215332,-0.23241837322711945,0.0,0.0
7265,1816,45.39384460449219,47.116844177246094,129.93942260742188,109.30281829833984,112.77726745605469,0.0004827013472095132,0.0574311837553978,21.01187515258789,0.720646858215332,-0.2785678505897522,0.0,0.0
7266,1816.25,45.624820709228516,47.28086853027344,132.2010040283203,109.2992935180664,112.68985748291016,0.0004920156789012253,0.057422105222940445,21.011749267578125,0.73065584897995,-0.2719525098800659,0.0,0.0
7267,1816.5,45.50398635864258,47.249061584472656,129.89744567871094,109.31031036376953,113.22418212890625,0.0005003985716030002,0.05741393566131592,21.01163673400879,0.7406647801399231,-0.31316491961479187,0.0,0.0
7268,1816.75,45.2726936340332,46.595664978027344,132.5826416015625,109.3094253540039,112.60442352294922,0.0005098750116303563,0.057406581938266754,21.01153564453125,0.720646858215332,-0.26437562704086304,0.0,0.0
7269,1817,44.893314361572266,47.632015228271484,131.28050231933594,109.32132720947266,112.28886413574219,0.0005184037727303803,0.057399965822696686,21.011444091796875,0.7406647801399231,-0.23842447996139526,0.0,0.0
7270,1817.25,44.91108703613281,46.97260284423828,132.25596618652344,109.31383514404297,111.92540740966797,0.0005260796751827002,0.057394009083509445,21.011362075805664,0.7406647801399231,-0.21017378568649292,0.0,0.0
7271,1817.5,44.922645568847656,46.844871520996094,130.3889923095703,109.33013916015625,112.15108489990234,0.0005329879932105541,0.057394009083509445,21.011287689208984,0.73065584897995,-0.22677771747112274,0.0,0.0
7272,1817.75,45.73965835571289,47.08291244506836,132.1788787841797,109.32044219970703,111.3155288696289,0.0005392054445110261,0.05738382413983345,21.011220932006836,0.73065584897995,-0.1609964817762375,0.0,0.0
7273,1818,45.49166488647461,46.65732192993164,128.5853729248047,109.33146667480469,113.08492279052734,0.0005448011797852814,0.05737948417663574,21.01116180419922,0.720646858215332,-0.3004864454269409,0.0,0.0
7274,1818.25,45.491661071777344,46.89590072631836,128.99143981933594,109.3327865600586,113.72986602783203,0.0005421112873591483,0.05737948417663574,21.0111083984375,0.73065584897995,-0.351004421710968,0.0,0.0
7275,1818.5,45.226131439208984,47.115413665771484,133.86265563964844,109.34600830078125,113.21726989746094,0.0005396903725340962,0.05738282576203346,21.011226654052734,0.7406647801399231,-0.3097146451473236,0.0,0.0
7276,1818.75,45.44499969482422,47.09235382080078,129.8798828125,109.33719635009766,113.11158752441406,0.0005375115433707833,0.0573885440826416,21.011333465576172,0.73065584897995,-0.3021187484264374,0.0,0.0
7277,1819,45.058876037597656,47.192909240722656,129.26622009277344,109.33146667480469,113.2819595336914,0.0005355506436899304,0.0573885440826416,21.011428833007812,0.720646858215332,-0.3159831464290619,0.0,0.0
7278,1819.25,45.48833465576172,47.285274505615234,132.3185577392578,109.34115600585938,113.26220703125,0.0005337857874110341,0.057390980422496796,21.01151466369629,0.720646858215332,-0.3136419653892517,0.0,0.0
7279,1819.5,45.2870979309082,46.69452667236328,131.78501892089844,109.36583709716797,113.12047576904297,0.0005321974167600274,0.057385921478271484,21.011592864990234,0.720646858215332,-0.3004864454269409,0.0,0.0
7280,1819.75,44.9969482421875,46.950191497802734,128.23960876464844,109.35261535644531,112.87602996826172,0.0005127530312165618,0.057381369173526764,21.01166343688965,0.6906198859214783,-0.2823050618171692,0.0,0.0
7281,1820,45.174503326416016,46.98226547241211,133.62908935546875,109.35261535644531,111.95997619628906,0.0004952530725859106,0.057377271354198456,21.01172637939453,0.6906198859214783,-0.2097652405500412,0.0,0.0
7282,1820.25,45.366790771484375,47.106117248535156,127.50457763671875,109.35261535644531,112.38763427734375,0.0004795031272806227,0.05737358331680298,21.011783599853516,0.7106378078460693,-0.24370388686656952,0.0,0.0
7283,1820.5,45.717735290527344,47.0106315612793,130.99197387695312,109.3746566772461,112.88097381591797,0.0004653281648643315,0.05737026408314705,21.0118350982666,0.720646858215332,-0.2809009253978729,0.0,0.0
7284,1820.75,45.22692108154297,46.644805908203125,128.0388641357422,109.3693618774414,112.48491668701172,0.00043842813465744257,0.05736728012561798,21.01188087463379,0.73065584897995,-0.2500433921813965,0.0,0.0
7285,1821,44.9368896484375,46.9998893737793,132.35519409179688,109.36186981201172,112.63257598876953,0.0004142180841881782,0.05735008791089058,21.01192283630371,0.7406647801399231,-0.2623310685157776,0.0,0.0
7286,1821.25,45.28525924682617,47.3299446105957,129.28529357910156,109.37024688720703,113.44541931152344,0.0003924290358554572,0.05733461678028107,21.011960983276367,0.73065584897995,-0.3256622552871704,0.0,0.0
7287,1821.5,45.57269287109375,47.2510871887207,131.5919189453125,109.37509155273438,114.20147705078125,0.0003728189039975405,0.057320691645145416,21.011995315551758,0.720646858215332,-0.3843987286090851,0.0,0.0
7288,1821.75,45.326602935791016,46.82442092895508,133.96035766601562,109.3772964477539,112.98418426513672,0.0003551697882357985,0.05730815976858139,21.012025833129883,0.7406647801399231,-0.288821816444397,0.0,0.0
7289,1822,45.275177001953125,46.635257720947266,131.59573364257812,109.37245178222656,113.02961730957031,0.0003354302025400102,0.05729687958955765,21.012052536010742,0.73065584897995,-0.2927953004837036,0.0,0.0
7290,1822.25,45.23250961303711,46.92158889770508,132.18650817871094,109.39448547363281,113.00591278076172,0.00031766455504111946,0.05728672817349434,21.01207733154297,0.7406647801399231,-0.28913477063179016,0.0,0.0
7291,1822.5,45.63479232788086,46.94410705566406,129.74630737304688,109.3839111328125,112.44245147705078,0.0003016754926647991,0.05727759003639221,21.01209831237793,0.7406647801399231,-0.24549764394760132,0.0,0.0
7292,1822.75,45.77824783325195,46.74205017089844,130.018798828125,109.38964080810547,112.4454116821289,0.00028728533652611077,0.057269368320703506,21.012117385864258,0.7606827616691589,-0.24526584148406982,0.0,0.0
7293,1823,45.278202056884766,46.916866302490234,132.3422088623047,109.38743591308594,112.43356323242188,0.00028007093351334333,0.05726196616888046,21.012134552001953,0.7406647801399231,-0.24450717866420746,0.0,0.0
7294,1823.25,45.323612213134766,47.15050506591797,131.40185546875,109.39096069335938,113.1189956665039,0.00027357798535376787,0.057233553379774094,21.012149810791016,0.750673770904541,-0.29832544922828674,0.0,0.0
7295,1823.5,45.36477279663086,47.16042709350586,130.75613403320312,109.39580535888672,112.61627960205078,0.0002677343145478517,0.05720797926187515,21.012165069580078,0.750673770904541,-0.25828099250793457,0.0,0.0
7296,1823.75,45.15856170654297,46.9441032409668,128.52659606933594,109.39756774902344,112.8602294921875,0.00026247501955367625,0.057184964418411255,21.012178421020508,0.7606827616691589,-0.2774001657962799,0.0,0.0
7297,1824,45.11586380004883,46.849609375,128.88763427734375,109.38964080810547,113.55159759521484,0.00025774165987968445,0.05716425180435181,21.012189865112305,0.750673770904541,-0.33241182565689087,0.0,0.0
7298,1824.25,45.25465393066406,46.88010025024414,127.65798950195312,109.40726470947266,113.08541870117188,0.0002579812426120043,0.0571456104516983,21.0122013092041,0.750673770904541,-0.29435548186302185,0.0,0.0
7299,1824.5,45.20077896118164,46.98330307006836,129.60052490234375,109.40594482421875,113.89826202392578,0.0002581968728918582,0.05714333429932594,21.012296676635742,0.750673770904541,-0.3582206666469574,0.0,0.0
7300,1824.75,45.11801528930664,46.97039794921875,129.35169982910156,109.41035461425781,113.0212173461914,0.0002583909372333437,0.05714128538966179,21.01238250732422,0.7406647801399231,-0.28904926776885986,0.0,0.0
7301,1825,44.87657928466797,46.57938766479492,128.11978149414062,109.41211700439453,112.76195526123047,0.0002585655893199146,0.05713944137096405,21.012460708618164,0.7406647801399231,-0.26846185326576233,0.0,0.0
7302,1825.25,45.17512512207031,47.00944137573242,126.2825698852539,109.4350357055664,112.8473892211914,0.00026257988065481186,0.057137783616781235,21.012531280517578,0.7406647801399231,-0.27333885431289673,0.0,0.0
7303,1825.5,45.44492721557617,47.10707473754883,133.44972229003906,109.43194580078125,111.9476318359375,0.0002661927428562194,0.05713628977537155,21.01259422302246,0.7406647801399231,-0.20232795178890228,0.0,0.0
7304,1825.75,45.23314666748047,47.117862701416016,130.27145385742188,109.42357635498047,112.63800811767578,0.00026944431010633707,0.057156700640916824,21.012651443481445,0.7606827616691589,-0.2577386200428009,0.0,0.0
7305,1826,44.82054138183594,46.78303146362305,126.91914367675781,109.42401123046875,113.30122375488281,0.0002723707293625921,0.05717507004737854,21.01270294189453,0.7706916928291321,-0.3099651634693146,0.0,0.0
7306,1826.25,45.262298583984375,47.21079635620117,131.29652404785156,109.43679809570312,112.70467376708984,0.0002750045096036047,0.057191602885723114,21.01274871826172,0.750673770904541,-0.2619304955005646,0.0,0.0
7307,1826.5,45.2537841796875,46.908851623535156,129.11279296875,109.44692993164062,112.53578186035156,0.0002773749001789838,0.05720648169517517,21.01279067993164,0.750673770904541,-0.24775660037994385,0.0,0.0
7308,1826.75,45.23337936401367,47.1774787902832,133.47567749023438,109.46632385253906,112.82516479492188,0.0002872258482966572,0.05722028389573097,21.012826919555664,0.7706916928291321,-0.2690409719944,0.0,0.0
7309,1827,45.19239044189453,47.22239303588867,131.7086944580078,109.4345932006836,112.84442901611328,0.0002960916899610311,0.05723270773887634,21.012861251831055,0.750673770904541,-0.27314135432243347,0.0,0.0
7310,1827.25,45.38386535644531,47.001747131347656,128.6609344482422,109.45751190185547,112.53874969482422,0.0003040709416382015,0.05724388733506203,21.01289176940918,0.7706916928291321,-0.24713028967380524,0.0,0.0
7311,1827.5,45.09407424926758,47.131710052490234,131.37742614746094,109.46015167236328,113.04985809326172,0.0003196159959770739,0.05725394934415817,21.01291847229004,0.7606827616691589,-0.28725385665893555,0.0,0.0
7312,1827.75,45.4903450012207,47.12883377075195,128.279296875,109.4539794921875,113.07060241699219,0.0003336065274197608,0.057263005524873734,21.012943267822266,0.750673770904541,-0.28938910365104675,0.0,0.0
7313,1828,45.54049301147461,47.162593841552734,130.9622039794922,109.45838928222656,113.74913024902344,0.0003461980086285621,0.057278409600257874,21.012964248657227,0.7606827616691589,-0.34229135513305664,0.0,0.0
7314,1828.25,45.071109771728516,47.48812484741211,132.0330810546875,109.47645568847656,113.31752014160156,0.00035753034171648324,0.05729227513074875,21.012983322143555,0.7706916928291321,-0.3069796860218048,0.0,0.0
7315,1828.5,45.26993942260742,47.22425842285156,127.73432159423828,109.49364471435547,112.75800323486328,0.00036772945895791054,0.0573047511279583,21.01300048828125,0.78070068359375,-0.26151901483535767,0.0,0.0
7316,1828.75,45.278831481933594,46.72636795043945,130.508056640625,109.46235656738281,112.52639770507812,0.0003801266138907522,0.05731597915291786,21.013015747070312,0.78070068359375,-0.24575945734977722,0.0,0.0
7317,1829,45.03671646118164,46.949832916259766,132.6681365966797,109.46279907226562,113.37727355957031,0.00039128403295762837,0.05732608586549759,21.013031005859375,0.7706916928291321,-0.31278350949287415,0.0,0.0
7318,1829.25,45.159767150878906,46.84149169921875,127.47709655761719,109.47645568847656,113.5901107788086,0.0004013257275801152,0.05733518302440643,21.013044357299805,0.7606827616691589,-0.32836830615997314,0.0,0.0
7319,1829.5,45.47580337524414,47.07429122924805,130.70651245117188,109.46543884277344,112.65084838867188,0.00041036325274035335,0.05734337121248245,21.0130558013916,0.7706916928291321,-0.255348801612854,0.0,0.0
7320,1829.75,44.78963088989258,47.33015441894531,129.91270446777344,109.46896362304688,112.75701904296875,0.00041141838300973177,0.05735073983669281,21.0130672454834,0.78070068359375,-0.2634480893611908,0.0,0.0
7321,1830,45.32914352416992,47.25381851196289,130.3737335205078,109.47381591796875,113.08887481689453,0.00041236801189370453,0.05735737085342407,21.013076782226562,0.78070068359375,-0.28921425342559814,0.0,0.0
7322,1830.25,45.422489166259766,47.46853256225586,129.8966827392578,109.47689819335938,113.16690063476562,0.000413222674978897,0.057348836213350296,21.013084411621094,0.7606827616691589,-0.2951035797595978,0.0,0.0
7323,1830.5,45.10088348388672,47.116294860839844,131.45223999023438,109.4949722290039,113.18517303466797,0.000413991860114038,0.05734115466475487,21.013092041015625,0.7706916928291321,-0.29507121443748474,0.0,0.0
7324,1830.75,45.35288619995117,47.32793426513672,126.27570343017578,109.49011993408203,113.52344512939453,0.00041468412382528186,0.05733424425125122,21.013099670410156,0.7706916928291321,-0.3220311105251312,0.0,0.0
7325,1831,45.49509811401367,47.329166412353516,129.57839965820312,109.49673461914062,112.82911682128906,0.00039794368785806,0.05732802301645279,21.013105392456055,0.7606827616691589,-0.26687994599342346,0.0,0.0
7326,1831.25,45.382076263427734,46.730186462402344,130.8805389404297,109.5051040649414,113.20146942138672,0.00038287730421870947,0.05729341506958008,21.013111114501953,0.750673770904541,-0.29552924633026123,0.0,0.0
7327,1831.5,45.04385757446289,47.24311065673828,130.98587036132812,109.50289916992188,112.7861557006836,0.0003693175676744431,0.05726226791739464,21.01311683654785,0.7606827616691589,-0.26298847794532776,0.0,0.0
7328,1831.75,45.276458740234375,47.15381622314453,132.2926025390625,109.50334167480469,113.46764373779297,0.00034233496990054846,0.05723423883318901,21.013120651245117,0.7606827616691589,-0.316579669713974,0.0,0.0
7329,1832,44.84804916381836,46.760101318359375,129.21202087402344,109.50289916992188,113.24739074707031,0.0003180506464559585,0.05720901116728783,21.013357162475586,0.7606827616691589,-0.29931914806365967,0.0,0.0
7330,1832.25,45.610652923583984,47.161556243896484,127.97856903076172,109.51127624511719,113.631591796875,0.0002961947466246784,0.05720080807805061,21.01357078552246,0.7606827616691589,-0.32878780364990234,0.0,0.0
7331,1832.5,45.364585876464844,47.146968841552734,131.66366577148438,109.51171875,113.62715148925781,0.00027652442804537714,0.05719342455267906,21.013763427734375,0.750673770904541,-0.32840409874916077,0.0,0.0
7332,1832.75,45.179168701171875,47.228553771972656,126.05740356445312,109.51215362548828,113.6296157836914,0.00025882115005515516,0.057186778634786606,21.01393699645996,0.750673770904541,-0.32856154441833496,0.0,0.0
7333,1833,45.1530876159668,47.39958190917969,129.160888671875,109.52537536621094,113.0903549194336,0.00024288819986395538,0.057180799543857574,21.01409339904785,0.73065584897995,-0.2851393222808838,0.0,0.0
7334,1833.25,45.34990310668945,47.18696594238281,132.1880340576172,109.53551483154297,112.0651626586914,0.00022854853887110949,0.0571754164993763,21.014232635498047,0.73065584897995,-0.2032480239868164,0.0,0.0
7335,1833.5,45.2879638671875,47.350521087646484,132.55287170410156,109.5377197265625,112.16096496582031,0.00019445526413619518,0.05719957873225212,21.014358520507812,0.7406647801399231,-0.21067577600479126,0.0,0.0
7336,1833.75,45.14573287963867,47.33742904663086,130.54087829589844,109.5289077758789,112.97529602050781,0.00016377131396438926,0.05722132697701454,21.01447105407715,0.7406647801399231,-0.27579042315483093,0.0,0.0
7337,1834,45.46881103515625,47.21549987792969,127.71676635742188,109.52670288085938,112.16194915771484,0.00013615575153380632,0.05724089965224266,21.01457405090332,0.7406647801399231,-0.21164943277835846,0.0,0.0
7338,1834.25,45.61662292480469,47.34825897216797,130.38059997558594,109.5478515625,113.29727172851562,0.00011130174971185625,0.05725851282477379,21.014665603637695,0.7406647801399231,-0.2995853126049042,0.0,0.0
7339,1834.5,45.041961669921875,47.22789001464844,130.79505920410156,109.56195831298828,113.17035675048828,8.443948172498494e-05,0.05727436766028404,21.014747619628906,0.7406647801399231,-0.28846171498298645,0.0,0.0
7340,1834.75,44.93925476074219,47.52238464355469,128.3625030517578,109.54962158203125,114.1851806640625,6.0263442719588056e-05,0.05728863552212715,21.014589309692383,0.750673770904541,-0.36893463134765625,0.0,0.0
7341,1835,45.38608932495117,47.003963470458984,131.55909729003906,109.54917907714844,113.40048217773438,3.850500797852874e-05,0.05730147659778595,21.014446258544922,0.7406647801399231,-0.3075832724571228,0.0,0.0
7342,1835.25,45.49297332763672,47.064762115478516,129.8333282470703,109.56107330322266,112.04936218261719,1.8922413801192306e-05,0.05731303244829178,21.014318466186523,0.750673770904541,-0.1999160796403885,0.0,0.0
7343,1835.5,45.43925857543945,47.26897430419922,136.0211944580078,109.54432678222656,112.00936126708984,6.433593625843059e-06,0.05729442834854126,21.014202117919922,0.750673770904541,-0.19809837639331818,0.0,0.0
7344,1835.75,45.212066650390625,47.27918243408203,128.81207275390625,109.5650405883789,112.77381134033203,-4.806344804819673e-06,0.05727768316864967,21.014097213745117,0.7606827616691589,-0.25696414709091187,0.0,0.0
7345,1836,45.26615905761719,47.25910949707031,132.8253631591797,109.57826232910156,112.79949188232422,-1.4922289665264543e-05,0.0572626106441021,21.01400375366211,0.7606827616691589,-0.257916659116745,0.0,0.0
7346,1836.25,45.088871002197266,47.261329650878906,130.35617065429688,109.56768798828125,113.10517120361328,-2.4026639948715456e-05,0.0572490468621254,21.013919830322266,0.750673770904541,-0.28286707401275635,0.0,0.0
7347,1836.5,45.1121711730957,47.10684585571289,128.8792266845703,109.56768798828125,112.81924438476562,-3.222055602236651e-05,0.05723683908581734,21.013843536376953,0.7406647801399231,-0.26033449172973633,0.0,0.0
7348,1836.75,45.34797668457031,47.04591369628906,131.29347229003906,109.56900787353516,113.27159118652344,-2.9323320632101968e-05,0.05722585320472717,21.014007568359375,0.7406647801399231,-0.29584845900535583,0.0,0.0
7349,1837,45.10734939575195,47.125732421875,131.25454711914062,109.57782745361328,113.066650390625,-2.6715810236055404e-05,0.05722321942448616,21.014156341552734,0.7406647801399231,-0.27901074290275574,0.0,0.0
7350,1837.25,45.35565185546875,47.24917984008789,130.272216796875,109.58751678466797,112.8819580078125,-2.4369050152017735e-05,0.05722085013985634,21.01428985595703,0.73065584897995,-0.26367053389549255,0.0,0.0
7351,1837.5,45.41621398925781,47.0651741027832,135.0426788330078,109.59104919433594,112.58023071289062,-2.225696516688913e-05,0.05721871554851532,21.0144100189209,0.720646858215332,-0.23955707252025604,0.0,0.0
7352,1837.75,45.30913162231445,46.71957778930664,131.27056884765625,109.57870483398438,112.85627746582031,-7.512840966228396e-06,0.05721679702401161,21.01451873779297,0.720646858215332,-0.2623611092567444,0.0,0.0
7353,1838,45.15807342529297,47.131927490234375,130.1897735595703,109.58443450927734,113.30912017822266,5.756871360063087e-06,0.057215068489313126,21.014616012573242,0.73065584897995,-0.2975441515445709,0.0,0.0
7354,1838.25,45.09025192260742,46.55424118041992,128.82199096679688,109.60867309570312,112.83356475830078,1.7699612726573832e-05,0.057220764458179474,21.01470375061035,0.750673770904541,-0.2581351399421692,0.0,0.0
7355,1838.5,45.542442321777344,47.19717788696289,135.72657775878906,109.59236907958984,113.14763641357422,4.387203080113977e-05,0.05722589045763016,21.014781951904297,0.73065584897995,-0.28420358896255493,0.0,0.0
7356,1838.75,45.200286865234375,47.212581634521484,125.99099731445312,109.59589385986328,113.46418762207031,6.742720870533958e-05,0.05723050609230995,21.01485252380371,0.73065584897995,-0.30878788232803345,0.0,0.0
7357,1839,45.4462890625,47.46267318725586,130.34854125976562,109.59941864013672,112.72442626953125,8.862686809152365e-05,0.05723465979099274,21.01468276977539,0.73065584897995,-0.25027206540107727,0.0,0.0
7358,1839.25,45.23403549194336,46.97806930541992,130.04856872558594,109.61087799072266,112.76146697998047,0.00010770656081149355,0.05722388997673988,21.014530181884766,0.720646858215332,-0.2522658407688141,0.0,0.0
7359,1839.5,45.30064010620117,47.0193977355957,129.64556884765625,109.60206604003906,113.22418212890625,0.00012487827916629612,0.057214196771383286,21.014392852783203,0.720646858215332,-0.2894362509250641,0.0,0.0
7360,1839.75,45.3228874206543,47.17794418334961,129.43948364257812,109.61924743652344,112.85430145263672,0.00014033283514436334,0.057205475866794586,21.01426887512207,0.73065584897995,-0.25891244411468506,0.0,0.0
7361,1840,45.09473419189453,47.052345275878906,128.79527282714844,109.60867309570312,113.40986633300781,0.000170321247423999,0.05719762668013573,21.014158248901367,0.7406647801399231,-0.30348676443099976,0.0,0.0
7362,1840.25,45.2785758972168,47.32033920288086,130.45310974121094,109.61308288574219,112.92294311523438,0.0001973108301172033,0.05719781666994095,21.01405906677246,0.750673770904541,-0.2648254930973053,0.0,0.0
7363,1840.5,45.30219650268555,46.9498176574707,128.63040161132812,109.613525390625,113.0251693725586,0.0002434630150673911,0.05719798803329468,21.01388931274414,0.7406647801399231,-0.2728447914123535,0.0,0.0
7364,1840.75,44.84093475341797,46.85972595214844,128.5067596435547,109.61087799072266,113.6444320678711,0.00026313841226510704,0.057198140770196915,21.013816833496094,0.720646858215332,-0.3217009902000427,0.0,0.0
7365,1841,45.398075103759766,47.43824768066406,131.94607543945312,109.61881256103516,113.90221405029297,0.0002808462595567107,0.05719827860593796,21.013751983642578,0.720646858215332,-0.34122607111930847,0.0,0.0
7366,1841.25,45.19895553588867,47.03343963623047,128.74871826171875,109.64613342285156,113.6656723022461,0.0002808462595567107,0.057183898985385895,21.013751983642578,0.720646858215332,-0.32050180435180664,0.0,0.0
7367,1841.5,45.54090118408203,46.977787017822266,131.9453125,109.61968994140625,112.99010467529297,0.00029678334249183536,0.05717095732688904,21.01369285583496,0.7406647801399231,-0.2695818543434143,0.0,0.0
7368,1841.75,45.25619888305664,47.54251480102539,127.40077209472656,109.62806701660156,112.6429443359375,0.00030276348115876317,0.05715930834412575,21.013639450073242,0.7406647801399231,-0.24150864779949188,0.0,0.0
7369,1842,45.27857971191406,47.453758239746094,129.67532348632812,109.63203430175781,112.57430267333984,0.000308145594317466,0.057148825377225876,21.013338088989258,0.7406647801399231,-0.23575980961322784,0.0,0.0
7370,1842.25,45.24686813354492,47.00422668457031,130.03102111816406,109.64305114746094,113.7594985961914,0.0003129894903395325,0.05713938921689987,21.013065338134766,0.750673770904541,-0.3280968964099884,0.0,0.0
7371,1842.5,45.182411193847656,47.16364288330078,127.62364959716797,109.63555908203125,113.26715087890625,0.000303847249597311,0.05713089928030968,21.012821197509766,0.7706916928291321,-0.2900940179824829,0.0,0.0
7372,1842.75,45.49097442626953,46.96791458129883,128.12588500976562,109.6329116821289,113.19010925292969,0.0002956192474812269,0.05712325870990753,21.012601852416992,0.78070068359375,-0.2842518389225006,0.0,0.0
7373,1843,45.38432312011719,47.28968048095703,129.04486083984375,109.63600158691406,113.37134552001953,0.00028821403975598514,0.05711638182401657,21.01240348815918,0.7706916928291321,-0.29824313521385193,0.0,0.0
7374,1843.25,45.46689987182617,46.96166229248047,130.59507751464844,109.64525604248047,113.06023406982422,0.0002815493498928845,0.05711019039154053,21.012224197387695,0.7706916928291321,-0.27302974462509155,0.0,0.0
7375,1843.5,45.17046356201172,46.91901397705078,131.17288208007812,109.63467407226562,113.0755386352539,0.00027555113774724305,0.0570996031165123,21.01206398010254,0.7706916928291321,-0.2750937342643738,0.0,0.0
7376,1843.75,45.538002014160156,47.32608413696289,127.18704986572266,109.63864135742188,112.89677429199219,0.0002553762460593134,0.05709509178996086,21.011919021606445,0.78070068359375,-0.26068687438964844,0.0,0.0
7377,1844,45.09050369262695,46.91033172607422,131.18280029296875,109.63864135742188,113.08393859863281,0.00023721886100247502,0.05708377808332443,21.011789321899414,0.78070068359375,-0.2754330337047577,0.0,0.0
7378,1844.25,45.222862243652344,47.06174087524414,131.8628692626953,109.65230560302734,112.84146118164062,0.00022087720572017133,0.05708377808332443,21.011672973632812,0.78070068359375,-0.25521501898765564,0.0,0.0
7379,1844.5,45.25629425048828,46.8580207824707,131.45223999023438,109.6487808227539,113.14813232421875,0.000206169715966098,0.057073596864938736,21.011568069458008,0.7606827616691589,-0.27966174483299255,0.0,0.0
7380,1844.75,45.448970794677734,46.92445755004883,132.5994415283203,109.6487808227539,113.32295227050781,0.0001929329737322405,0.05706443265080452,21.011472702026367,0.750673770904541,-0.29340508580207825,0.0,0.0
7381,1845,45.18378829956055,46.87747573852539,130.634765625,109.64481353759766,113.00294494628906,0.00017336143355350941,0.057056184858083725,21.01138687133789,0.7606827616691589,-0.2685537040233612,0.0,0.0
7382,1845.25,45.6524772644043,46.73202133178711,128.45790100097656,109.65803527832031,113.09480285644531,0.0001557470386615023,0.057041510939598083,21.011457443237305,0.7606827616691589,-0.2747134268283844,0.0,0.0
7383,1845.5,45.310325622558594,46.45242691040039,129.53182983398438,109.65054321289062,113.24492645263672,0.00013989409490022808,0.057028304785490036,21.011520385742188,0.750673770904541,-0.28713053464889526,0.0,0.0
7384,1845.75,44.977352142333984,47.17670822143555,128.27471923828125,109.65935516357422,113.03356170654297,0.00012562643678393215,0.057016417384147644,21.011577606201172,0.7606827616691589,-0.2697847783565521,0.0,0.0
7385,1846,45.18008041381836,46.971561431884766,128.63726806640625,109.66860961914062,112.57874298095703,0.00011599573190324008,0.05700572207570076,21.011629104614258,0.7606827616691589,-0.23314169049263,0.0,0.0
7386,1846.25,45.32457733154297,47.068485260009766,133.0054931640625,109.66508483886719,112.75306701660156,0.00010732809460023418,0.05698159337043762,21.011674880981445,0.750673770904541,-0.24720175564289093,0.0,0.0
7387,1846.5,45.451236724853516,46.849647521972656,130.53782653808594,109.67610168457031,112.73924255371094,9.952722757589072e-05,0.05695987865328789,21.011714935302734,0.750673770904541,-0.24521565437316895,0.0,0.0
7388,1846.75,44.943992614746094,47.17444610595703,128.69070434570312,109.65451049804688,113.1836929321289,9.250644507119432e-05,0.056940335780382156,21.011751174926758,0.750673770904541,-0.2819940149784088,0.0,0.0
7389,1847,45.56356430053711,47.41973114013672,127.5702133178711,109.68579864501953,112.99356842041016,8.618774154456332e-05,0.05692274868488312,21.011783599853516,0.750673770904541,-0.26448822021484375,0.0,0.0
7390,1847.25,45.32637023925781,46.882015228271484,129.52572631835938,109.66596984863281,113.34468078613281,8.050090400502086e-05,0.05690691992640495,21.01181411743164,0.7406647801399231,-0.29371657967567444,0.0,0.0
7391,1847.5,45.17728805541992,47.06511306762695,127.64120483398438,109.6743392944336,113.16838073730469,9.465415496379137e-05,0.05689951032400131,21.0118408203125,0.7406647801399231,-0.2791799306869507,0.0,0.0
7392,1847.75,45.17961883544922,47.2659797668457,132.01629638671875,109.6668472290039,112.1891098022461,0.00010739207937149331,0.056892842054367065,21.011865615844727,0.7406647801399231,-0.20242130756378174,0.0,0.0
7393,1848,44.99349594116211,46.94233322143555,131.08738708496094,109.68403625488281,112.7387466430664,0.00011885621643159539,0.05688684061169624,21.011886596679688,0.750673770904541,-0.24453282356262207,0.0,0.0
7394,1848.25,44.83168029785156,47.246089935302734,130.9568634033203,109.67919158935547,112.82270050048828,0.00012917393178213388,0.056881438940763474,21.011905670166016,0.7706916928291321,-0.25155243277549744,0.0,0.0
7395,1848.5,45.032772064208984,46.922264099121094,130.69354248046875,109.66816711425781,113.2276382446289,0.0001558207004563883,0.05687657743692398,21.01192283630371,0.7606827616691589,-0.28434115648269653,0.0,0.0
7396,1848.75,45.17802810668945,47.206600189208984,130.04551696777344,109.67786407470703,113.0992431640625,0.00017980279517360032,0.05686495080590248,21.01217269897461,0.750673770904541,-0.2734537720680237,0.0,0.0
7397,1849,45.033653259277344,46.817901611328125,134.29544067382812,109.68095397949219,112.76195526123047,0.00020138667605351657,0.0568544864654541,21.01239585876465,0.7606827616691589,-0.24661530554294586,0.0,0.0
7398,1849.25,45.25193786621094,47.533756256103516,129.58221435546875,109.68888092041016,112.62664794921875,0.00023496981884818524,0.05684506893157959,21.012598037719727,0.7606827616691589,-0.23528362810611725,0.0,0.0
7399,1849.5,44.88531494140625,47.118839263916016,134.4167938232422,109.6756591796875,113.03307342529297,0.0002651946560945362,0.05683659389615059,21.012779235839844,0.7706916928291321,-0.26842302083969116,0.0,0.0
7400,1849.75,44.83271026611328,46.935909271240234,131.46902465820312,109.67742919921875,113.78270721435547,0.0002923969877883792,0.05682171508669853,21.012943267822266,0.7606827616691589,-0.3271225094795227,0.0,0.0
7401,1850,45.24103927612305,47.316917419433594,127.86026000976562,109.69461059570312,113.22270202636719,0.0003168791008647531,0.05680832266807556,21.013090133666992,0.7706916928291321,-0.28180670738220215,0.0,0.0
7402,1850.25,45.386688232421875,47.352691650390625,129.32650756835938,109.69373321533203,113.58221435546875,0.00034599556238390505,0.05679627135396004,21.013221740722656,0.7706916928291321,-0.31009921431541443,0.0,0.0
7403,1850.5,45.06354904174805,47.182674407958984,131.96591186523438,109.6981430053711,113.17233276367188,0.0003722003602888435,0.056785423308610916,21.013107299804688,0.7706916928291321,-0.27755892276763916,0.0,0.0
7404,1850.75,44.953243255615234,47.07254409790039,131.37742614746094,109.68711853027344,112.96788787841797,0.0003957846784032881,0.056775663048028946,21.013004302978516,0.7606827616691589,-0.26235726475715637,0.0,0.0
7405,1851,45.69870376586914,47.304256439208984,129.26316833496094,109.70298767089844,113.2814712524414,0.0004170105676166713,0.05677412822842598,21.01291275024414,0.7706916928291321,-0.28574639558792114,0.0,0.0
7406,1851.25,45.03779602050781,47.23994827270508,129.1952362060547,109.69902038574219,113.29331970214844,0.00043933396227657795,0.05677274614572525,21.01283073425293,0.7706916928291321,-0.28699901700019836,0.0,0.0
7407,1851.5,45.333763122558594,47.071651458740234,129.7096710205078,109.69549560546875,112.70319366455078,0.00045942500582896173,0.056771501898765564,21.01275634765625,0.7606827616691589,-0.24079501628875732,0.0,0.0
7408,1851.75,45.140594482421875,47.10549545288086,130.4989013671875,109.69108581542969,112.67899322509766,0.00047750695375725627,0.056770384311676025,21.0126895904541,0.7706916928291321,-0.23924094438552856,0.0,0.0
7409,1852,45.20076370239258,47.011444091796875,132.05445861816406,109.68315124511719,113.13430786132812,0.0004937807098031044,0.05676937848329544,21.01262855529785,0.7706916928291321,-0.27578383684158325,0.0,0.0
7410,1852.25,45.2675895690918,47.095977783203125,126.97638702392578,109.69108581542969,113.3901138305664,0.0005084270960651338,0.056768473237752914,21.0125732421875,0.7606827616691589,-0.2952456772327423,0.0,0.0
7411,1852.5,45.12928009033203,47.17866134643555,133.07342529296875,109.69637298583984,112.40985870361328,0.0005216088029555976,0.05676765739917755,21.012523651123047,0.7606827616691589,-0.21752411127090454,0.0,0.0
7412,1852.75,45.101593017578125,46.447021484375,136.99436950683594,109.69329071044922,112.75060272216797,0.0005334723391570151,0.056766923516988754,21.012479782104492,0.7606827616691589,-0.24471770226955414,0.0,0.0
7413,1853,45.402774810791016,46.667728424072266,129.64173889160156,109.70915985107422,113.457763671875,0.0005441495450213552,0.05675901100039482,21.012439727783203,0.7606827616691589,-0.29908815026283264,0.0,0.0
7414,1853.25,44.99974060058594,46.83876419067383,130.79429626464844,109.70475006103516,113.96443939208984,0.0005537590477615595,0.05675189197063446,21.01240348815918,0.750673770904541,-0.33911195397377014,0.0,0.0
7415,1853.5,45.02959442138672,47.05231857299805,129.34178161621094,109.69725799560547,113.11949157714844,0.0005624076002277434,0.056745484471321106,21.012371063232422,0.7406647801399231,-0.27347344160079956,0.0,0.0
7416,1853.75,45.33271408081055,46.72373580932617,131.25836181640625,109.71400451660156,113.09973907470703,0.0005727681564167142,0.05673971772193909,21.01234245300293,0.7406647801399231,-0.27055978775024414,0.0,0.0
7417,1854,44.643680572509766,46.96357727050781,129.8928680419922,109.70695495605469,112.71849822998047,0.0005820926744490862,0.05673452466726303,21.01231575012207,0.73065584897995,-0.2410736083984375,0.0,0.0
7418,1854.25,45.043304443359375,47.09134292602539,131.52398681640625,109.70430755615234,113.63455963134766,0.0005904847639612854,0.05672985315322876,21.012292861938477,0.7406647801399231,-0.31334295868873596,0.0,0.0
7419,1854.5,45.17787551879883,47.622737884521484,129.79287719726562,109.69505310058594,112.48639678955078,0.0005980376154184341,0.056725647300481796,21.012271881103516,0.750673770904541,-0.223690465092659,0.0,0.0
7420,1854.75,44.92950439453125,46.84135437011719,133.6352081298828,109.69990539550781,113.11801147460938,0.0006048351642675698,0.05672186240553856,21.012252807617188,0.7706916928291321,-0.27314189076423645,0.0,0.0
7421,1855,44.82292175292969,46.89352798461914,128.60446166992188,109.7166519165039,113.68888092041016,0.0006192836444824934,0.056696709245443344,21.012235641479492,0.7706916928291321,-0.3165956139564514,0.0,0.0
7422,1855.25,44.89308547973633,46.988773345947266,128.00909423828125,109.70254516601562,112.76195526123047,0.0006439905846491456,0.05667407065629959,21.01220703125,0.7706916928291321,-0.24486277997493744,0.0,0.0
7423,1855.5,45.09593200683594,46.93788146972656,129.0662384033203,109.70386505126953,113.42369079589844,0.0006439905846491456,0.056653693318367004,21.01220703125,0.7706916928291321,-0.29684412479400635,0.0,0.0
7424,1855.75,45.411441802978516,47.24258804321289,128.6548309326172,109.70254516601562,113.0859146118164,0.0006545235519297421,0.056635353714227676,21.012195587158203,0.7706916928291321,-0.2704011797904968,0.0,0.0
7425,1856,45.25870895385742,47.13007354736328,130.707275390625,109.73163604736328,113.4918441772461,0.0006640031933784485,0.0566261000931263,21.012184143066406,0.7706916928291321,-0.2999381721019745,0.0,0.0
7426,1856.25,45.168575286865234,47.634212493896484,133.27798461914062,109.70695495605469,114.10813903808594,0.000678336073178798,0.056617770344018936,21.012174606323242,0.7706916928291321,-0.35015058517456055,0.0,0.0
7427,1856.5,45.15179443359375,46.92847442626953,126.7542724609375,109.7003402709961,113.3357925415039,0.000702845340128988,0.05661027505993843,21.0123233795166,0.7706916928291321,-0.2902289032936096,0.0,0.0
7428,1856.75,45.15348815917969,47.1673583984375,127.31909942626953,109.7095947265625,114.1115951538086,0.0007132940227165818,0.056603528559207916,21.012386322021484,0.78070068359375,-0.3502063751220703,0.0,0.0
7429,1857,45.3759765625,47.05896759033203,129.17996215820312,109.72634887695312,113.22566223144531,0.0007132940227165818,0.05659745633602142,21.012386322021484,0.7706916928291321,-0.27946409583091736,0.0,0.0
7430,1857.25,45.554080963134766,46.552101135253906,126.65276336669922,109.71356201171875,113.58122253417969,0.0007194746285676956,0.05659199133515358,21.01244354248047,0.7706916928291321,-0.30841270089149475,0.0,0.0
7431,1857.5,44.77292251586914,46.929542541503906,131.4339141845703,109.68844604492188,113.41925048828125,0.0007300434517674148,0.05663098767399788,21.012540817260742,0.7706916928291321,-0.2977471649646759,0.0,0.0
7432,1857.75,45.207763671875,47.262840270996094,129.160888671875,109.71444702148438,113.14369201660156,0.0007345490739680827,0.05666608363389969,21.012582778930664,0.7606827616691589,-0.27398285269737244,0.0,0.0
7433,1858,45.04435348510742,47.10580825805664,127.5152587890625,109.72898864746094,112.87504577636719,0.0007345490739680827,0.05669767037034035,21.012582778930664,0.7606827616691589,-0.25164085626602173,0.0,0.0
7434,1858.25,45.17471694946289,47.00768280029297,129.42420959472656,109.7073974609375,112.4384994506836,0.0007244289736263454,0.05675168335437775,21.012619018554688,0.7606827616691589,-0.21889713406562805,0.0,0.0
7435,1858.5,45.03825378417969,46.95003890991211,131.2316436767578,109.7082748413086,112.44837188720703,0.0007153209298849106,0.05675168335437775,21.012651443481445,0.7706916928291321,-0.21960791945457458,0.0,0.0
7436,1858.75,45.60239791870117,46.96208190917969,131.3728485107422,109.71488952636719,113.3580093383789,0.0007071236614137888,0.056818220764398575,21.01268196105957,0.7606827616691589,-0.29079297184944153,0.0,0.0
7437,1859,45.05680465698242,47.00856018066406,131.01564025878906,109.72722625732422,114.47753143310547,0.0006997461314313114,0.05687810480594635,21.01270866394043,0.7606827616691589,-0.3772768974304199,0.0,0.0
7438,1859.25,45.2779426574707,47.25893783569336,128.65635681152344,109.71400451660156,113.21974182128906,0.0006680030492134392,0.0569319985806942,21.012733459472656,0.7706916928291321,-0.28000015020370483,0.0,0.0
7439,1859.5,44.728145599365234,46.715885162353516,128.1022186279297,109.71003723144531,112.805908203125,0.000639434321783483,0.057009655982255936,21.012754440307617,0.7706916928291321,-0.24772439897060394,0.0,0.0
7440,1859.75,45.0303955078125,47.201412200927734,127.84575653076172,109.72149658203125,113.30220794677734,0.0006137224263511598,0.057035893201828,21.012773513793945,0.7606827616691589,-0.28587406873703003,0.0,0.0
7441,1860,45.486202239990234,46.69038391113281,129.49366760253906,109.7422103881836,112.79603576660156,0.0005905817379243672,0.057035893201828,21.01279067993164,0.750673770904541,-0.2443348616361618,0.0,0.0
7442,1860.25,45.08954620361328,47.122676849365234,126.3978271484375,109.7166519165039,112.64047241210938,0.0005697550950571895,0.05705950781702995,21.012805938720703,0.750673770904541,-0.23412269353866577,0.0,0.0
7443,1860.5,44.840179443359375,47.12120056152344,131.54000854492188,109.71356201171875,113.32640838623047,0.0005510111222974956,0.057092636823654175,21.012821197509766,0.750673770904541,-0.2884189784526825,0.0,0.0
7444,1860.75,45.59060287475586,47.28971481323242,128.70672607421875,109.7241439819336,113.8503646850586,0.0005071439663879573,0.05710332468152046,21.012834548950195,0.750673770904541,-0.3286231756210327,0.0,0.0
7445,1861,45.610965728759766,46.9217414855957,130.0959014892578,109.72061920166016,113.33381652832031,0.0004676635144278407,0.05710332468152046,21.012845993041992,0.7606827616691589,-0.28842830657958984,0.0,0.0
7446,1861.25,44.76226043701172,46.90841293334961,127.02752685546875,109.71312713623047,113.7960433959961,0.0004321310843806714,0.05711294338107109,21.01285743713379,0.750673770904541,-0.3252687454223633,0.0,0.0
7447,1861.5,45.15620803833008,47.168453216552734,129.5867919921875,109.73075103759766,112.83554077148438,0.0004001519118901342,0.057121600955724716,21.012866973876953,0.73065584897995,-0.2483818531036377,0.0,0.0
7448,1861.75,45.65894317626953,46.91766357421875,130.93321228027344,109.72105407714844,113.2291259765625,0.00036751694278791547,0.05714389309287071,21.012874603271484,0.750673770904541,-0.28016605973243713,0.0,0.0
7449,1862,44.9625358581543,46.99448013305664,128.05490112304688,109.7267837524414,113.32443237304688,0.00033814547350630164,0.05716395750641823,21.012882232666016,0.7606827616691589,-0.2871907949447632,0.0,0.0
7450,1862.25,45.30406951904297,47.3414192199707,128.65025329589844,109.71400451660156,113.0686264038086,0.0003117111627943814,0.05718201398849487,21.012889862060547,0.7606827616691589,-0.2681107819080353,0.0,0.0
7451,1862.5,44.97389602661133,47.3273811340332,131.5720672607422,109.7095947265625,112.44985961914062,0.00028792029479518533,0.057198263704776764,21.012895584106445,0.750673770904541,-0.21961824595928192,0.0,0.0
7452,1862.75,45.28196716308594,47.31936264038086,135.12510681152344,109.73075103759766,113.04640197753906,0.00027678662445396185,0.057212889194488525,21.012901306152344,0.750673770904541,-0.26500204205513,0.0,0.0
7453,1863,44.600990295410156,47.439510345458984,129.9691925048828,109.72590637207031,113.98517608642578,0.0002667663211468607,0.05721155181527138,21.012907028198242,0.7606827616691589,-0.3390149474143982,0.0,0.0
7454,1863.25,45.51862335205078,47.15700149536133,132.4597625732422,109.7254638671875,113.18270111083984,0.00025774806272238493,0.057210348546504974,21.012910842895508,0.73065584897995,-0.2761576771736145,0.0,0.0
7455,1863.5,45.15725326538086,47.16942596435547,129.9752960205078,109.7095947265625,112.74072265625,0.0002496316155884415,0.05720926448702812,21.012914657592773,0.720646858215332,-0.24261437356472015,0.0,0.0
7456,1863.75,44.935733795166016,47.04172897338867,131.43849182128906,109.73030853271484,112.95010375976562,0.00024232681607827544,0.057208288460969925,21.01291847229004,0.7406647801399231,-0.2574513256549835,0.0,0.0
7457,1864,45.161705017089844,47.10731887817383,132.6772918701172,109.72325897216797,113.55949401855469,0.00023575249360874295,0.05720740929245949,21.012922286987305,0.7406647801399231,-0.3059224486351013,0.0,0.0
7458,1864.25,45.06729507446289,47.19391632080078,129.2204132080078,109.71179962158203,112.9906005859375,0.0002478357055224478,0.057221122086048126,21.01292610168457,0.73065584897995,-0.26214414834976196,0.0,0.0
7459,1864.5,44.844661712646484,47.11233901977539,128.17701721191406,109.71224212646484,112.72738647460938,0.0002587106137070805,0.05723346024751663,21.01279640197754,0.750673770904541,-0.24134673178195953,0.0,0.0
7460,1864.75,45.432064056396484,47.01283264160156,125.54601287841797,109.7342758178711,112.37034606933594,0.00026849802816286683,0.05724456533789635,21.012680053710938,0.750673770904541,-0.21131908893585205,0.0,0.0
7461,1865,45.429744720458984,47.03867721557617,129.6814422607422,109.7162094116211,112.60887145996094,0.0002773066808003932,0.05725456029176712,21.012575149536133,0.7406647801399231,-0.23166081309318542,0.0,0.0
7462,1865.25,45.37186050415039,46.6236457824707,128.52964782714844,109.72238159179688,112.65035247802734,0.0002852344769053161,0.05727081000804901,21.012481689453125,0.73065584897995,-0.23443865776062012,0.0,0.0
7463,1865.5,44.83141326904297,47.223690032958984,130.32640075683594,109.71224212646484,113.3165283203125,0.00030588111258111894,0.05728543549776077,21.01239776611328,0.73065584897995,-0.2877497971057892,0.0,0.0
7464,1865.75,45.49073028564453,47.12774658203125,135.91357421875,109.717529296875,112.62812805175781,0.0003244630934204906,0.05729859694838524,21.01232147216797,0.720646858215332,-0.23307578265666962,0.0,0.0
7465,1866,45.2530632019043,47.29640197753906,128.12283325195312,109.72017669677734,112.73133850097656,0.0003411868819966912,0.05731044337153435,21.012252807617188,0.7406647801399231,-0.2410147339105606,0.0,0.0
7466,1866.25,44.94987106323242,46.87663269042969,128.67161560058594,109.72193908691406,112.60590362548828,0.00035623827716335654,0.057321105152368546,21.012191772460938,0.750673770904541,-0.23096105456352234,0.0,0.0
7467,1866.5,44.80255126953125,47.31342697143555,130.6126251220703,109.70475006103516,112.93677520751953,0.0003697845386341214,0.057330697774887085,21.012136459350586,0.750673770904541,-0.25847434997558594,0.0,0.0
7468,1866.75,45.296531677246094,47.37687301635742,130.63934326171875,109.72634887695312,112.6666488647461,0.00039420873508788645,0.057332079857587814,21.012086868286133,0.7406647801399231,-0.23540456593036652,0.0,0.0
7469,1867,45.246620178222656,46.88682556152344,129.35093688964844,109.71268463134766,112.96146392822266,0.00041619050898589194,0.0573333241045475,21.011808395385742,0.7406647801399231,-0.25977665185928345,0.0,0.0
7470,1867.25,45.092018127441406,47.20230484008789,127.64578247070312,109.71003723144531,113.0641860961914,0.0004359740996733308,0.05733444541692734,21.011558532714844,0.720646858215332,-0.268082857131958,0.0,0.0
7471,1867.5,45.281803131103516,46.95149612426758,129.26927185058594,109.71179962158203,113.22517395019531,0.0004537793283816427,0.05733545124530792,21.011333465576172,0.720646858215332,-0.28060629963874817,0.0,0.0
7472,1867.75,44.946739196777344,47.02467727661133,131.90257263183594,109.72943115234375,112.349609375,0.00046980404295027256,0.05733635649085045,21.011131286621094,0.73065584897995,-0.21006892621517181,0.0,0.0
7473,1868,45.2684326171875,47.213958740234375,134.5938720703125,109.7188491821289,113.57035827636719,0.0004835820000153035,0.05733717232942581,21.010948181152344,0.720646858215332,-0.3071317672729492,0.0,0.0
7474,1868.25,45.47261428833008,47.31711196899414,129.94094848632812,109.71003723144531,112.87751770019531,0.0004959821817465127,0.05733790621161461,21.011016845703125,0.7106378078460693,-0.2533734440803528,0.0,0.0
7475,1868.5,45.484493255615234,47.03703689575195,130.05848693847656,109.71047973632812,112.89331817626953,0.0005071423365734518,0.057338569313287735,21.011077880859375,0.720646858215332,-0.25458383560180664,0.0,0.0
7476,1868.75,45.29370880126953,46.91170883178711,130.6095733642578,109.71532440185547,112.71158599853516,0.000517186475917697,0.05733916535973549,21.011133193969727,0.73065584897995,-0.23984868824481964,0.0,0.0
7477,1869,45.240055084228516,46.72321319580078,128.50904846191406,109.70343017578125,113.23702239990234,0.0005159249412827194,0.05733970180153847,21.01118278503418,0.73065584897995,-0.2822169065475464,0.0,0.0
7478,1869.25,45.09003448486328,47.24774932861328,127.86636352539062,109.70430755615234,112.54862213134766,0.0005147896008566022,0.05733293667435646,21.011228561401367,0.73065584897995,-0.22786256670951843,0.0,0.0
7479,1869.5,45.447975158691406,47.34580612182617,132.65667724609375,109.7003402709961,112.6340560913086,0.0005137677653692663,0.057326845824718475,21.011268615722656,0.7406647801399231,-0.234939306974411,0.0,0.0
7480,1869.75,45.124046325683594,47.092041015625,128.0335235595703,109.71268463134766,112.42220306396484,0.0005128481425344944,0.05732136592268944,21.01130485534668,0.7406647801399231,-0.21717776358127594,0.0,0.0
7481,1870,45.07579803466797,46.79337692260742,127.37481689453125,109.70606994628906,112.35208129882812,0.0005120204295963049,0.057316433638334274,21.011337280273438,0.73065584897995,-0.21216022968292236,0.0,0.0
7482,1870.25,45.38955307006836,47.03262710571289,132.72689819335938,109.70122528076172,112.82368469238281,0.0005016230279579759,0.05731199309229851,21.011367797851562,0.73065584897995,-0.24984203279018402,0.0,0.0
7483,1870.5,45.40056610107422,47.03323745727539,127.91216278076172,109.70210266113281,113.09381103515625,0.0004922653315588832,0.05729348957538605,21.011394500732422,0.73065584897995,-0.2710586190223694,0.0,0.0
7484,1870.75,45.381317138671875,47.058467864990234,131.46597290039062,109.7073974609375,112.87257385253906,0.0004838434106204659,0.05727683752775192,21.01141929626465,0.750673770904541,-0.25319766998291016,0.0,0.0
7485,1871,45.52326965332031,47.44027328491211,129.01890563964844,109.7166519165039,112.85381317138672,0.0004762636963278055,0.05726185068488121,21.01144027709961,0.750673770904541,-0.2509673535823822,0.0,0.0
7486,1871.25,45.21651077270508,46.892398834228516,128.54949951171875,109.69108581542969,112.91504669189453,0.00046879873843863606,0.05724836140871048,21.011459350585938,0.750673770904541,-0.25787076354026794,0.0,0.0
7487,1871.5,45.05537033081055,47.099029541015625,130.40501403808594,109.70166778564453,112.28491973876953,0.00046208026469685137,0.05723622441291809,21.011476516723633,0.7406647801399231,-0.20719438791275024,0.0,0.0
7488,1871.75,45.5223503112793,47.298614501953125,131.65602111816406,109.69902038574219,112.36294555664062,0.0004560336528811604,0.05721079930663109,21.011491775512695,0.73065584897995,-0.2135932743549347,0.0,0.0
7489,1872,44.63004684448242,47.15456008911133,127.78317260742188,109.70606994628906,111.69281005859375,0.0004538083157967776,0.05718791484832764,21.011507034301758,0.73065584897995,-0.15977011620998383,0.0,0.0
7490,1872.25,45.180511474609375,47.080238342285156,130.8057403564453,109.69373321533203,112.40689086914062,0.000451805506600067,0.05716731771826744,21.011520385742188,0.720646858215332,-0.21750344336032867,0.0,0.0
7491,1872.5,45.071449279785156,47.12248992919922,129.64402770996094,109.699462890625,113.29035949707031,0.0004500029899645597,0.057148780673742294,21.011531829833984,0.73065584897995,-0.28673049807548523,0.0,0.0
7492,1872.75,45.089237213134766,46.89276123046875,136.3471221923828,109.70430755615234,112.38713836669922,0.0004483807133510709,0.05713935196399689,21.01154136657715,0.750673770904541,-0.21508093178272247,0.0,0.0
7493,1873,45.5913200378418,47.31118392944336,127.95567321777344,109.69637298583984,113.41134643554688,0.0004469206614885479,0.05713086575269699,21.011550903320312,0.750673770904541,-0.2964831292629242,0.0,0.0
7494,1873.25,45.32120895385742,47.40744400024414,130.006591796875,109.69549560546875,113.1624526977539,0.00044753734255209565,0.057123225182294846,21.011558532714844,0.7406647801399231,-0.2769961953163147,0.0,0.0
7495,1873.5,45.44557571411133,46.99964904785156,130.6515655517578,109.70210266113281,112.7861557006836,0.000448092381702736,0.05711635202169418,21.011566162109375,0.7406647801399231,-0.2468089759349823,0.0,0.0
7496,1873.75,45.147640228271484,47.31267547607422,131.24920654296875,109.699462890625,113.09529113769531,0.00044859189074486494,0.05712466686964035,21.011573791503906,0.750673770904541,-0.27138960361480713,0.0,0.0
7497,1874,45.20088577270508,47.4235954284668,129.5608367919922,109.68624114990234,113.21479797363281,0.0004490414576139301,0.05713215097784996,21.011579513549805,0.750673770904541,-0.2818642258644104,0.0,0.0
7498,1874.25,45.17561340332031,47.01458740234375,130.5149383544922,109.68932342529297,113.06171417236328,0.0004494460590649396,0.05713888630270958,21.011585235595703,0.73065584897995,-0.2695692777633667,0.0,0.0
7499,1874.5,45.60845947265625,47.23792266845703,128.08848571777344,109.68668365478516,113.20245361328125,0.00044723617611452937,0.05714494735002518,21.0115909576416,0.73065584897995,-0.2808576226234436,0.0,0.0
7500,1874.75,45.389827728271484,46.96471405029297,131.01869201660156,109.68844604492188,112.6952896118164,0.0004452472785487771,0.05715765431523323,21.011594772338867,0.73065584897995,-0.24074269831180573,0.0,0.0
7501,1875,45.062442779541016,46.37382507324219,127.3702392578125,109.68095397949219,112.48146057128906,0.00044345727656036615,0.05716909095644951,21.011598587036133,0.7406647801399231,-0.22444409132003784,0.0,0.0
7502,1875.25,44.683258056640625,46.92611312866211,129.99362182617188,109.68844604492188,112.35356140136719,0.0004418462631292641,0.05717938393354416,21.0116024017334,0.7406647801399231,-0.21370795369148254,0.0,0.0
7503,1875.5,44.7856330871582,47.078712463378906,128.63726806640625,109.6928482055664,112.80294799804688,0.00044039636850357056,0.057188648730516434,21.011606216430664,0.7406647801399231,-0.24888546764850616,0.0,0.0
7504,1875.75,45.20108413696289,46.80733108520508,128.25717163085938,109.7007827758789,113.42171478271484,0.0004365640925243497,0.05718247964978218,21.01161003112793,0.7406647801399231,-0.29693901538848877,0.0,0.0
7505,1876,44.68577194213867,47.075355529785156,132.36129760742188,109.6747817993164,112.59800720214844,0.00043311502668075264,0.05717692896723747,21.011611938476562,0.7606827616691589,-0.23416410386562347,0.0,0.0
7506,1876.25,45.07372283935547,46.98249053955078,132.07200622558594,109.67874908447266,113.38516998291016,0.00043001087033189833,0.057171933352947235,21.011613845825195,0.7406647801399231,-0.29585835337638855,0.0,0.0
7507,1876.5,45.31846237182617,46.96458435058594,129.47154235839844,109.68315124511719,112.84788513183594,0.00042721713543869555,0.05716743692755699,21.011615753173828,0.7406647801399231,-0.2532178461551666,0.0,0.0
7508,1876.75,45.170753479003906,46.96971130371094,130.435546875,109.68315124511719,112.47306823730469,0.00042405957356095314,0.05716339126229286,21.01161766052246,0.73065584897995,-0.22360125184059143,0.0,0.0
7509,1877,45.46120834350586,47.03009796142578,129.38070678710938,109.68095397949219,113.21974182128906,0.0004212177882436663,0.057159747928380966,21.011531829833984,0.7406647801399231,-0.2826819121837616,0.0,0.0
7510,1877.25,45.041324615478516,46.71149826049805,129.42726135253906,109.68447875976562,112.59405517578125,0.000418660172726959,0.05715646967291832,21.011455535888672,0.7406647801399231,-0.23306432366371155,0.0,0.0
7511,1877.5,45.05674362182617,46.842529296875,130.5126495361328,109.67389678955078,112.66072082519531,0.000418660172726959,0.05715351924300194,21.011455535888672,0.7406647801399231,-0.2391924113035202,0.0,0.0
7512,1877.75,44.89616012573242,47.2779426574707,131.58810424804688,109.68492126464844,112.91554260253906,0.00041635832167230546,0.057150863111019135,21.01138687133789,0.7406647801399231,-0.25840991735458374,0.0,0.0
7513,1878,45.31713104248047,47.22555160522461,129.41505432128906,109.6642074584961,112.71800994873047,0.0004168598970863968,0.057155728340148926,21.01132583618164,0.7606827616691589,-0.24450446665287018,0.0,0.0
7514,1878.25,44.578189849853516,46.8612060546875,131.0484619140625,109.66332244873047,112.79356384277344,0.00041731129749678075,0.05716010555624962,21.011037826538086,0.7606827616691589,-0.2505411207675934,0.0,0.0
7515,1878.5,45.28379440307617,47.05297088623047,131.10342407226562,109.67919158935547,112.82714080810547,0.0004177175578661263,0.05716404691338539,21.010778427124023,0.7406647801399231,-0.25190284848213196,0.0,0.0
7516,1878.75,44.8320198059082,47.04643630981445,128.2235870361328,109.6642074584961,112.47504425048828,0.0004180832183919847,0.05716759338974953,21.010543823242188,0.7606827616691589,-0.22529518604278564,0.0,0.0
7517,1879,45.16721725463867,46.909854888916016,130.31419372558594,109.65583038330078,112.90023040771484,0.0004287090850993991,0.05717078596353531,21.010334014892578,0.750673770904541,-0.2595641613006592,0.0,0.0
7518,1879.25,45.13114929199219,47.27095413208008,132.17581176757812,109.65362548828125,113.76690673828125,0.00043827237095683813,0.05717365816235542,21.01014518737793,0.7406647801399231,-0.3278183043003082,0.0,0.0
7519,1879.5,45.188079833984375,47.04035186767578,132.44525146484375,109.66067504882812,112.97677612304688,0.00044687933404929936,0.057175830006599426,21.009973526000977,0.750673770904541,-0.2652043104171753,0.0,0.0
7520,1879.75,45.15125274658203,46.93241500854492,128.96701049804688,109.66508483886719,113.00096893310547,0.00045462558045983315,0.05717778205871582,21.00981903076172,0.7406647801399231,-0.26675257086753845,0.0,0.0
7521,1880,45.00410079956055,46.5305061340332,128.7975616455078,109.6747817993164,112.6557846069336,0.000470611295895651,0.057179540395736694,21.009681701660156,0.7406647801399231,-0.238730788230896,0.0,0.0
7522,1880.25,45.37470245361328,46.73020935058594,131.82928466796875,109.65142059326172,113.28295135498047,0.0004849984252359718,0.05716662108898163,21.009557723999023,0.73065584897995,-0.2900479733943939,0.0,0.0
7523,1880.5,45.1489372253418,46.82930374145508,132.03536987304688,109.6575927734375,112.81183624267578,0.0004979468649253249,0.05716662108898163,21.009445190429688,0.7406647801399231,-0.252448707818985,0.0,0.0
7524,1880.75,45.08381652832031,46.82060241699219,128.99830627441406,109.65186309814453,112.66812896728516,0.0005096004460938275,0.05715499445796013,21.00934410095215,0.7406647801399231,-0.241566464304924,0.0,0.0
7525,1881,45.00695037841797,46.862403869628906,127.86713409423828,109.64392852783203,113.24195861816406,0.0005200886516831815,0.05714453011751175,21.009252548217773,0.7406647801399231,-0.28743410110473633,0.0,0.0
7526,1881.25,45.144447326660156,47.08417892456055,127.44122314453125,109.65583038330078,112.87356567382812,0.0005295280716381967,0.05713511258363724,21.009170532226562,0.73065584897995,-0.25746116042137146,0.0,0.0
7527,1881.5,45.288143157958984,47.283966064453125,131.24539184570312,109.66024017333984,113.69283294677734,0.0005393113824538887,0.05714113637804985,21.009098052978516,0.73065584897995,-0.32148313522338867,0.0,0.0
7528,1881.75,45.2770881652832,46.98843765258789,127.63280487060547,109.64657592773438,113.51455688476562,0.000548116397112608,0.05714656040072441,21.009031295776367,0.7406647801399231,-0.3086230754852295,0.0,0.0
7529,1882,44.76220703125,46.7454719543457,131.39956665039062,109.64260864257812,113.66715240478516,0.0005560409044846892,0.057151440531015396,21.00897216796875,0.7406647801399231,-0.3209038972854614,0.0,0.0
7530,1882.25,45.13617706298828,46.52898025512695,127.24353790283203,109.63643646240234,112.33578491210938,0.0005631729145534337,0.05715583264827728,21.00891876220703,0.750673770904541,-0.2165209949016571,0.0,0.0
7531,1882.5,45.324005126953125,47.41904830932617,127.6541748046875,109.64349365234375,112.83702087402344,0.0005644400953315198,0.05713803321123123,21.00887107849121,0.750673770904541,-0.255580335855484,0.0,0.0
7532,1882.75,45.21897888183594,47.15116500854492,130.8370361328125,109.63996124267578,113.08492279052734,0.0005655805580317974,0.05712201073765755,21.00905990600586,0.7406647801399231,-0.2754034996032715,0.0,0.0
7533,1883,45.480499267578125,47.33527755737305,129.0593719482422,109.64392852783203,113.05233001708984,0.0005666069919243455,0.0571075938642025,21.009231567382812,0.750673770904541,-0.27251487970352173,0.0,0.0
7534,1883.25,44.93886184692383,46.942604064941406,129.07920837402344,109.63467407226562,113.1881332397461,0.0005675307475030422,0.05709461867809296,21.00938606262207,0.750673770904541,-0.28395384550094604,0.0,0.0
7535,1883.5,45.302249908447266,46.98686218261719,129.7699737548828,109.64789581298828,112.97282409667969,0.0005644994671456516,0.05708293989300728,21.009523391723633,0.7606827616691589,-0.26593029499053955,0.0,0.0
7536,1883.75,45.00981521606445,47.37050247192383,134.1015625,109.63070678710938,113.19554138183594,0.0005617713322862983,0.057057928293943405,21.009647369384766,0.750673770904541,-0.28485825657844543,0.0,0.0
7537,1884,45.156005859375,47.34169006347656,128.62353515625,109.6148452758789,112.55307006835938,0.0005593160167336464,0.0570354163646698,21.0097599029541,0.750673770904541,-0.23547647893428802,0.0,0.0
7538,1884.25,44.9179801940918,47.02252197265625,127.51296997070312,109.63114929199219,112.78072357177734,0.0005571062210947275,0.057015158236026764,21.00986099243164,0.7406647801399231,-0.25213974714279175,0.0,0.0
7539,1884.5,45.04914093017578,46.694053649902344,129.5989990234375,109.63908386230469,112.57874298095703,0.0005551173817366362,0.05699692294001579,21.009952545166016,0.750673770904541,-0.23553860187530518,0.0,0.0
7540,1884.75,45.152957916259766,47.150428771972656,128.19839477539062,109.65054321289062,112.33775329589844,0.0005494651850312948,0.05698051303625107,21.009801864624023,0.7606827616691589,-0.215532124042511,0.0,0.0
7541,1885,45.20983123779297,47.17315673828125,128.72047424316406,109.631591796875,112.25578308105469,0.0005443782429210842,0.0570019967854023,21.00966453552246,0.750673770904541,-0.21057255566120148,0.0,0.0
7542,1885.25,45.421756744384766,47.178810119628906,129.33108520507812,109.62013244628906,112.15701293945312,0.0005397999775595963,0.057021334767341614,21.00954246520996,0.750673770904541,-0.20366713404655457,0.0,0.0
7543,1885.5,45.30611038208008,47.04997634887695,133.63137817382812,109.64305114746094,112.71454620361328,0.0005388977588154376,0.05703873559832573,21.009431838989258,0.750673770904541,-0.24594871699810028,0.0,0.0
7544,1885.75,45.22648239135742,46.918575286865234,128.3777618408203,109.62409973144531,112.42022705078125,0.0005380857619456947,0.05705439671874046,21.00933265686035,0.7706916928291321,-0.22421228885650635,0.0,0.0
7545,1886,45.51451110839844,47.48479080200195,129.82264709472656,109.613525390625,112.7209701538086,0.0005373549647629261,0.05706849321722984,21.00924301147461,0.7706916928291321,-0.24885328114032745,0.0,0.0
7546,1886.25,44.950618743896484,46.9469108581543,129.06700134277344,109.60779571533203,113.1076431274414,0.0005366972764022648,0.05704492703080177,21.00916290283203,0.7606827616691589,-0.2798035740852356,0.0,0.0
7547,1886.5,45.19013977050781,46.934165954589844,128.73878479003906,109.61219787597656,112.68195343017578,0.0005361053626984358,0.05702371522784233,21.009323120117188,0.750673770904541,-0.24587947130203247,0.0,0.0
7548,1886.75,44.78404998779297,47.13629150390625,128.96243286132812,109.61528778076172,112.9036865234375,0.0005355726461857557,0.05700462684035301,21.00946807861328,0.750673770904541,-0.263128399848938,0.0,0.0
7549,1887,44.940155029296875,47.19285202026367,131.48199462890625,109.6069107055664,112.84097290039062,0.0005350931896828115,0.056987445801496506,21.009597778320312,0.750673770904541,-0.2588627338409424,0.0,0.0
7550,1887.25,45.167564392089844,47.14575958251953,128.29151916503906,109.61396026611328,113.761962890625,0.00053466169629246,0.05695748329162598,21.009714126586914,0.7606827616691589,-0.3306522071361542,0.0,0.0
7551,1887.5,44.93021774291992,46.87615966796875,130.32716369628906,109.613525390625,113.38813781738281,0.0005458183586597443,0.05693051591515541,21.010103225708008,0.750673770904541,-0.30138707160949707,0.0,0.0
7552,1887.75,45.40035629272461,47.54266357421875,128.6204833984375,109.59104919433594,113.12492370605469,0.0005558593547903001,0.05690624564886093,21.010454177856445,0.750673770904541,-0.28252360224723816,0.0,0.0
7553,1888,45.22345733642578,46.95113754272461,131.77357482910156,109.58795928955078,111.95158386230469,0.0005648962105624378,0.05688440054655075,21.01076889038086,0.750673770904541,-0.18996016681194305,0.0,0.0
7554,1888.25,45.15861892700195,47.18581008911133,130.85763549804688,109.59500885009766,112.94961547851562,0.0005730293923988938,0.05687924101948738,21.01105308532715,0.750673770904541,-0.2683962285518646,0.0,0.0
7555,1888.5,44.98136901855469,46.76420593261719,128.750244140625,109.59809875488281,114.13036346435547,0.000580349238589406,0.0568745993077755,21.011394500732422,0.7606827616691589,-0.3607216775417328,0.0,0.0
7556,1888.75,45.238037109375,46.99985122680664,129.70509338378906,109.59192657470703,113.05480194091797,0.0005869371234439313,0.05687042325735092,21.011703491210938,0.750673770904541,-0.2769327163696289,0.0,0.0
7557,1889,45.22865295410156,46.90730667114258,128.58079528808594,109.57826232910156,112.4256591796875,0.0005915782530792058,0.056866664439439774,21.011980056762695,0.750673770904541,-0.22836501896381378,0.0,0.0
7558,1889.25,45.35985565185547,47.017669677734375,136.7783660888672,109.56768798828125,112.66417694091797,0.0005957552348263562,0.05686328187584877,21.012229919433594,0.750673770904541,-0.2480904906988144,0.0,0.0
7559,1889.5,44.95511245727539,46.5866813659668,128.99754333496094,109.56680297851562,113.17035675048828,0.0005995145183987916,0.05686023458838463,21.012454986572266,0.750673770904541,-0.2880682051181793,0.0,0.0
7560,1889.75,44.927181243896484,47.09975814819336,131.4484100341797,109.58708190917969,113.20442962646484,0.0006028978968970478,0.056865155696868896,21.012657165527344,0.750673770904541,-0.2891002297401428,0.0,0.0
7561,1890,45.14841842651367,47.29405975341797,126.76190948486328,109.56680297851562,113.60295104980469,0.000605942914262414,0.05686958506703377,21.01283836364746,0.7406647801399231,-0.3220311105251312,0.0,0.0
7562,1890.25,45.18929672241211,47.00593948364258,132.7414093017578,109.56592559814453,112.96294403076172,0.00059838080778718,0.05687357112765312,21.013002395629883,0.750673770904541,-0.2718091607093811,0.0,0.0
7563,1890.5,45.79311752319336,47.115577697753906,129.9111785888672,109.56813049316406,112.77677154541016,0.0005915749352425337,0.05687715858221054,21.01314926147461,0.7606827616691589,-0.2569466531276703,0.0,0.0
7564,1890.75,45.575592041015625,47.105735778808594,131.35072326660156,109.55931091308594,112.64196014404297,0.0005854496266692877,0.05688038840889931,21.013282775878906,0.7706916928291321,-0.24701572954654694,0.0,0.0
7565,1891,44.82431411743164,46.62958908081055,130.19740295410156,109.54608917236328,112.88739013671875,0.0005799368373118341,0.05688329413533211,21.013402938842773,0.7706916928291321,-0.2674649953842163,0.0,0.0
7566,1891.25,44.9145393371582,47.09171676635742,131.73388671875,109.5465316772461,112.36640167236328,0.0005678953020833433,0.05690041184425354,21.01350975036621,0.7706916928291321,-0.22624976933002472,0.0,0.0
7567,1891.5,45.17610549926758,47.503944396972656,129.88446044921875,109.56063842773438,112.15898895263672,0.0005570579087361693,0.05691581964492798,21.013607025146484,0.78070068359375,-0.20865653455257416,0.0,0.0
7568,1891.75,45.133262634277344,47.198951721191406,131.39346313476562,109.54741668701172,112.4493637084961,0.0005473042838275433,0.056929685175418854,21.013694763183594,0.7606827616691589,-0.23274843394756317,0.0,0.0
7569,1892,45.183807373046875,47.15752410888672,130.04017639160156,109.5544662475586,113.50616455078125,0.0005385259864851832,0.0569421648979187,21.01377296447754,0.7606827616691589,-0.31544604897499084,0.0,0.0
7570,1892.25,45.166893005371094,47.05476379394531,130.36456298828125,109.53992462158203,112.57677459716797,0.0005293384310789406,0.056953396648168564,21.013843536376953,0.750673770904541,-0.2434377670288086,0.0,0.0
7571,1892.5,45.117801666259766,47.38658905029297,132.08499145507812,109.54917907714844,112.7101058959961,0.0005210696253925562,0.0569707527756691,21.013906478881836,0.7606827616691589,-0.2532227635383606,0.0,0.0
7572,1892.75,45.039825439453125,47.304298400878906,130.39662170410156,109.53463745117188,112.61282348632812,0.0005136277177371085,0.05698637664318085,21.01396369934082,0.7606827616691589,-0.24671731889247894,0.0,0.0
7573,1893,44.965938568115234,46.843666076660156,130.1142120361328,109.5385971069336,112.74665069580078,0.0005069299950264394,0.05700043588876724,21.013782501220703,0.7706916928291321,-0.25696852803230286,0.0,0.0
7574,1893.25,45.18231201171875,47.0389289855957,128.3838653564453,109.5311050415039,112.3081283569336,0.0005009020096622407,0.05701309069991112,21.01361846923828,0.7706916928291321,-0.22288578748703003,0.0,0.0
7575,1893.5,45.51486587524414,46.98430633544922,132.07200622558594,109.5377197265625,112.87602996826172,0.0004954768228344619,0.057024478912353516,21.013471603393555,0.7706916928291321,-0.2672490179538727,0.0,0.0
7576,1893.75,45.15740203857422,47.24661636352539,127.1824722290039,109.56195831298828,112.78713989257812,0.0004905941896140575,0.05702022835612297,21.013338088989258,0.7606827616691589,-0.25826624035835266,0.0,0.0
7577,1894,45.3563117980957,47.29133987426758,130.1928253173828,109.51392364501953,112.21528625488281,0.0004861998022533953,0.05701640248298645,21.01321792602539,0.78070068359375,-0.21692058444023132,0.0,0.0
7578,1894.25,45.47028732299805,47.23915100097656,127.11988067626953,109.52361297607422,113.31109619140625,0.0004816015134565532,0.05701295658946037,21.013111114501953,0.7606827616691589,-0.3026413321495056,0.0,0.0
7579,1894.5,45.063377380371094,46.88027572631836,128.67237854003906,109.52758026123047,113.11455535888672,0.0004774630651809275,0.05700985714793205,21.01301383972168,0.7706916928291321,-0.2868647277355194,0.0,0.0
7580,1894.75,45.07838821411133,46.73805618286133,127.03821563720703,109.52317810058594,112.2172622680664,0.00047373847337439656,0.05699256435036659,21.01292610168457,0.7606827616691589,-0.21632471680641174,0.0,0.0
7581,1895,45.25531005859375,47.006736755371094,132.36053466796875,109.51039123535156,112.8385009765625,0.00047038632328622043,0.05697700008749962,21.012847900390625,0.7406647801399231,-0.26651033759117126,0.0,0.0
7582,1895.25,44.99222946166992,47.28335952758789,127.6419677734375,109.50862884521484,112.95257568359375,0.00046736939111724496,0.0569629929959774,21.01277732849121,0.73065584897995,-0.27564865350723267,0.0,0.0
7583,1895.5,45.10196304321289,47.13513946533203,133.1070098876953,109.51568603515625,113.36936950683594,0.000464654149254784,0.05695038661360741,21.012714385986328,0.720646858215332,-0.3078628480434418,0.0,0.0
7584,1895.75,44.919071197509766,46.88429641723633,130.84848022460938,109.49981689453125,113.01924133300781,0.0004654276999644935,0.05693904310464859,21.012657165527344,0.73065584897995,-0.2816172242164612,0.0,0.0
7585,1896,45.15924835205078,47.02047348022461,127.40534973144531,109.49320983886719,113.10714721679688,0.00046612389269284904,0.056928832083940506,21.012605667114258,0.7406647801399231,-0.2890755832195282,0.0,0.0
7586,1896.25,45.27397155761719,46.87122344970703,131.63389587402344,109.49805450439453,112.22022247314453,0.00046675046905875206,0.0569196417927742,21.01255989074707,0.7406647801399231,-0.21860182285308838,0.0,0.0
7587,1896.5,45.50389099121094,47.035667419433594,129.58526611328125,109.50643157958984,113.22418212890625,0.00046731438487768173,0.056911371648311615,21.01275062561035,0.750673770904541,-0.2972072958946228,0.0,0.0
7588,1896.75,45.12712097167969,47.5677375793457,132.93756103515625,109.4857177734375,113.38912200927734,0.00046782189747318625,0.05689667910337448,21.012922286987305,0.7606827616691589,-0.31184983253479004,0.0,0.0
7589,1897,45.37364196777344,46.818050384521484,130.58287048339844,109.47425842285156,112.73578643798828,0.0004637744277715683,0.05688345432281494,21.013076782226562,0.7606827616691589,-0.2613409161567688,0.0,0.0
7590,1897.25,45.17069625854492,47.26286697387695,131.9949188232422,109.48262786865234,112.34615325927734,0.00046013170504011214,0.056871552020311356,21.013216018676758,0.7606827616691589,-0.2298404425382614,0.0,0.0
7591,1897.5,45.5099983215332,46.99128341674805,127.14965057373047,109.48130798339844,112.73281860351562,0.0004568532749544829,0.05686084181070328,21.013341903686523,0.7406647801399231,-0.2605333626270294,0.0,0.0
7592,1897.75,44.94718933105469,47.08113479614258,126.37798309326172,109.46940612792969,112.68344116210938,0.00045390267041511834,0.05685120075941086,21.01345443725586,0.750673770904541,-0.25760096311569214,0.0,0.0
7593,1898,44.87750244140625,47.071128845214844,128.41287231445312,109.46940612792969,112.88097381591797,0.0004512471205089241,0.05685702711343765,21.01355743408203,0.750673770904541,-0.27319276332855225,0.0,0.0
7594,1898.25,45.06157302856445,46.75537109375,131.4362030029297,109.46940612792969,112.31454467773438,0.0004443539655767381,0.05686226859688759,21.013648986816406,0.7706916928291321,-0.22841019928455353,0.0,0.0
7595,1898.5,44.80973434448242,46.82858657836914,131.11257934570312,109.47337341308594,113.47406005859375,0.0004381501057650894,0.05686698481440544,21.013731002807617,0.7706916928291321,-0.3195194602012634,0.0,0.0
7596,1898.75,44.87107849121094,47.06468963623047,129.55931091308594,109.46411895751953,113.27702331542969,0.00043256665230728686,0.05687123164534569,21.013805389404297,0.750673770904541,-0.30480119585990906,0.0,0.0
7597,1899,44.81330490112305,46.95356369018555,133.6374969482422,109.45442199707031,112.31948852539062,0.0004275415267329663,0.05687505379319191,21.013872146606445,0.750673770904541,-0.2300206422805786,0.0,0.0
7598,1899.25,45.16524887084961,46.964107513427734,127.16262817382812,109.45530700683594,112.38072204589844,0.00042237580055370927,0.05687849223613739,21.013933181762695,0.7606827616691589,-0.23480091989040375,0.0,0.0
7599,1899.5,44.69312286376953,46.63336944580078,128.17091369628906,109.45221710205078,112.96343994140625,0.0004177266382612288,0.05688158795237541,21.013986587524414,0.750673770904541,-0.28109148144721985,0.0,0.0
7600,1899.75,45.23328399658203,47.316551208496094,131.4934539794922,109.44384765625,112.85775756835938,0.00041354240966029465,0.05688437446951866,21.014036178588867,0.750673770904541,-0.27344006299972534,0.0,0.0
7601,1900,45.45347213745117,47.2224006652832,128.34188842773438,109.43194580078125,112.36096954345703,0.00040977660682983696,0.056886881589889526,21.014080047607422,0.7606827616691589,-0.2351359874010086,0.0,0.0
7602,1900.25,45.35890579223633,47.430240631103516,127.8594970703125,109.43106842041016,112.61973571777344,0.0004089603608008474,0.056889139115810394,21.01412010192871,0.7606827616691589,-0.2556851804256439,0.0,0.0
7603,1900.5,45.23506164550781,47.06358337402344,129.74630737304688,109.43547058105469,112.31849670410156,0.00040822572191245854,0.056891169399023056,21.014156341552734,0.73065584897995,-0.2314838171005249,0.0,0.0
7604,1900.75,45.005008697509766,46.94797134399414,131.7117462158203,109.42224884033203,112.09627532958984,0.00040756454109214246,0.0568929985165596,21.014188766479492,0.73065584897995,-0.2149292677640915,0.0,0.0
7605,1901,45.333885192871094,47.36970520019531,127.13285827636719,109.42753601074219,112.2083740234375,0.0004069694841746241,0.05689464509487152,21.014217376708984,0.73065584897995,-0.2233966737985611,0.0,0.0
7606,1901.25,45.3621826171875,46.82594680786133,128.42889404296875,109.41519927978516,113.00492095947266,0.0004122246755287051,0.05689612403512001,21.014244079589844,0.7406647801399231,-0.28737109899520874,0.0,0.0
7607,1901.5,45.23282241821289,47.05985641479492,130.23251342773438,109.41740417480469,112.53923797607422,0.0004169543390162289,0.05689745768904686,21.014266967773438,0.73065584897995,-0.2504314184188843,0.0,0.0
7608,1901.75,45.29266357421875,46.79949188232422,129.24331665039062,109.4019775390625,112.79800415039062,0.00042121103615500033,0.056876905262470245,21.0142879486084,0.73065584897995,-0.27213194966316223,0.0,0.0
7609,1902,45.411712646484375,47.03547668457031,130.8782501220703,109.39713287353516,112.94862365722656,0.00042504206066951156,0.05685840919613838,21.014307022094727,0.7406647801399231,-0.2844052016735077,0.0,0.0
7610,1902.25,45.26731872558594,47.021697998046875,130.55538940429688,109.40682983398438,113.2291259765625,0.0004284899914637208,0.056841760873794556,21.014324188232422,0.750673770904541,-0.3056967854499817,0.0,0.0
7611,1902.5,45.631011962890625,47.24562072753906,130.61338806152344,109.38919830322266,112.29972839355469,0.0004315931291785091,0.05682677775621414,21.014339447021484,0.750673770904541,-0.2337609976530075,0.0,0.0
7612,1902.75,45.198822021484375,47.254112243652344,131.85752868652344,109.38170623779297,111.99454498291016,0.00044339700252749026,0.05681329220533371,21.014352798461914,0.7406647801399231,-0.21014553308486938,0.0,0.0
7613,1903,45.29975891113281,47.49119567871094,125.94215393066406,109.37773895263672,112.73578643798828,0.0004540204827208072,0.05680115520954132,21.01436424255371,0.7406647801399231,-0.26919296383857727,0.0,0.0
7614,1903.25,45.49689483642578,46.95903015136719,132.88414001464844,109.38655090332031,112.91109466552734,0.00046358161489479244,0.05679023265838623,21.014375686645508,0.750673770904541,-0.28230783343315125,0.0,0.0
7615,1903.5,45.542747497558594,47.13066864013672,131.0141143798828,109.37289428710938,113.0320816040039,0.00047218662803061306,0.05678040161728859,21.014385223388672,0.7406647801399231,-0.2929532527923584,0.0,0.0
7616,1903.75,45.532752990722656,47.11191940307617,131.16371154785156,109.35967254638672,112.58171081542969,0.0004741380689665675,0.05679330602288246,21.014394760131836,0.73065584897995,-0.2584885358810425,0.0,0.0
7617,1904,45.109596252441406,47.07463836669922,128.9906768798828,109.35350036621094,111.93331146240234,0.0004758943396154791,0.056804921478033066,21.014402389526367,0.73065584897995,-0.20757293701171875,0.0,0.0
7618,1904.25,45.207786560058594,46.680625915527344,132.16513061523438,109.36848449707031,111.90269470214844,0.0004774749977514148,0.05681537464261055,21.0144100189209,0.7406647801399231,-0.2039179503917694,0.0,0.0
7619,1904.5,44.97739791870117,47.2271614074707,129.75929260253906,109.35702514648438,111.95207214355469,0.0004788975929841399,0.056824781000614166,21.014415740966797,0.73065584897995,-0.20877820253372192,0.0,0.0
7620,1904.75,45.14016342163086,47.00735855102539,128.260986328125,109.36363220214844,112.0434341430664,0.00046345096779987216,0.05683324858546257,21.014421463012695,0.7406647801399231,-0.21550223231315613,0.0,0.0
7621,1905,45.41258239746094,46.96669006347656,129.6425018310547,109.34115600585938,112.13874053955078,0.00044954902841709554,0.05683361738920212,21.014427185058594,0.73065584897995,-0.22490064799785614,0.0,0.0
7622,1905.25,45.61369705200195,47.02086639404297,130.3767852783203,109.35614013671875,112.01824951171875,0.00043703726259991527,0.05683394894003868,21.014432907104492,0.73065584897995,-0.21411070227622986,0.0,0.0
7623,1905.5,45.26144790649414,47.06027603149414,130.0157470703125,109.34864807128906,112.65628051757812,0.00042577667045406997,0.05683424696326256,21.014436721801758,0.73065584897995,-0.2652808427810669,0.0,0.0
7624,1905.75,45.02524948120117,46.82590866088867,129.17996215820312,109.34292602539062,112.63899230957031,0.0003963600902352482,0.05683451518416405,21.014440536499023,0.7406647801399231,-0.26438000798225403,0.0,0.0
7625,1906,45.00575637817383,46.75303649902344,128.40829467773438,109.33719635009766,112.58023071289062,0.00036988515057601035,0.05683475732803345,21.01444435119629,0.750673770904541,-0.26020169258117676,0.0,0.0
7626,1906.25,45.15177917480469,47.26789093017578,129.44024658203125,109.3433609008789,112.12689208984375,0.0003460576990619302,0.05680597200989723,21.014448165893555,0.750673770904541,-0.2237808108329773,0.0,0.0
7627,1906.5,44.72508239746094,47.13533020019531,129.83409118652344,109.33058166503906,111.41626739501953,0.00032461300725117326,0.05678006634116173,21.014450073242188,0.7606827616691589,-0.16822302341461182,0.0,0.0
7628,1906.75,45.47500228881836,47.227622985839844,127.82362365722656,109.3248519897461,111.86515808105469,0.0002905431902036071,0.056756749749183655,21.01445198059082,0.750673770904541,-0.20448367297649384,0.0,0.0
7629,1907,45.122283935546875,46.789390563964844,131.20492553710938,109.32264709472656,112.73578643798828,0.0002598803548607975,0.056721270084381104,21.014453887939453,0.7606827616691589,-0.27367812395095825,0.0,0.0
7630,1907.25,45.38728332519531,47.00663375854492,134.50074768066406,109.3248519897461,112.34170532226562,0.0002598803548607975,0.05668933689594269,21.014453887939453,0.7706916928291321,-0.24232594668865204,0.0,0.0
7631,1907.5,45.32554626464844,47.26505661010742,129.44863891601562,109.32749938964844,112.762451171875,0.00023228379723150283,0.056660596281290054,21.014455795288086,0.7706916928291321,-0.2753881514072418,0.0,0.0
7632,1907.75,45.549583435058594,47.133182525634766,130.78817749023438,109.3072280883789,112.88640594482422,0.00020744689390994608,0.05663473159074783,21.01445770263672,0.7606827616691589,-0.2868192791938782,0.0,0.0
7633,1908,45.034515380859375,47.140445709228516,130.83322143554688,109.3094253540039,113.04936981201172,0.00018445147725287825,0.056633200496435165,21.01445960998535,0.750673770904541,-0.2994821071624756,0.0,0.0
7634,1908.25,45.53421401977539,47.39492416381836,129.6157989501953,109.31648254394531,113.43702697753906,0.00016375559789594263,0.056631822139024734,21.014461517333984,0.7606827616691589,-0.3293808102607727,0.0,0.0
7635,1908.5,45.31966018676758,46.263092041015625,125.70477294921875,109.31648254394531,113.40591430664062,0.00014512930647470057,0.05663058161735535,21.014463424682617,0.750673770904541,-0.3269391655921936,0.0,0.0
7636,1908.75,44.8287353515625,47.13064193725586,130.41876220703125,109.30502319335938,113.59208679199219,0.00012836564565077424,0.05662946775555611,21.01446533203125,0.750673770904541,-0.3424743711948395,0.0,0.0
7637,1909,45.27857208251953,47.08625793457031,127.9778060913086,109.29444122314453,113.49282836914062,0.00011327835090924054,0.056642964482307434,21.014467239379883,0.750673770904541,-0.3355540931224823,0.0,0.0
7638,1909.25,45.430702209472656,47.00703430175781,129.16622924804688,109.30766296386719,112.74517059326172,9.96997841866687e-05,0.05665511265397072,21.014467239379883,0.750673770904541,-0.2756393849849701,0.0,0.0
7639,1909.5,45.86626052856445,47.095333099365234,126.90387725830078,109.29620361328125,112.23553466796875,8.74790785019286e-05,0.056666046380996704,21.014699935913086,0.750673770904541,-0.23624201118946075,0.0,0.0
7640,1909.75,45.16920852661133,47.147483825683594,130.785888671875,109.2913589477539,112.98072814941406,7.648044265806675e-05,0.05667588487267494,21.014909744262695,0.7406647801399231,-0.2955467998981476,0.0,0.0
7641,1910,45.54400634765625,46.926048278808594,128.5250701904297,109.28430938720703,113.36739349365234,6.658166967099532e-05,0.056684739887714386,21.015098571777344,0.7406647801399231,-0.326535165309906,0.0,0.0
7642,1910.25,45.17212677001953,47.22599792480469,133.11846923828125,109.30326080322266,112.20985412597656,8.979434642242268e-05,0.056684739887714386,21.015268325805664,0.7406647801399231,-0.2336297333240509,0.0,0.0
7643,1910.5,45.480098724365234,47.08155822753906,128.0709228515625,109.2900390625,113.01973724365234,,0.056692712008953094,,0.73065584897995,-0.2987270653247833,0.0,0.0
7644,1910.75,44.819007873535156,46.86897659301758,130.86146545410156,109.2732925415039,112.33924102783203,,0.05669988691806793,,0.73065584897995,-0.24633000791072845,0.0,0.0
7645,1911,45.20175552368164,46.93841552734375,130.640869140625,109.27989959716797,112.25972747802734,,0.05670634284615517,,0.73065584897995,-0.2394884079694748,0.0,0.0
7646,1911.25,45.30350112915039,47.21046447753906,130.00888061523438,109.27725219726562,111.98812103271484,,0.05671215429902077,,0.7406647801399231,-0.21814018487930298,0.0,0.0
7647,1911.5,45.282596588134766,46.95838928222656,129.5142822265625,109.27372741699219,112.79652404785156,,0.05671738460659981,,0.7406647801399231,-0.28245681524276733,0.0,0.0
7648,1911.75,45.2436637878418,47.08699035644531,127.85263061523438,109.26712036132812,112.44985961914062,,0.056743841618299484,,0.750673770904541,-0.2555939853191376,0.0,0.0
7649,1912,45.28981399536133,47.340511322021484,133.2360076904297,109.26403045654297,112.2063980102539,,0.05676765367388725,,0.750673770904541,-0.23655149340629578,0.0,0.0
7650,1912.25,45.192100524902344,47.15700912475586,131.43849182128906,109.2649154663086,112.54220581054688,,0.056789085268974304,,0.73065584897995,-0.2630814015865326,0.0,0.0
7651,1912.5,45.49205017089844,47.20462417602539,128.60446166992188,109.26315307617188,112.79208374023438,,0.05680837109684944,,0.73065584897995,-0.28296783566474915,0.0,0.0
7652,1912.75,45.23084259033203,47.140869140625,134.54197692871094,109.24993133544922,112.78565979003906,,0.056825730949640274,,0.7406647801399231,-0.2835386097431183,0.0,0.0
7653,1913,44.911720275878906,47.3512077331543,132.74598693847656,109.2490463256836,113.56246185302734,,0.05684135481715202,,0.750673770904541,-0.3447123169898987,0.0,0.0
7654,1913.25,45.06080627441406,47.09853744506836,129.75929260253906,109.25962829589844,112.11405181884766,,0.05685541406273842,,0.7606827616691589,-0.22958071529865265,0.0,0.0
7655,1913.5,45.08958435058594,47.08427429199219,133.46881103515625,109.2494888305664,112.39207458496094,,,,0.7606827616691589,-0.2524546980857849,0.0,0.0
7656,1913.75,45.052490234375,46.392032623291016,131.3644561767578,109.22789764404297,112.66812896728516,,,,0.7406647801399231,-0.2760525643825531,0.0,0.0
7657,1914,45.4809684753418,47.08242416381836,133.97256469726562,109.22833251953125,111.98763275146484,,,,0.750673770904541,-0.22208714485168457,0.0,0.0
7658,1914.25,44.833927154541016,46.917911529541016,128.5014190673828,109.22745513916016,111.88738250732422,,,,0.7406647801399231,-0.21418625116348267,0.0,0.0
7659,1914.5,45.16074752807617,46.885581970214844,129.7600555419922,109.22216796875,112.9688720703125,,,,0.750673770904541,-0.3002498745918274,0.0,0.0
7660,1914.75,44.78640365600586,47.18167495727539,134.7495880126953,109.22216796875,112.29627227783203,,,,0.750673770904541,-0.2470899224281311,0.0,0.0
7661,1915,44.984825134277344,46.668373107910156,127.61296081542969,109.21115112304688,112.12738800048828,,,,0.7606827616691589,-0.23459011316299438,0.0,0.0
7662,1915.25,45.099761962890625,46.77427673339844,132.9589385986328,109.21158599853516,112.30615234375,,,,0.750673770904541,-0.2487359642982483,0.0,0.0
7663,1915.5,45.23660659790039,47.05171585083008,130.35159301757812,109.20674133300781,112.36886596679688,,,,0.7406647801399231,-0.25410065054893494,0.0,0.0
7664,1915.75,45.25020217895508,46.97787094116211,130.49356079101562,109.22084045410156,112.89529418945312,,,,0.73065584897995,-0.29455840587615967,0.0,0.0
7665,1916,45.287742614746094,46.84938049316406,134.77857971191406,109.2234878540039,112.40491485595703,,,,0.7406647801399231,-0.2555907070636749,0.0,0.0
7666,1916.25,45.55602264404297,46.98393630981445,131.5629119873047,109.22877502441406,112.32145690917969,,,,0.7406647801399231,-0.24854770302772522,0.0,0.0
7667,1916.5,44.82373809814453,46.73281478881836,131.4270477294922,109.21820068359375,112.45034790039062,,,,0.750673770904541,-0.2596193552017212,0.0,0.0
7668,1916.75,45.27421951293945,47.10112380981445,131.50718688964844,109.21688079833984,112.46862030029297,,,,0.750673770904541,-0.26117315888404846,0.0,0.0
7669,1917,44.777828216552734,47.19233322143555,128.2579345703125,109.24728393554688,112.37825012207031,,,,0.7406647801399231,-0.25153931975364685,0.0,0.0
7670,1917.25,44.8028564453125,46.963905334472656,125.11170959472656,109.23406219482422,112.37380981445312,,,,0.7406647801399231,-0.2522653043270111,0.0,0.0
7671,1917.5,45.11492156982422,46.82199478149414,133.0306854248047,109.22745513916016,111.52984619140625,,,,0.7406647801399231,-0.18569420278072357,0.0,0.0
7672,1917.75,45.126731872558594,46.70038604736328,128.98609924316406,109.2389144897461,112.7752914428711,,,,0.7406647801399231,-0.2836174964904785,0.0,0.0
7673,1918,45.48099136352539,46.80672073364258,131.5117645263672,109.2301025390625,112.3910903930664,,,,0.7606827616691589,-0.25395649671554565,0.0,0.0
7674,1918.25,45.30575942993164,47.033329010009766,129.87911987304688,109.2322998046875,112.7861557006836,,,,0.7706916928291321,-0.28501445055007935,0.0,0.0
7675,1918.5,45.41630172729492,46.89625930786133,132.13536071777344,109.22921752929688,112.43158721923828,,,,0.7606827616691589,-0.257236123085022,0.0,0.0
7676,1918.75,45.11210250854492,46.854740142822266,128.06253051757812,109.22613525390625,112.50862121582031,,,,0.7406647801399231,-0.2635841965675354,0.0,0.0
7677,1919,44.49734878540039,46.8086051940918,130.30197143554688,109.23538970947266,112.29183197021484,,,,0.7606827616691589,-0.2456607222557068,0.0,0.0
7678,1919.25,45.25511169433594,46.933834075927734,126.0993881225586,109.23186492919922,112.04936218261719,,,,0.750673770904541,-0.22670476138591766,0.0,0.0
7679,1919.5,45.237640380859375,46.619998931884766,131.21485900878906,109.21688079833984,112.0325698852539,,,,0.750673770904541,-0.22659212350845337,0.0,0.0
7680,1919.75,45.25119400024414,46.8988037109375,132.08651733398438,109.2234878540039,112.39207458496094,,,,0.750673770904541,-0.2545740008354187,0.0,0.0
7681,1920,45.21489715576172,47.001861572265625,130.51187133789062,109.23538970947266,112.82319641113281,,,,0.750673770904541,-0.28768569231033325,0.0,0.0
7682,1920.25,44.976173400878906,46.64337921142578,128.30906677246094,109.23362731933594,112.61627960205078,,,,0.750673770904541,-0.2714880704879761,0.0,0.0
7683,1920.5,44.9427604675293,46.5937385559082,130.99349975585938,109.23715209960938,112.43948364257812,,,,0.7406647801399231,-0.2572143077850342,0.0,0.0
7684,1920.75,44.9405632019043,47.0020866394043,129.5646514892578,109.23538970947266,113.2508544921875,,,,0.7606827616691589,-0.3213648796081543,0.0,0.0
7685,1921,45.10026550292969,47.08302307128906,128.0999298095703,109.23538970947266,113.43505096435547,,,,0.750673770904541,-0.33583179116249084,0.0,0.0
7686,1921.25,45.17351531982422,47.12205505371094,130.51417541503906,109.24420166015625,112.70121765136719,,,,0.750673770904541,-0.2773377597332001,0.0,0.0
